     9      9     20
d_kernel   u_kernel

9.6092e-16 0.4794
3.4741e-16 0.3701
3.7575e-16 0.3069
1.4169e-16 0.4341
6.4513e-16 0.3512
7.8639e-16 0.2922
2.6743e-15 0.3660
3.8177e-15 0.4420
1.4078e-15 0.3249
2.0170e-15 0.4939
8.0111e-16 0.3476
4.4999e-16 0.3264
8.1689e-16 0.3619
4.8182e-15 0.3151
2.0139e-14 0.2006
3.2571e-14 0.1469
4.1237e-14 0.1388
3.4802e-14 0.1464
1.8663e-15 0.4925
1.7881e-15 0.4879
1.2955e-15 0.2825
7.5562e-15 0.3116
3.3514e-14 0.1485
1.1602e-13 0.0822
1.6859e-13 0.0683
1.9130e-13 0.0648
1.7322e-13 0.0661
3.6135e-16 0.3156
0.0000e+00 1.0000
8.2153e-15 0.3100
3.9852e-14 0.1391
1.2284e-13 0.0820
3.0870e-13 0.0513
3.9646e-13 0.0456
4.3946e-13 0.0425
3.9776e-13 0.0449
6.7453e-16 0.3219
1.1446e-15 0.3270
1.3618e-14 0.2350
1.0940e-13 0.0863
2.7440e-13 0.0527
4.5896e-13 0.0417
5.6963e-13 0.0370
6.8009e-13 0.0343
5.4731e-13 0.0378
7.2006e-16 0.3250
1.9268e-15 0.3883
3.5956e-14 0.1414
1.7930e-13 0.0662
4.0847e-13 0.0445
5.6806e-13 0.0372
1.3489e-12 0.0239
4.2300e-12 0.0127
1.3174e-12 0.0244
4.3236e-16 0.3592
1.2126e-15 0.2832
3.4273e-14 0.1560
2.0413e-13 0.0631
4.5100e-13 0.0419
6.8672e-13 0.0344
4.1204e-12 0.0128
1.2172e-09 0.0002
4.2725e-12 0.0127
8.0725e-16 0.4377
7.1386e-16 0.3079
2.2641e-14 0.1657
1.6895e-13 0.0707
3.7106e-13 0.0469
5.4825e-13 0.0383
1.3434e-12 0.0241
4.2748e-12 0.0126
1.3479e-12 0.0243
6.9482e-16 0.4713
1.2457e-15 0.4343
1.6679e-14 0.1938
1.0390e-13 0.0879
2.6578e-13 0.0534
4.2973e-13 0.0431
6.3786e-13 0.0361
6.6720e-13 0.0341
5.8336e-13 0.0371
7.5670e-16 0.4150
0.0000e+00 1.0000
6.3402e-16 0.2570
4.2243e-16 0.3138
3.5402e-16 0.2928
1.3112e-15 0.3812
0.0000e+00 1.0000
9.3098e-16 0.2618
1.6252e-15 0.4008
0.0000e+00 1.0000
6.8910e-16 0.4421
3.7460e-16 0.3383
6.6851e-16 0.2413
7.1045e-15 0.2624
1.9626e-14 0.1739
5.0406e-14 0.1240
5.2251e-14 0.1141
4.9313e-14 0.1213
9.1378e-16 0.2562
0.0000e+00 1.0000
0.0000e+00 1.0000
8.9979e-15 0.3035
6.0609e-14 0.1112
1.9308e-13 0.0661
3.0072e-13 0.0528
3.4893e-13 0.0478
3.0142e-13 0.0527
1.6030e-15 0.3628
1.0246e-15 0.3391
6.1235e-15 0.2746
5.6436e-14 0.1150
2.2437e-13 0.0599
5.0770e-13 0.0399
7.2869e-13 0.0336
7.4511e-13 0.0326
7.0769e-13 0.0338
7.8845e-16 0.2769
1.1632e-15 0.3044
2.2196e-14 0.1809
1.5860e-13 0.0704
5.0578e-13 0.0398
8.1596e-13 0.0313
1.1978e-12 0.0261
1.4043e-12 0.0240
1.1410e-12 0.0269
8.7213e-16 0.2802
2.2004e-15 0.2702
5.2002e-14 0.1134
3.1011e-13 0.0510
7.6208e-13 0.0331
1.1961e-12 0.0263
3.5529e-12 0.0148
1.2997e-11 0.0070
3.5198e-12 0.0149
6.3765e-16 0.2987
3.5524e-15 0.3961
4.6992e-14 0.1280
3.1571e-13 0.0503
7.6248e-13 0.0329
1.3766e-12 0.0240
1.2772e-11 0.0070
1.2329e-09 0.0002
1.2978e-11 0.0070
0.0000e+00 1.0000
2.9582e-15 0.3533
4.1168e-14 0.1367
2.6974e-13 0.0541
6.4773e-13 0.0351
1.1257e-12 0.0269
3.4480e-12 0.0149
1.3158e-11 0.0070
3.5362e-12 0.0149
0.0000e+00 1.0000
2.5733e-15 0.4804
2.3569e-14 0.1712
1.8771e-13 0.0670
4.9003e-13 0.0413
7.8001e-13 0.0320
1.1524e-12 0.0263
1.4148e-12 0.0242
1.1273e-12 0.0266
6.9696e-16 0.4509
5.0005e-16 0.3755
1.0200e-15 0.4887
1.7768e-15 0.4810
7.1294e-16 0.4074
1.8074e-15 0.3739
1.7323e-15 0.3201
2.4356e-15 0.3958
2.7127e-15 0.3265
1.2407e-15 0.3304
7.1001e-16 0.3006
1.1102e-15 0.3491
7.4339e-16 0.3108
5.5467e-15 0.3767
2.0877e-14 0.1577
6.7756e-14 0.1046
7.6422e-14 0.0951
6.4377e-14 0.1075
5.2407e-16 0.3393
1.1386e-15 0.3308
1.7059e-15 0.4448
9.5697e-15 0.2591
7.5964e-14 0.0987
2.5589e-13 0.0558
4.7638e-13 0.0416
5.4991e-13 0.0380
4.4160e-13 0.0430
7.6314e-16 0.2900
9.5470e-16 0.2515
5.7869e-15 0.2636
7.5534e-14 0.1020
3.6930e-13 0.0458
8.5638e-13 0.0309
1.2744e-12 0.0253
1.4028e-12 0.0243
1.2098e-12 0.0261
7.8461e-16 0.2862
1.2746e-15 0.2493
2.3909e-14 0.1578
2.3444e-13 0.0578
8.7249e-13 0.0307
1.5328e-12 0.0228
2.4090e-12 0.0186
3.0324e-12 0.0165
2.3407e-12 0.0188
1.1739e-15 0.4444
3.8747e-15 0.3719
6.9349e-14 0.1082
4.8197e-13 0.0411
1.2188e-12 0.0259
2.3759e-12 0.0186
9.2297e-12 0.0090
4.1098e-11 0.0037
9.1482e-12 0.0090
9.2504e-16 0.3025
2.6132e-15 0.4139
7.3940e-14 0.1027
5.5506e-13 0.0388
1.3589e-12 0.0246
2.8882e-12 0.0166
4.1021e-11 0.0037
1.1523e-09 0.0003
4.1082e-11 0.0037
9.5077e-16 0.4012
3.7186e-15 0.3863
5.0956e-14 0.1224
4.3218e-13 0.0435
1.2251e-12 0.0261
2.3065e-12 0.0188
9.2829e-12 0.0090
4.1470e-11 0.0037
9.2618e-12 0.0089
0.0000e+00 1.0000
1.6707e-15 0.2468
1.5577e-14 0.2025
2.4825e-13 0.0576
8.4565e-13 0.0312
1.5064e-12 0.0233
2.3396e-12 0.0186
3.0244e-12 0.0164
2.3968e-12 0.0187
5.5413e-16 0.4940
0.0000e+00 1.0000
0.0000e+00 1.0000
0.0000e+00 1.0000
8.6963e-16 0.3200
1.3605e-15 0.2197
4.0944e-15 0.3285
4.0622e-15 0.3074
1.9904e-15 0.3261
6.0687e-16 0.4275
7.6628e-16 0.2619
7.9902e-16 0.2904
0.0000e+00 1.0000
6.1683e-15 0.3507
3.8270e-14 0.1389
8.5671e-14 0.0886
9.4401e-14 0.0889
8.0253e-14 0.0946
6.5722e-16 0.3206
1.7529e-15 0.2908
1.3918e-15 0.4162
1.1927e-14 0.2208
1.0443e-13 0.0849
3.4795e-13 0.0463
7.0901e-13 0.0343
7.8925e-13 0.0317
6.4993e-13 0.0348
1.1252e-15 0.4049
1.2573e-15 0.2645
5.4329e-15 0.2712
1.0174e-13 0.0844
5.6454e-13 0.0384
1.4017e-12 0.0244
2.1742e-12 0.0196
2.4831e-12 0.0182
2.2062e-12 0.0195
3.4347e-16 0.3469
1.3229e-15 0.2347
1.9975e-14 0.1598
3.5447e-13 0.0491
1.4111e-12 0.0243
2.7990e-12 0.0172
4.7860e-12 0.0132
6.3230e-12 0.0113
4.6860e-12 0.0133
8.2317e-16 0.2825
1.3389e-15 0.3443
7.5328e-14 0.0969
6.3998e-13 0.0354
2.1442e-12 0.0198
4.7560e-12 0.0132
2.2812e-11 0.0056
9.2112e-11 0.0025
2.2849e-11 0.0055
1.0412e-15 0.3222
3.5766e-15 0.3319
1.0413e-13 0.0866
8.4407e-13 0.0311
2.5409e-12 0.0181
6.2239e-12 0.0113
9.2238e-11 0.0025
9.3469e-10 0.0004
9.2023e-11 0.0025
9.4871e-16 0.3230
1.8732e-15 0.4634
7.9106e-14 0.0960
6.8709e-13 0.0349
2.1666e-12 0.0195
4.6913e-12 0.0132
2.2924e-11 0.0055
9.2308e-11 0.0024
2.3116e-11 0.0055
2.0052e-15 0.4450
2.2203e-15 0.2718
2.7752e-14 0.1546
3.5710e-13 0.0473
1.4505e-12 0.0240
2.7878e-12 0.0171
4.9021e-12 0.0130
6.4921e-12 0.0111
4.8371e-12 0.0131
4.7483e-16 0.3980
3.5475e-16 0.4057
1.9447e-15 0.3627
9.1391e-16 0.3585
1.4734e-15 0.4110
1.7356e-15 0.2771
2.6427e-15 0.2898
2.0099e-15 0.4141
2.1264e-15 0.3264
8.5176e-16 0.4130
2.7358e-15 0.4875
0.0000e+00 1.0000
0.0000e+00 1.0000
5.5385e-15 0.3622
2.6800e-14 0.1539
9.1988e-14 0.0870
1.1738e-13 0.0747
6.7792e-14 0.0974
2.3750e-16 0.3099
1.0323e-15 0.3767
8.1564e-16 0.3704
8.8278e-15 0.2469
1.1533e-13 0.0807
4.9065e-13 0.0397
9.6991e-13 0.0294
1.2163e-12 0.0263
9.6097e-13 0.0292
8.3390e-16 0.3038
7.5673e-16 0.2647
5.4862e-15 0.2926
1.0942e-13 0.0797
7.7716e-13 0.0326
2.1784e-12 0.0198
3.5981e-12 0.0153
4.2650e-12 0.0141
3.5665e-12 0.0153
2.7261e-15 0.4176
0.0000e+00 1.0000
2.3763e-14 0.1826
4.3431e-13 0.0430
2.1075e-12 0.0198
4.8630e-12 0.0132
9.2072e-12 0.0094
1.2826e-11 0.0078
9.2440e-12 0.0095
1.1371e-15 0.3766
2.9965e-15 0.3572
6.6887e-14 0.1035
9.1156e-13 0.0297
3.4813e-12 0.0155
9.2597e-12 0.0094
4.4202e-11 0.0039
1.3467e-10 0.0020
4.4382e-11 0.0039
0.0000e+00 1.0000
2.5473e-15 0.3931
1.1082e-13 0.0797
1.2628e-12 0.0257
4.1882e-12 0.0142
1.2819e-11 0.0078
1.3525e-10 0.0020
6.8046e-10 0.0006
1.3497e-10 0.0020
1.2309e-15 0.3036
2.5065e-15 0.3263
8.0983e-14 0.0903
9.3631e-13 0.0297
3.5971e-12 0.0153
9.2724e-12 0.0094
4.4445e-11 0.0039
1.3530e-10 0.0020
4.4437e-11 0.0039
1.4390e-15 0.3503
1.2650e-15 0.2971
2.9233e-14 0.1418
4.7236e-13 0.0415
2.1118e-12 0.0199
5.0094e-12 0.0130
9.3532e-12 0.0094
1.2910e-11 0.0078
9.4784e-12 0.0093
8.0432e-16 0.4168
1.1104e-15 0.4510
9.5797e-16 0.3625
9.2601e-16 0.3434
1.9401e-15 0.3775
3.2553e-15 0.4051
1.8297e-15 0.2363
2.5396e-15 0.3214
1.1033e-15 0.2355
1.0755e-15 0.3758
4.6164e-16 0.2967
3.5008e-15 0.4473
1.5353e-15 0.2806
2.6639e-15 0.3347
2.6506e-14 0.1485
7.3309e-14 0.0979
1.2146e-13 0.0751
8.9075e-14 0.0873
9.1936e-16 0.3074
1.6300e-15 0.2841
2.0800e-15 0.2682
6.8932e-15 0.2347
1.1077e-13 0.0793
5.5479e-13 0.0375
1.2288e-12 0.0255
1.5347e-12 0.0230
1.2936e-12 0.0251
1.6790e-15 0.2938
1.0003e-15 0.3104
4.1446e-15 0.2232
1.2786e-13 0.0753
9.8337e-13 0.0291
3.0568e-12 0.0167
5.5575e-12 0.0124
6.6332e-12 0.0113
5.5058e-12 0.0125
0.0000e+00 1.0000
2.7011e-15 0.3627
2.2607e-14 0.1615
5.3086e-13 0.0392
3.1045e-12 0.0165
7.8073e-12 0.0104
1.5974e-11 0.0071
2.2065e-11 0.0059
1.5716e-11 0.0072
1.2718e-15 0.2871
1.5980e-15 0.3069
6.6593e-14 0.0993
1.2432e-12 0.0258
5.4583e-12 0.0124
1.5961e-11 0.0071
6.4880e-11 0.0032
1.5122e-10 0.0019
6.4965e-11 0.0032
0.0000e+00 1.0000
1.4067e-15 0.4257
1.0567e-13 0.0811
1.5849e-12 0.0228
6.5620e-12 0.0113
2.2152e-11 0.0059
1.5195e-10 0.0019
4.7423e-10 0.0009
1.5138e-10 0.0019
6.7294e-16 0.2777
2.6937e-15 0.4585
8.5931e-14 0.0862
1.2541e-12 0.0256
5.4707e-12 0.0125
1.5913e-11 0.0071
6.5081e-11 0.0032
1.5131e-10 0.0019
6.4846e-11 0.0032
4.7304e-16 0.3120
2.7016e-15 0.3988
3.2447e-14 0.1394
5.3283e-13 0.0379
3.0060e-12 0.0167
8.1901e-12 0.0102
1.6016e-11 0.0071
2.2394e-11 0.0059
1.6116e-11 0.0071
7.4920e-16 0.4105
9.6922e-16 0.4422
0.0000e+00 1.0000
1.5144e-15 0.3345
3.0345e-15 0.4120
1.5772e-15 0.2163
2.8248e-15 0.2627
2.8098e-15 0.2418
2.6211e-15 0.2646
7.5306e-16 0.3601
1.6743e-15 0.4692
1.7065e-15 0.3342
1.9770e-15 0.3793
3.0599e-15 0.2211
1.9283e-14 0.1687
7.0449e-14 0.0893
9.8868e-14 0.0802
7.5847e-14 0.0904
6.3007e-16 0.3150
9.1499e-16 0.3544
1.4250e-15 0.2933
8.2309e-15 0.2500
9.0663e-14 0.0834
5.5587e-13 0.0366
1.4446e-12 0.0236
1.8392e-12 0.0208
1.3465e-12 0.0240
1.0902e-15 0.3098
1.2861e-15 0.3097
4.4797e-15 0.2603
9.7603e-14 0.0816
1.0990e-12 0.0273
3.8958e-12 0.0147
7.3718e-12 0.0107
9.1679e-12 0.0096
7.3110e-12 0.0107
1.0628e-15 0.2944
1.7793e-15 0.3393
1.8638e-14 0.1838
5.6703e-13 0.0363
3.9061e-12 0.0147
1.1422e-11 0.0086
2.3130e-11 0.0059
3.1622e-11 0.0049
2.2932e-11 0.0059
7.4809e-16 0.3002
1.3485e-15 0.2553
6.9494e-14 0.0956
1.3747e-12 0.0241
7.4564e-12 0.0107
2.3380e-11 0.0058
7.6962e-11 0.0029
1.4536e-10 0.0019
7.7256e-11 0.0029
2.2404e-15 0.2960
1.9420e-15 0.2453
1.0227e-13 0.0799
1.8314e-12 0.0210
9.1358e-12 0.0096
3.1832e-11 0.0049
1.4655e-10 0.0019
3.3050e-10 0.0011
1.4554e-10 0.0019
1.1266e-15 0.3503
2.1570e-15 0.3685
6.2573e-14 0.0960
1.3931e-12 0.0240
7.3925e-12 0.0107
2.3296e-11 0.0058
7.7208e-11 0.0029
1.4575e-10 0.0019
7.7094e-11 0.0029
2.0578e-15 0.4145
1.6322e-15 0.2230
1.7498e-14 0.1621
5.7455e-13 0.0365
3.8006e-12 0.0149
1.1276e-11 0.0086
2.3283e-11 0.0058
3.1881e-11 0.0049
2.3407e-11 0.0059
6.0964e-16 0.2982
9.1280e-16 0.4033
0.0000e+00 1.0000
1.7708e-15 0.3230
1.8922e-15 0.2943
2.1496e-15 0.2519
3.8304e-15 0.3771
3.3972e-15 0.3909
1.9603e-15 0.3220
6.4990e-16 0.4123
7.0666e-16 0.3378
1.7288e-15 0.2786
3.8758e-15 0.3033
2.4315e-15 0.2313
1.2067e-14 0.2016
4.8866e-14 0.1096
7.1283e-14 0.0918
4.4170e-14 0.1179
2.4004e-15 0.4469
1.1430e-15 0.2808
1.7826e-15 0.2367
5.4358e-15 0.2448
6.5557e-14 0.0926
4.6362e-13 0.0389
1.3566e-12 0.0240
1.8920e-12 0.0203
1.3336e-12 0.0239
1.5618e-15 0.2794
1.0177e-15 0.2823
2.4774e-15 0.2234
7.3642e-14 0.0906
1.0230e-12 0.0273
4.2228e-12 0.0140
8.6028e-12 0.0099
1.0972e-11 0.0087
8.6641e-12 0.0098
1.8014e-15 0.4311
1.9918e-15 0.3086
1.0671e-14 0.1884
5.0200e-13 0.0379
4.1733e-12 0.0141
1.4041e-11 0.0077
2.8654e-11 0.0052
3.8364e-11 0.0044
2.8739e-11 0.0052
4.9624e-16 0.3021
1.6471e-15 0.2360
3.5667e-14 0.1231
1.3630e-12 0.0238
8.7448e-12 0.0098
2.8857e-11 0.0052
7.9732e-11 0.0029
1.2902e-10 0.0021
7.9930e-11 0.0029
2.3567e-15 0.4165
3.3005e-15 0.2389
7.0490e-14 0.0947
1.8522e-12 0.0207
1.1011e-11 0.0087
3.8414e-11 0.0044
1.2946e-10 0.0021
2.3415e-10 0.0014
1.2919e-10 0.0021
1.1022e-15 0.3037
1.7897e-15 0.2741
4.2389e-14 0.1088
1.3418e-12 0.0241
8.7230e-12 0.0098
2.8856e-11 0.0052
7.9911e-11 0.0029
1.2925e-10 0.0021
7.9666e-11 0.0029
1.4546e-15 0.3111
3.8021e-15 0.3379
1.5396e-14 0.1731
5.2507e-13 0.0370
4.2382e-12 0.0139
1.3962e-11 0.0077
2.9074e-11 0.0052
3.8230e-11 0.0044
2.8659e-11 0.0052
6.7372e-16 0.3432
4.9179e-16 0.3474
1.6909e-15 0.2856
2.3509e-15 0.2832
1.5127e-15 0.2654
1.7030e-15 0.3613
2.1816e-15 0.2367
2.7810e-15 0.3836
2.9719e-15 0.4202
0.0000e+00 1.0000
0.0000e+00 1.0000
1.2467e-15 0.3166
4.1542e-15 0.3633
2.5266e-15 0.2186
9.1629e-15 0.1947
2.7103e-14 0.1354
4.2530e-14 0.1144
1.7843e-14 0.1674
1.4441e-15 0.3494
1.3452e-15 0.2711
1.5974e-15 0.3384
2.8172e-15 0.4197
3.8953e-14 0.1217
3.5154e-13 0.0438
1.0290e-12 0.0266
1.5608e-12 0.0220
1.1073e-12 0.0257
1.4666e-15 0.3484
2.9246e-15 0.2721
2.3107e-15 0.2436
4.2697e-14 0.1212
7.8098e-13 0.0305
3.8435e-12 0.0143
8.9789e-12 0.0096
1.1368e-11 0.0085
8.7821e-12 0.0096
8.1707e-16 0.2901
2.7387e-15 0.3750
7.3987e-15 0.2069
3.6528e-13 0.0435
3.9375e-12 0.0142
1.4586e-11 0.0075
3.0918e-11 0.0050
4.0510e-11 0.0043
3.1018e-11 0.0050
1.4172e-15 0.4200
1.4776e-15 0.2897
2.3533e-14 0.1506
1.1153e-12 0.0259
8.7985e-12 0.0096
3.0928e-11 0.0050
7.4660e-11 0.0030
1.0882e-10 0.0023
7.4912e-11 0.0030
2.3213e-15 0.2928
4.0795e-15 0.3058
3.8529e-14 0.1244
1.5133e-12 0.0220
1.1431e-11 0.0084
4.0333e-11 0.0043
1.0896e-10 0.0023
1.6997e-10 0.0017
1.0899e-10 0.0023
1.9302e-15 0.3905
1.8601e-15 0.2393
1.7023e-14 0.1633
1.1411e-12 0.0253
8.9115e-12 0.0095
3.0987e-11 0.0050
7.5297e-11 0.0030
1.0918e-10 0.0023
7.5033e-11 0.0030
1.9901e-15 0.2770
3.0777e-15 0.2358
6.4713e-15 0.2468
3.5904e-13 0.0444
3.9278e-12 0.0142
1.4799e-11 0.0074
3.0964e-11 0.0050
4.0425e-11 0.0043
3.0945e-11 0.0050
4.1960e-16 0.3112
9.7395e-16 0.4304
8.0810e-16 0.4013
2.0206e-15 0.4890
3.3190e-15 0.1960
2.8726e-15 0.2742
4.6741e-15 0.2823
2.3895e-15 0.2987
2.1127e-15 0.2388
1.1458e-15 0.3776
0.0000e+00 1.0000
1.4961e-15 0.2759
3.0911e-15 0.3046
4.2865e-15 0.3141
9.3189e-15 0.2340
1.4935e-14 0.1764
1.2054e-14 0.1767
7.4963e-15 0.2050
1.5543e-15 0.3638
1.5886e-15 0.2602
2.4101e-15 0.2435
5.6015e-15 0.2862
1.7620e-14 0.1694
1.7714e-13 0.0581
6.8734e-13 0.0317
1.0082e-12 0.0266
6.6907e-13 0.0314
2.2035e-15 0.2728
2.5678e-15 0.3357
3.6191e-15 0.2728
1.7667e-14 0.1587
4.5075e-13 0.0387
2.9608e-12 0.0160
7.5518e-12 0.0102
9.9557e-12 0.0089
7.5081e-12 0.0102
1.3350e-15 0.3309
2.0240e-15 0.2572
5.0113e-15 0.2380
1.8360e-13 0.0566
2.9141e-12 0.0161
1.3144e-11 0.0078
2.8902e-11 0.0052
3.7452e-11 0.0045
2.9071e-11 0.0052
1.6700e-15 0.2910
1.6733e-15 0.3124
1.0035e-14 0.2103
7.1837e-13 0.0309
7.5137e-12 0.0103
2.8831e-11 0.0052
6.5322e-11 0.0032
8.8779e-11 0.0027
6.5614e-11 0.0032
3.1197e-15 0.4560
3.1102e-15 0.3198
1.4946e-14 0.1786
9.7770e-13 0.0265
1.0106e-11 0.0089
3.7880e-11 0.0045
8.8871e-11 0.0027
1.2559e-10 0.0021
8.8919e-11 0.0027
1.1614e-15 0.2257
2.0708e-15 0.2662
1.0060e-14 0.2045
6.5529e-13 0.0317
7.5942e-12 0.0102
2.9153e-11 0.0051
6.5842e-11 0.0032
8.8658e-11 0.0027
6.5425e-11 0.0032
1.6360e-15 0.2390
3.3295e-15 0.4405
4.2316e-15 0.2522
1.7005e-13 0.0592
2.9350e-12 0.0160
1.3282e-11 0.0077
2.9027e-11 0.0052
3.7622e-11 0.0045
2.9023e-11 0.0052
3.6061e-16 0.4386
1.1581e-15 0.3436
0.0000e+00 1.0000
2.9841e-15 0.2368
2.7300e-15 0.3885
4.2618e-15 0.2726
2.6780e-15 0.2654
4.7601e-15 0.2826
4.0446e-15 0.3309
7.7827e-16 0.2999
1.0114e-15 0.2214
1.8650e-15 0.2428
4.4732e-15 0.3768
4.1303e-15 0.2248
6.7635e-15 0.2254
9.0957e-15 0.2588
9.6181e-15 0.2228
5.5602e-15 0.2649
1.8030e-15 0.4225
1.7159e-15 0.4467
1.2242e-15 0.2462
4.4397e-15 0.2683
7.4275e-15 0.1867
6.1590e-14 0.0909
3.0370e-13 0.0448
4.5441e-13 0.0369
3.0440e-13 0.0441
0.0000e+00 1.0000
1.9958e-15 0.3453
3.9435e-15 0.2661
7.0582e-15 0.2281
1.8311e-13 0.0558
1.6729e-12 0.0205
5.0182e-12 0.0122
7.1379e-12 0.0103
5.1017e-12 0.0121
1.2174e-15 0.3203
2.2248e-15 0.2625
4.4345e-15 0.2825
5.8930e-14 0.0944
1.7142e-12 0.0203
9.6451e-12 0.0089
2.3078e-11 0.0057
3.0396e-11 0.0050
2.3258e-11 0.0057
6.8914e-16 0.2288
1.7598e-15 0.2357
7.2441e-15 0.2524
2.8580e-13 0.0458
5.0406e-12 0.0121
2.3300e-11 0.0057
5.2201e-11 0.0037
6.9306e-11 0.0031
5.2354e-11 0.0037
2.3338e-15 0.2907
3.7360e-15 0.3407
7.1726e-15 0.2467
4.8366e-13 0.0360
7.0948e-12 0.0103
3.0666e-11 0.0050
6.8910e-11 0.0031
9.1965e-11 0.0026
6.9122e-11 0.0031
1.2404e-15 0.2346
2.0822e-15 0.2535
3.3463e-15 0.2281
3.0297e-13 0.0439
5.0987e-12 0.0121
2.3273e-11 0.0057
5.2710e-11 0.0037
6.9095e-11 0.0031
5.2443e-11 0.0037
2.2731e-15 0.3122
2.8993e-15 0.3097
4.0377e-15 0.2938
6.8397e-14 0.0885
1.6951e-12 0.0204
9.7849e-12 0.0089
2.3355e-11 0.0057
3.0507e-11 0.0050
2.3389e-11 0.0057
7.7307e-16 0.2688
1.1917e-15 0.2539
1.0181e-15 0.3838
2.6204e-15 0.2706
2.2915e-15 0.3919
3.3912e-15 0.2527
2.9621e-15 0.2159
5.5851e-15 0.3745
4.4701e-15 0.3054
0.0000e+00 1.0000
1.3461e-15 0.2470
2.3279e-15 0.2678
3.6394e-15 0.2528
3.2240e-15 0.2181
7.0696e-15 0.3171
8.3847e-15 0.2113
8.1783e-15 0.1825
8.1431e-15 0.2334
1.4495e-15 0.3326
2.2902e-15 0.3169
2.0013e-15 0.2381
3.9047e-15 0.2002
6.2411e-15 0.2304
1.5167e-14 0.1550
7.8138e-14 0.0809
1.4126e-13 0.0634
7.5754e-14 0.0787
1.6641e-15 0.2884
4.0989e-15 0.3684
3.7804e-15 0.1931
3.9841e-15 0.2646
5.4924e-14 0.0976
6.7109e-13 0.0307
2.4678e-12 0.0167
3.7690e-12 0.0137
2.4976e-12 0.0166
7.5432e-16 0.2809
1.2611e-15 0.2007
4.4492e-15 0.3255
1.5377e-14 0.1531
6.7989e-13 0.0309
5.4350e-12 0.0115
1.5044e-11 0.0070
2.0586e-11 0.0060
1.5277e-11 0.0070
1.1748e-15 0.2537
2.3180e-15 0.2515
7.5890e-15 0.1960
9.4075e-14 0.0764
2.5525e-12 0.0164
1.4913e-11 0.0070
3.6854e-11 0.0044
4.9132e-11 0.0038
3.6850e-11 0.0044
3.3826e-15 0.2956
4.3355e-15 0.2728
6.6856e-15 0.2002
1.3549e-13 0.0613
3.7192e-12 0.0138
2.0488e-11 0.0060
4.9053e-11 0.0038
6.4434e-11 0.0032
4.8540e-11 0.0038
3.4606e-15 0.3984
2.8857e-15 0.3201
6.5208e-15 0.1879
7.7552e-14 0.0829
2.5337e-12 0.0166
1.5236e-11 0.0070
3.7160e-11 0.0044
4.8564e-11 0.0038
3.6870e-11 0.0044
1.3092e-15 0.3503
3.0495e-15 0.3176
4.9352e-15 0.3029
1.3579e-14 0.1548
6.5355e-13 0.0315
5.4879e-12 0.0114
1.5366e-11 0.0070
2.0523e-11 0.0060
1.5243e-11 0.0070
1.0058e-15 0.4336
1.0299e-15 0.3702
2.3612e-15 0.2601
4.2657e-15 0.3560
3.6804e-15 0.3233
3.2331e-15 0.3366
4.4631e-15 0.2621
4.7121e-15 0.2159
4.0668e-15 0.3381
1.6464e-15 0.4042
1.0696e-15 0.2574
3.0841e-15 0.4071
3.3759e-15 0.2276
4.2009e-15 0.2786
3.4578e-15 0.1586
6.0427e-15 0.1979
8.2855e-15 0.2346
5.9552e-15 0.2249
2.5001e-15 0.3670
1.3161e-15 0.2131
2.5180e-15 0.2426
5.1200e-15 0.3001
6.9577e-15 0.1807
1.1379e-14 0.2227
2.1031e-14 0.1642
3.0662e-14 0.1163
1.9259e-14 0.1363
1.8114e-15 0.3241
2.8747e-15 0.2913
4.7100e-15 0.2988
5.2465e-15 0.1964
1.8194e-14 0.1380
1.6997e-13 0.0565
7.4385e-13 0.0285
1.2575e-12 0.0222
7.8418e-13 0.0277
2.2023e-15 0.3714
2.3564e-15 0.2688
5.4719e-15 0.2028
6.1025e-15 0.1850
1.4373e-13 0.0595
2.0723e-12 0.0178
7.1574e-12 0.0099
1.0402e-11 0.0082
7.3277e-12 0.0098
9.5073e-16 0.3439
5.5049e-15 0.2874
8.2161e-15 0.2266
2.1665e-14 0.1445
7.6539e-13 0.0281
7.1517e-12 0.0099
2.0828e-11 0.0059
2.8712e-11 0.0050
2.0889e-11 0.0059
4.1046e-15 0.4420
3.2317e-15 0.2367
6.4854e-15 0.2292
4.2460e-14 0.1061
1.3254e-12 0.0220
1.0459e-11 0.0082
2.9016e-11 0.0050
3.8936e-11 0.0042
2.8616e-11 0.0050
2.5534e-15 0.2453
5.1649e-15 0.2306
5.8564e-15 0.2083
2.1956e-14 0.1431
7.8956e-13 0.0277
7.2856e-12 0.0098
2.1159e-11 0.0058
2.8857e-11 0.0050
2.0941e-11 0.0058
8.7650e-16 0.3485
1.7611e-15 0.2376
4.5713e-15 0.1786
7.9921e-15 0.2168
1.5790e-13 0.0578
2.1454e-12 0.0176
7.1866e-12 0.0099
1.0542e-11 0.0082
7.1493e-12 0.0099
1.2213e-15 0.4614
1.5984e-15 0.3727
2.3622e-15 0.2774
3.2243e-15 0.3100
4.6806e-15 0.2502
2.4685e-15 0.3383
4.2089e-15 0.2760
6.2461e-15 0.2958
3.2346e-15 0.2287
1.3707e-15 0.2979
2.6182e-15 0.4281
3.2929e-15 0.3315
3.7500e-15 0.2934
5.1389e-15 0.2643
2.5755e-15 0.2469
7.2066e-15 0.2285
8.4396e-15 0.2242
5.8617e-15 0.2551
3.7150e-15 0.3257
1.9012e-15 0.2493
2.7316e-15 0.2711
5.3840e-15 0.2306
7.5479e-15 0.2220
8.0695e-15 0.1988
1.0518e-14 0.1940
1.5491e-14 0.1414
1.2400e-14 0.1785
2.4542e-15 0.4355
2.8004e-15 0.2748
3.9491e-15 0.2512
7.0804e-15 0.3081
1.1324e-14 0.1733
3.2600e-14 0.1143
1.2542e-13 0.0633
2.3894e-13 0.0473
1.4801e-13 0.0585
1.1247e-15 0.2492
2.1939e-15 0.3150
7.6398e-15 0.2757
7.6046e-15 0.1758
3.3002e-14 0.1071
4.3371e-13 0.0357
2.0810e-12 0.0173
3.3196e-12 0.0139
2.1048e-12 0.0173
3.5803e-15 0.4594
7.2845e-15 0.2743
7.4482e-15 0.2262
9.7100e-15 0.1353
1.3700e-13 0.0605
2.1092e-12 0.0172
8.2067e-12 0.0091
1.2112e-11 0.0075
8.1479e-12 0.0091
2.1878e-15 0.3698
3.4644e-15 0.3332
5.4202e-15 0.2144
1.3064e-14 0.1592
2.4721e-13 0.0465
3.4567e-12 0.0138
1.2208e-11 0.0075
1.7484e-11 0.0063
1.2188e-11 0.0075
3.3339e-15 0.2904
4.5316e-15 0.2314
3.4328e-15 0.2816
1.3720e-14 0.1823
1.3659e-13 0.0597
2.0959e-12 0.0174
8.2148e-12 0.0091
1.2115e-11 0.0075
8.1586e-12 0.0091
1.1818e-15 0.3190
2.6602e-15 0.2298
5.0491e-15 0.2031
1.1124e-14 0.1809
3.4288e-14 0.1059
4.4889e-13 0.0347
2.0796e-12 0.0174
3.4701e-12 0.0137
2.0993e-12 0.0174
1.0664e-15 0.4446
1.5416e-15 0.3202
3.0097e-15 0.3372
1.5332e-15 0.3638
3.7144e-15 0.2449
1.8530e-15 0.2655
4.8404e-15 0.2319
9.3431e-15 0.3085
5.2639e-15 0.2808
1.1779e-15 0.4098
1.3340e-15 0.2123
3.4514e-15 0.2914
3.2163e-15 0.2049
5.3068e-15 0.2201
5.1525e-15 0.2745
5.3502e-15 0.2375
8.4873e-15 0.2060
6.2836e-15 0.2199
2.0356e-15 0.2998
1.1752e-15 0.2526
2.3463e-15 0.3090
5.0959e-15 0.2161
6.6555e-15 0.1808
1.0462e-14 0.2268
9.8694e-15 0.1848
1.6732e-14 0.1726
1.4131e-14 0.1993
2.0710e-15 0.3171
2.4206e-15 0.2757
4.6507e-15 0.2743
6.5276e-15 0.1818
1.1954e-14 0.1563
1.6297e-14 0.1833
2.6334e-14 0.1228
3.6425e-14 0.1014
3.1159e-14 0.1160
1.9644e-15 0.3297
3.1649e-15 0.2856
2.6984e-15 0.2737
7.7810e-15 0.1530
1.6385e-14 0.1539
6.1016e-14 0.0831
3.1595e-13 0.0408
5.4408e-13 0.0317
2.8859e-13 0.0420
3.7042e-15 0.2705
5.4762e-15 0.2432
7.1475e-15 0.2031
1.2033e-14 0.1925
2.4505e-14 0.1220
2.9567e-13 0.0412
1.6939e-12 0.0186
2.9605e-12 0.0144
1.7336e-12 0.0184
1.9285e-15 0.2740
4.6472e-15 0.2702
7.1024e-15 0.2166
1.1838e-14 0.1791
4.2312e-14 0.1040
5.4348e-13 0.0315
2.8803e-12 0.0146
4.8349e-12 0.0114
2.8743e-12 0.0145
2.7061e-15 0.3257
3.3457e-15 0.3815
5.5134e-15 0.2219
1.2831e-14 0.1569
2.3039e-14 0.1347
3.0754e-13 0.0409
1.7532e-12 0.0184
2.9240e-12 0.0145
1.7045e-12 0.0187
1.8409e-15 0.2664
2.3714e-15 0.2767
5.6660e-15 0.2878
9.0083e-15 0.1882
1.2756e-14 0.1220
6.3188e-14 0.0826
3.0158e-13 0.0411
5.2498e-13 0.0319
3.2570e-13 0.0400
6.8778e-16 0.2424
1.2511e-15 0.4417
2.5481e-15 0.3256
3.7252e-15 0.2986
3.2171e-15 0.2650
2.2087e-15 0.2169
3.4388e-15 0.2119
7.4253e-15 0.2834
5.0230e-15 0.2395
1.0518e-15 0.4110
1.5371e-15 0.2585
4.0512e-15 0.3224
3.9433e-15 0.2238
7.7967e-15 0.2297
7.4651e-15 0.2311
5.9373e-15 0.3050
8.3396e-15 0.2118
6.0241e-15 0.1712
1.8506e-15 0.2760
1.6536e-15 0.2544
1.6776e-15 0.2535
6.8621e-15 0.2199
5.3108e-15 0.1666
9.5075e-15 0.1982
8.7622e-15 0.1607
1.7902e-14 0.1925
9.8669e-15 0.1687
1.5825e-15 0.3163
3.4846e-15 0.3272
3.7250e-15 0.2581
5.3840e-15 0.2017
1.3072e-14 0.1924
1.6139e-14 0.1548
2.0940e-14 0.1405
2.3899e-14 0.1332
2.2446e-14 0.1350
3.4693e-15 0.3144
2.8110e-15 0.2658
4.8351e-15 0.2364
8.8816e-15 0.1463
1.9169e-14 0.1428
3.0041e-14 0.1250
5.4584e-14 0.0973
6.7790e-14 0.0766
4.8172e-14 0.0942
5.4472e-15 0.3221
7.8029e-15 0.2486
5.5719e-15 0.2474
1.3590e-14 0.1485
2.2727e-14 0.1361
5.4181e-14 0.0886
1.8269e-13 0.0491
3.3784e-13 0.0380
1.8817e-13 0.0498
3.1839e-15 0.2544
6.8584e-15 0.2052
5.1421e-15 0.2200
1.2527e-14 0.2112
2.6986e-14 0.1311
8.0051e-14 0.0742
3.2955e-13 0.0377
6.4495e-13 0.0283
3.3209e-13 0.0385
1.6076e-15 0.2888
2.5341e-15 0.2090
5.8228e-15 0.2080
1.2264e-14 0.1860
2.2373e-14 0.1262
5.3744e-14 0.0838
1.7996e-13 0.0499
3.3154e-13 0.0382
1.7006e-13 0.0510
1.8356e-15 0.2860
2.9763e-15 0.2343
6.6195e-15 0.2788
8.3145e-15 0.2400
1.5866e-14 0.1462
2.4458e-14 0.1219
4.8481e-14 0.0911
7.2933e-14 0.0789
4.7607e-14 0.1022
1.5700e-15 0.2865
2.7357e-15 0.3445
2.7393e-15 0.3826
6.2321e-15 0.2690
3.6229e-15 0.2224
4.4145e-15 0.1851
4.5495e-15 0.2521
4.4019e-15 0.2611
7.5944e-15 0.2408
8.8248e-16 0.4751
3.6411e-15 0.3603
3.7182e-15 0.2701
3.5372e-15 0.3150
3.4345e-15 0.2062
1.0878e-14 0.2794
6.4913e-15 0.2634
9.9242e-15 0.1872
8.2010e-15 0.2093
1.3318e-15 0.3856
1.2527e-15 0.2966
2.7991e-15 0.3890
7.9981e-15 0.2318
6.3794e-15 0.2098
1.2957e-14 0.1680
1.1488e-14 0.1835
1.1949e-14 0.1594
1.3175e-14 0.1563
2.5009e-15 0.3643
1.3231e-15 0.2739
4.9040e-15 0.2531
6.5962e-15 0.1889
9.3123e-15 0.2102
1.7354e-14 0.1742
2.0501e-14 0.1437
2.1515e-14 0.1275
1.9748e-14 0.1242
2.5568e-15 0.3784
2.4870e-15 0.2673
5.0489e-15 0.2937
9.5654e-15 0.1693
1.7492e-14 0.1546
2.6559e-14 0.1260
4.6233e-14 0.1005
4.0064e-14 0.0934
4.1487e-14 0.1108
5.2818e-15 0.3303
3.9647e-15 0.4344
8.4843e-15 0.2007
1.5057e-14 0.1588
2.2239e-14 0.1411
3.8343e-14 0.0995
7.4703e-14 0.0769
1.0229e-13 0.0671
5.3903e-14 0.0851
2.5726e-15 0.2952
3.1665e-15 0.2038
6.3853e-15 0.2011
1.1868e-14 0.1716
2.7002e-14 0.1196
4.8266e-14 0.0984
9.8132e-14 0.0680
1.4733e-13 0.0574
9.4291e-14 0.0678
2.3410e-15 0.3796
4.3698e-15 0.2846
7.9941e-15 0.2075
1.2511e-14 0.1514
2.4945e-14 0.1335
3.8788e-14 0.1051
7.2971e-14 0.0785
8.7210e-14 0.0746
6.0418e-14 0.0831
2.8588e-15 0.3178
3.0673e-15 0.3836
7.2710e-15 0.2218
7.1202e-15 0.1823
1.5193e-14 0.1628
2.1113e-14 0.1308
3.6208e-14 0.1080
4.4749e-14 0.0911
3.6900e-14 0.1005
1.8974e-15 0.3581
2.9119e-15 0.3055
2.2474e-15 0.2737
4.7214e-15 0.3320
4.8716e-15 0.2922
4.5155e-15 0.2566
4.2994e-15 0.2536
6.5921e-15 0.2255
6.7800e-15 0.2611
6.9829e-16 0.4227
2.2013e-15 0.2697
4.0240e-15 0.2934
3.5326e-15 0.2541
6.8798e-15 0.1906
6.0561e-15 0.2789
5.9974e-15 0.2397
8.7901e-15 0.2556
7.5349e-15 0.2138
1.5082e-15 0.2701
1.3995e-15 0.2213
2.7361e-15 0.2609
6.1153e-15 0.2216
7.1375e-15 0.2025
1.1607e-14 0.1703
9.9300e-15 0.1633
1.6799e-14 0.1635
1.2272e-14 0.2017
1.3213e-15 0.3336
3.1520e-15 0.4149
3.5082e-15 0.2714
5.3145e-15 0.2146
1.0159e-14 0.1821
1.2712e-14 0.1667
1.9704e-14 0.1448
2.5708e-14 0.1323
2.1075e-14 0.1350
3.0095e-15 0.3841
2.6070e-15 0.2493
7.0396e-15 0.2227
1.1895e-14 0.2135
1.4122e-14 0.1482
3.0635e-14 0.1282
3.4806e-14 0.1114
4.6690e-14 0.1020
3.6490e-14 0.1129
5.9008e-15 0.3123
2.0989e-15 0.2048
7.5580e-15 0.2434
1.2348e-14 0.1493
2.4631e-14 0.1409
3.6758e-14 0.1080
6.8690e-14 0.0848
9.9767e-14 0.0752
5.4561e-14 0.0885
4.9362e-15 0.3012
3.8573e-15 0.2155
8.2105e-15 0.2267
1.5003e-14 0.1908
2.5072e-14 0.1231
4.4710e-14 0.1047
6.8937e-14 0.0781
1.1449e-13 0.0622
7.5173e-14 0.0718
2.1910e-15 0.3767
2.7562e-15 0.3341
6.8625e-15 0.2266
1.5608e-14 0.1926
2.3154e-14 0.1281
4.5101e-14 0.1058
6.3244e-14 0.0841
8.3394e-14 0.0754
6.0700e-14 0.0879
1.9737e-15 0.4082
5.7869e-15 0.3272
6.3942e-15 0.2161
5.7827e-15 0.1898
1.5018e-14 0.1506
2.3961e-14 0.1247
3.9414e-14 0.1104
4.3895e-14 0.1029
3.4949e-14 0.1139
2.6261e-15 0.4312
3.2920e-15 0.3874
3.2603e-15 0.3844
4.0958e-15 0.2756
3.7691e-15 0.3045
8.3776e-15 0.2748
3.3319e-15 0.2986
8.7397e-15 0.2262
5.8910e-15 0.2561
8.8558e-16 0.2775
1.5429e-15 0.3244
4.4454e-15 0.3321
2.0477e-15 0.2310
6.0660e-15 0.2344
6.2143e-15 0.2407
5.1894e-15 0.2591
8.6193e-15 0.1879
9.6912e-15 0.2723
1.2196e-15 0.4247
1.6922e-15 0.2530
4.1937e-15 0.2937
4.3811e-15 0.2042
8.2561e-15 0.2366
1.1185e-14 0.1831
1.1014e-14 0.2005
1.1078e-14 0.1448
1.1591e-14 0.1757
1.4153e-15 0.3004
3.7859e-15 0.2809
3.3765e-15 0.2361
8.8726e-15 0.1873
1.1992e-14 0.1730
1.1529e-14 0.1727
1.5561e-14 0.1474
2.2827e-14 0.1397
2.3178e-14 0.1252
1.4436e-15 0.3138
3.8964e-15 0.3064
5.9851e-15 0.2288
7.6637e-15 0.2102
1.6185e-14 0.1594
2.4236e-14 0.1257
3.2185e-14 0.1248
3.3189e-14 0.1042
3.0754e-14 0.1080
3.7990e-15 0.2854
3.6100e-15 0.2114
1.1605e-14 0.1934
9.9150e-15 0.1527
1.8995e-14 0.1401
2.8441e-14 0.1169
6.1096e-14 0.0815
7.6404e-14 0.0763
5.1655e-14 0.0905
3.3474e-15 0.2690
3.5541e-15 0.2340
7.5708e-15 0.2200
1.3380e-14 0.1738
2.5842e-14 0.1237
3.5129e-14 0.1059
6.9230e-14 0.0797
1.0562e-13 0.0715
5.9681e-14 0.0827
2.2632e-15 0.3184
3.5975e-15 0.2779
7.9605e-15 0.2041
1.1484e-14 0.1968
2.5149e-14 0.1273
3.8444e-14 0.1041
5.4046e-14 0.0888
6.9211e-14 0.0830
5.5431e-14 0.0891
2.9261e-15 0.2462
4.7045e-15 0.2826
6.3890e-15 0.2598
7.9863e-15 0.1934
1.6783e-14 0.1632
2.5756e-14 0.1314
3.5095e-14 0.1052
3.4783e-14 0.1016
3.4124e-14 0.1150
1.2081e-15 0.3483
2.2579e-15 0.2787
1.8245e-15 0.3223
3.5408e-15 0.3380
2.8544e-15 0.2822
8.0734e-15 0.2816
4.1692e-15 0.2870
5.8894e-15 0.2428
3.6083e-15 0.2420
1.1164e-15 0.3093
1.4617e-15 0.3225
3.8383e-15 0.3073
2.5939e-15 0.2367
4.4664e-15 0.2171
5.6921e-15 0.2042
5.1835e-15 0.1879
1.0375e-14 0.1837
6.5078e-15 0.2177
1.4328e-15 0.2305
1.8403e-15 0.3268
3.0334e-15 0.2628
7.0894e-15 0.2423
7.0473e-15 0.2149
1.0264e-14 0.1880
8.8135e-15 0.2250
1.4133e-14 0.2010
1.5083e-14 0.1651
1.7608e-15 0.3045
3.4580e-15 0.2398
4.4999e-15 0.2391
7.5790e-15 0.2095
1.1563e-14 0.1825
1.2405e-14 0.1678
2.1114e-14 0.1479
2.1798e-14 0.1433
1.8674e-14 0.1377
1.6096e-15 0.2686
4.1380e-15 0.2954
9.3938e-15 0.2333
9.2451e-15 0.2399
1.5732e-14 0.1543
2.2269e-14 0.1306
3.2748e-14 0.1172
3.8081e-14 0.1091
3.0818e-14 0.1179
1.8719e-15 0.3059
6.0634e-15 0.2053
9.5322e-15 0.1948
1.2228e-14 0.1741
1.8917e-14 0.1397
3.4509e-14 0.1098
5.6143e-14 0.0874
7.4513e-14 0.0842
5.2494e-14 0.0981
2.9998e-15 0.3045
4.3512e-15 0.2643
9.4164e-15 0.1973
1.3611e-14 0.1677
2.6521e-14 0.1225
3.4675e-14 0.1040
5.9423e-14 0.0845
1.0023e-13 0.0689
6.6282e-14 0.0787
1.5655e-15 0.2226
3.9969e-15 0.2181
1.0473e-14 0.2500
1.3124e-14 0.1714
2.4158e-14 0.1537
3.8644e-14 0.1205
5.1789e-14 0.0922
7.3696e-14 0.0827
5.2555e-14 0.0925
3.2050e-15 0.3128
4.9525e-15 0.2510
3.8917e-15 0.2513
1.0224e-14 0.1895
1.6350e-14 0.1598
2.7813e-14 0.1401
3.4537e-14 0.1170
3.4030e-14 0.1172
3.1386e-14 0.1165
