     9      9     20
d_kernel   u_kernel

0.0000e+00 1.0000
0.0000e+00 1.0000
0.0000e+00 1.0000
0.0000e+00 1.0000
0.0000e+00 1.0000
0.0000e+00 1.0000
0.0000e+00 1.0000
2.9600e-16 0.4953
0.0000e+00 1.0000
0.0000e+00 1.0000
0.0000e+00 1.0000
2.5810e-16 0.4644
0.0000e+00 1.0000
0.0000e+00 1.0000
0.0000e+00 1.0000
0.0000e+00 1.0000
0.0000e+00 1.0000
7.3471e-16 0.4526
0.0000e+00 1.0000
0.0000e+00 1.0000
0.0000e+00 1.0000
0.0000e+00 1.0000
7.3169e-16 0.3114
0.0000e+00 1.0000
5.1028e-16 0.3725
4.8336e-16 0.2784
1.2306e-15 0.3390
0.0000e+00 1.0000
2.4290e-16 0.4019
5.0130e-16 0.4900
4.4015e-16 0.3851
4.2295e-16 0.3494
1.4440e-15 0.4522
1.4365e-15 0.3056
1.7446e-15 0.3109
1.5386e-15 0.2601
0.0000e+00 1.0000
3.5126e-16 0.3967
5.9445e-16 0.4519
0.0000e+00 1.0000
4.9360e-16 0.4132
1.1560e-15 0.2332
5.5745e-15 0.1711
5.9657e-14 0.0709
6.4323e-15 0.1602
0.0000e+00 1.0000
1.5682e-16 0.4552
2.0710e-16 0.3669
5.5649e-16 0.3122
1.2546e-15 0.3233
3.7392e-15 0.1692
2.1043e-11 0.0055
1.0403e-10 0.0027
2.1039e-11 0.0055
0.0000e+00 1.0000
0.0000e+00 1.0000
4.6244e-16 0.3958
8.1479e-16 0.3603
2.7264e-15 0.3163
5.2655e-14 0.0749
1.0413e-10 0.0027
1.4697e-09 0.0003
1.0455e-10 0.0027
0.0000e+00 1.0000
1.9972e-16 0.4510
3.7388e-16 0.4997
6.5511e-16 0.3135
1.4309e-15 0.2731
5.7711e-15 0.1947
2.0937e-11 0.0055
1.0444e-10 0.0027
2.1195e-11 0.0055
0.0000e+00 1.0000
3.3523e-16 0.4390
2.5984e-16 0.3751
3.5915e-16 0.4066
6.3791e-16 0.2791
1.6241e-15 0.2863
5.2478e-15 0.1792
6.0265e-14 0.0697
7.3595e-15 0.2043
0.0000e+00 1.0000
0.0000e+00 1.0000
0.0000e+00 1.0000
0.0000e+00 1.0000
0.0000e+00 1.0000
5.8872e-16 0.4217
2.4962e-16 0.4304
0.0000e+00 1.0000
0.0000e+00 1.0000
4.1919e-16 0.4936
0.0000e+00 1.0000
2.6304e-16 0.4079
1.8783e-16 0.4667
1.4742e-16 0.4474
0.0000e+00 1.0000
4.7887e-16 0.4700
1.8189e-16 0.4880
0.0000e+00 1.0000
0.0000e+00 1.0000
0.0000e+00 1.0000
1.1978e-16 0.4160
8.0693e-16 0.4628
4.7353e-16 0.4000
3.4206e-16 0.3528
4.7629e-16 0.4292
4.3749e-16 0.3926
4.6674e-16 0.3116
0.0000e+00 1.0000
3.5898e-16 0.3801
4.0500e-16 0.4080
5.8565e-16 0.3272
4.1926e-16 0.4187
6.8159e-16 0.3117
1.2913e-15 0.2425
2.2905e-15 0.2354
1.3699e-15 0.2722
0.0000e+00 1.0000
0.0000e+00 1.0000
0.0000e+00 1.0000
1.0596e-15 0.3475
1.6051e-15 0.2829
8.3060e-16 0.2595
4.1634e-15 0.1589
1.2469e-14 0.1240
6.1572e-15 0.2084
0.0000e+00 1.0000
3.3574e-16 0.3754
2.6926e-16 0.4175
6.7523e-16 0.4054
1.7526e-15 0.2681
3.7786e-15 0.1553
2.2652e-11 0.0050
1.4729e-10 0.0021
2.2566e-11 0.0050
0.0000e+00 1.0000
0.0000e+00 1.0000
5.1570e-16 0.3770
8.1314e-16 0.2782
2.0315e-15 0.2487
1.3473e-14 0.1212
1.4806e-10 0.0021
1.0062e-09 0.0006
1.4749e-10 0.0021
0.0000e+00 1.0000
0.0000e+00 1.0000
4.7752e-16 0.4668
8.4371e-16 0.3764
9.4018e-16 0.2658
4.3624e-15 0.2364
2.2554e-11 0.0050
1.4799e-10 0.0021
2.2457e-11 0.0050
0.0000e+00 1.0000
0.0000e+00 1.0000
3.8018e-16 0.4177
5.7819e-16 0.4434
8.2137e-16 0.3190
1.9250e-15 0.3193
5.4961e-15 0.1698
1.0616e-14 0.1385
4.7515e-15 0.1878
0.0000e+00 1.0000
1.1060e-16 0.4724
4.8773e-16 0.4217
1.5358e-16 0.4507
0.0000e+00 1.0000
6.9546e-16 0.4054
2.9065e-16 0.4257
0.0000e+00 1.0000
4.5735e-16 0.4875
0.0000e+00 1.0000
0.0000e+00 1.0000
0.0000e+00 1.0000
4.3824e-16 0.3862
3.4645e-16 0.4222
5.6459e-16 0.3883
4.3045e-16 0.3711
7.7278e-16 0.3663
2.8012e-16 0.4860
0.0000e+00 1.0000
0.0000e+00 1.0000
6.9482e-16 0.3883
2.2264e-16 0.3906
9.2207e-16 0.2765
9.5632e-16 0.2895
6.5278e-16 0.3613
1.6451e-15 0.4631
9.0118e-16 0.2807
0.0000e+00 1.0000
7.1845e-16 0.4727
4.5205e-16 0.3632
8.6190e-16 0.3865
5.0620e-16 0.2927
1.8578e-15 0.2671
9.9639e-16 0.2510
1.8354e-15 0.2414
2.8755e-15 0.2483
0.0000e+00 1.0000
0.0000e+00 1.0000
3.3057e-16 0.4074
3.9644e-16 0.3269
1.0550e-15 0.2506
3.1873e-15 0.2176
5.9926e-15 0.2052
5.5832e-15 0.1509
6.8467e-15 0.1872
0.0000e+00 1.0000
0.0000e+00 1.0000
1.5242e-16 0.4017
6.9423e-16 0.2731
2.1862e-15 0.1843
5.1504e-15 0.1500
4.8509e-12 0.0092
5.2218e-11 0.0032
4.8733e-12 0.0092
0.0000e+00 1.0000
3.0145e-16 0.3390
0.0000e+00 1.0000
1.6390e-15 0.3220
2.7431e-15 0.2310
1.0722e-14 0.1561
5.2468e-11 0.0031
4.1342e-10 0.0011
5.2348e-11 0.0032
0.0000e+00 1.0000
0.0000e+00 1.0000
2.6900e-16 0.3997
0.0000e+00 1.0000
1.8224e-15 0.2738
4.7559e-15 0.1531
4.8865e-12 0.0092
5.2284e-11 0.0032
4.9056e-12 0.0092
0.0000e+00 1.0000
1.4981e-16 0.4904
4.1363e-16 0.3981
0.0000e+00 1.0000
1.7398e-15 0.3111
2.4325e-15 0.1927
4.5518e-15 0.1477
6.6251e-15 0.1641
5.5200e-15 0.1526
0.0000e+00 1.0000
0.0000e+00 1.0000
4.4238e-16 0.4625
0.0000e+00 1.0000
0.0000e+00 1.0000
6.3867e-16 0.4314
3.7264e-16 0.3969
0.0000e+00 1.0000
0.0000e+00 1.0000
0.0000e+00 1.0000
2.6462e-16 0.4772
3.3087e-16 0.4529
0.0000e+00 1.0000
0.0000e+00 1.0000
4.8217e-16 0.4204
5.1058e-16 0.3734
8.9794e-16 0.3368
3.0439e-16 0.3389
0.0000e+00 1.0000
2.7404e-16 0.4355
3.1052e-16 0.3729
2.9912e-16 0.4038
6.2963e-16 0.4227
7.9407e-16 0.3333
6.3712e-16 0.3531
6.9041e-16 0.3215
6.6049e-16 0.2826
0.0000e+00 1.0000
3.6854e-16 0.4582
2.4657e-16 0.4833
4.3352e-16 0.3603
1.2648e-15 0.3657
2.8227e-15 0.3155
2.0541e-15 0.2111
2.2584e-15 0.1962
2.1059e-15 0.3778
0.0000e+00 1.0000
3.1199e-16 0.3856
8.0750e-16 0.4570
8.1494e-16 0.3345
1.0538e-15 0.2620
3.1157e-15 0.2923
5.3799e-15 0.1577
8.4112e-15 0.1394
6.3873e-15 0.1600
2.3761e-16 0.4733
3.0273e-16 0.4627
0.0000e+00 1.0000
1.2347e-15 0.2485
2.6060e-15 0.1894
5.6729e-15 0.2470
4.9331e-14 0.0627
1.2081e-12 0.0157
5.3648e-14 0.0663
2.9580e-16 0.3955
0.0000e+00 1.0000
4.7853e-16 0.3283
1.2614e-15 0.3969
2.8891e-15 0.2590
7.1357e-15 0.1407
1.2211e-12 0.0156
2.5605e-11 0.0039
1.1873e-12 0.0157
0.0000e+00 1.0000
0.0000e+00 1.0000
4.8704e-16 0.3294
6.8301e-16 0.3339
1.8987e-15 0.2003
5.0741e-15 0.1701
4.9089e-14 0.0630
1.1902e-12 0.0157
4.9921e-14 0.0651
0.0000e+00 1.0000
0.0000e+00 1.0000
2.4744e-16 0.4303
1.3447e-15 0.3862
1.4794e-15 0.3058
3.0692e-15 0.2357
7.2007e-15 0.2002
4.6135e-15 0.1773
5.2912e-15 0.1723
0.0000e+00 1.0000
3.1929e-16 0.4968
1.5847e-16 0.4763
0.0000e+00 1.0000
0.0000e+00 1.0000
2.8631e-16 0.4081
4.6506e-16 0.3724
4.4127e-16 0.4818
0.0000e+00 1.0000
0.0000e+00 1.0000
0.0000e+00 1.0000
0.0000e+00 1.0000
4.9860e-16 0.4849
2.6368e-16 0.4386
3.4665e-16 0.3859
4.7268e-16 0.3617
5.7759e-16 0.2695
2.3404e-16 0.3566
0.0000e+00 1.0000
3.9565e-16 0.4235
3.3590e-16 0.4089
0.0000e+00 1.0000
7.0520e-16 0.4757
1.5073e-15 0.3983
1.0488e-15 0.2747
1.2156e-15 0.2470
7.0649e-16 0.3598
0.0000e+00 1.0000
3.8068e-16 0.3843
3.5065e-16 0.3920
6.5849e-16 0.3737
0.0000e+00 1.0000
1.5311e-15 0.3330
2.0651e-15 0.2467
2.7502e-15 0.1944
1.5879e-15 0.2187
3.1233e-16 0.3734
5.1980e-16 0.3895
3.8351e-16 0.3337
8.1127e-16 0.2547
1.1266e-15 0.2997
3.5463e-15 0.2361
6.4056e-15 0.1484
8.1641e-15 0.1328
5.4098e-15 0.1691
7.2508e-16 0.4735
0.0000e+00 1.0000
8.5217e-16 0.3018
1.5319e-15 0.2294
2.0550e-15 0.3644
6.7427e-15 0.2035
1.2563e-14 0.1022
2.5374e-14 0.0830
1.1775e-14 0.1077
2.5426e-16 0.4805
6.4835e-16 0.4599
8.4338e-16 0.3978
1.4764e-15 0.3944
3.0822e-15 0.2247
6.4187e-15 0.1451
2.6661e-14 0.0846
4.7471e-14 0.0604
2.5468e-14 0.0846
1.9198e-16 0.4469
2.5477e-16 0.3823
4.5349e-16 0.4193
9.2170e-16 0.2791
2.4533e-15 0.2419
3.9500e-15 0.1746
1.1518e-14 0.0889
2.3178e-14 0.0842
1.3362e-14 0.1098
0.0000e+00 1.0000
1.8800e-16 0.4732
0.0000e+00 1.0000
1.1066e-15 0.2550
2.2329e-15 0.3849
3.4979e-15 0.2327
5.1052e-15 0.1578
6.5763e-15 0.1672
4.4800e-15 0.1760
0.0000e+00 1.0000
0.0000e+00 1.0000
1.2729e-16 0.4352
0.0000e+00 1.0000
4.7307e-16 0.4061
2.4654e-16 0.4848
3.0125e-16 0.4752
6.0323e-16 0.3243
0.0000e+00 1.0000
2.2101e-16 0.4124
0.0000e+00 1.0000
0.0000e+00 1.0000
0.0000e+00 1.0000
9.1007e-16 0.4491
6.6447e-16 0.3202
4.9807e-16 0.3162
6.6480e-16 0.3328
5.9674e-16 0.4482
0.0000e+00 1.0000
0.0000e+00 1.0000
5.1212e-16 0.4269
4.1715e-16 0.3771
8.9867e-16 0.3663
1.0633e-15 0.4069
9.4538e-16 0.2618
2.3536e-15 0.3150
1.0343e-15 0.2828
3.5741e-16 0.4582
2.5329e-16 0.4554
4.9129e-16 0.3333
6.6287e-16 0.2724
7.5977e-16 0.3921
2.5749e-15 0.3060
2.2186e-15 0.2274
2.7258e-15 0.2169
1.7147e-15 0.2125
0.0000e+00 1.0000
4.5491e-16 0.3505
5.5327e-16 0.4283
6.9008e-16 0.2858
1.2710e-15 0.3210
5.8910e-15 0.2200
3.8092e-15 0.1349
8.0083e-15 0.1774
5.3607e-15 0.1741
0.0000e+00 1.0000
3.7521e-16 0.4203
7.7602e-16 0.3384
1.6338e-15 0.3506
3.1772e-15 0.2822
4.1855e-15 0.1811
1.0326e-14 0.1057
1.8917e-14 0.1010
1.1192e-14 0.1137
0.0000e+00 1.0000
0.0000e+00 1.0000
8.2657e-16 0.3630
2.6637e-15 0.2833
3.2189e-15 0.2393
5.3783e-15 0.1666
1.9203e-14 0.1015
3.4675e-14 0.0701
1.5867e-14 0.0806
0.0000e+00 1.0000
6.1260e-16 0.4520
1.5656e-15 0.3091
1.3183e-15 0.3597
2.3488e-15 0.2580
4.6545e-15 0.1838
1.1440e-14 0.1238
1.6511e-14 0.0895
1.2615e-14 0.1380
0.0000e+00 1.0000
2.8531e-16 0.4526
5.7703e-16 0.3654
1.5873e-15 0.3325
1.9154e-15 0.3822
4.2044e-15 0.2213
5.1472e-15 0.1342
6.7731e-15 0.1882
5.1142e-15 0.1836
0.0000e+00 1.0000
0.0000e+00 1.0000
0.0000e+00 1.0000
0.0000e+00 1.0000
1.2392e-16 0.3865
5.0854e-16 0.4046
2.3603e-16 0.4777
6.0128e-16 0.4775
0.0000e+00 1.0000
0.0000e+00 1.0000
2.3208e-16 0.4882
1.6975e-16 0.4406
3.6550e-16 0.4368
1.4710e-15 0.4525
6.0306e-16 0.3681
5.5890e-16 0.3231
8.5116e-16 0.3000
8.6583e-16 0.4141
1.5712e-16 0.4770
1.7506e-16 0.4415
4.7554e-16 0.4952
1.3177e-15 0.4887
1.3869e-15 0.3936
8.6408e-16 0.2879
9.0996e-16 0.2901
1.5981e-15 0.2755
6.9180e-16 0.3069
0.0000e+00 1.0000
1.9581e-16 0.4795
5.1728e-16 0.3523
1.0063e-15 0.3806
1.7972e-15 0.3947
2.5080e-15 0.2333
2.0131e-15 0.2012
2.5163e-15 0.2110
2.1192e-15 0.2011
3.3046e-16 0.4410
4.8186e-16 0.4767
5.5694e-16 0.3784
1.0354e-15 0.4538
1.5599e-15 0.3027
2.9398e-15 0.2075
4.1202e-15 0.1554
6.6265e-15 0.1792
4.2667e-15 0.1927
2.4865e-16 0.4761
4.2335e-16 0.4885
3.1030e-16 0.3434
1.4149e-15 0.4953
2.6462e-15 0.3224
5.8455e-15 0.1667
8.2247e-15 0.1311
1.0616e-14 0.1073
1.0192e-14 0.1817
0.0000e+00 1.0000
6.4646e-16 0.4478
1.5439e-15 0.3530
1.3681e-15 0.2813
2.8860e-15 0.2365
6.9518e-15 0.1803
1.5258e-14 0.1017
2.3734e-14 0.0861
1.5553e-14 0.1132
6.1473e-16 0.4700
1.9743e-16 0.3957
9.6663e-16 0.3220
1.2921e-15 0.3212
1.5881e-15 0.2415
4.4347e-15 0.2050
9.7537e-15 0.1220
1.1722e-14 0.1003
1.2033e-14 0.1458
1.4824e-16 0.4915
4.7520e-16 0.3570
5.2474e-16 0.2846
7.9477e-16 0.3127
1.3722e-15 0.3188
3.2116e-15 0.1962
5.1581e-15 0.1557
7.8278e-15 0.1795
5.5645e-15 0.2113
0.0000e+00 1.0000
0.0000e+00 1.0000
0.0000e+00 1.0000
0.0000e+00 1.0000
0.0000e+00 1.0000
5.4137e-16 0.3606
0.0000e+00 1.0000
0.0000e+00 1.0000
6.9482e-16 0.3912
2.0686e-16 0.4806
0.0000e+00 1.0000
0.0000e+00 1.0000
2.3498e-16 0.4188
0.0000e+00 1.0000
4.8625e-16 0.3514
1.8419e-16 0.4292
1.2188e-15 0.3030
5.3994e-16 0.4960
1.5208e-16 0.4694
0.0000e+00 1.0000
5.8226e-16 0.4540
4.2594e-16 0.3292
1.4277e-15 0.3944
1.3601e-15 0.3701
7.5609e-16 0.3042
9.1136e-16 0.2520
9.7542e-16 0.2786
0.0000e+00 1.0000
2.5168e-16 0.4999
3.1474e-16 0.4228
8.7447e-16 0.4210
1.4489e-15 0.2995
2.1617e-15 0.2551
1.5066e-15 0.2698
2.0202e-15 0.2449
2.1745e-15 0.2519
0.0000e+00 1.0000
3.2955e-16 0.3614
3.5133e-16 0.3327
1.3705e-15 0.4321
1.5589e-15 0.2628
2.5469e-15 0.2200
3.9238e-15 0.2063
4.9555e-15 0.1578
4.5454e-15 0.2429
2.0265e-16 0.4438
0.0000e+00 1.0000
0.0000e+00 1.0000
1.5158e-15 0.3406
2.5677e-15 0.3252
4.2906e-15 0.2142
9.7270e-15 0.1504
1.2800e-14 0.1304
8.5973e-15 0.1652
0.0000e+00 1.0000
0.0000e+00 1.0000
1.2785e-15 0.3604
2.1739e-15 0.2861
2.2857e-15 0.2280
5.2723e-15 0.1686
1.2171e-14 0.1405
1.7510e-14 0.0972
1.2641e-14 0.1373
0.0000e+00 1.0000
0.0000e+00 1.0000
3.9404e-16 0.3745
1.9735e-15 0.4230
1.4151e-15 0.2276
4.2532e-15 0.2317
7.1250e-15 0.1324
9.4693e-15 0.1340
9.9441e-15 0.1828
4.5195e-16 0.3440
1.2619e-16 0.4353
6.4802e-16 0.4632
0.0000e+00 1.0000
1.4848e-15 0.3106
1.5653e-15 0.2062
5.3599e-15 0.1633
5.4860e-15 0.1554
4.7631e-15 0.1801
0.0000e+00 1.0000
0.0000e+00 1.0000
0.0000e+00 1.0000
4.3151e-16 0.3767
3.1246e-16 0.4938
1.4542e-16 0.4036
3.1217e-16 0.4929
0.0000e+00 1.0000
3.4126e-16 0.4534
0.0000e+00 1.0000
2.0002e-16 0.4727
0.0000e+00 1.0000
9.8941e-16 0.4867
7.9165e-16 0.4794
1.0426e-15 0.3097
7.9007e-16 0.4016
9.1426e-16 0.2517
7.8039e-16 0.2706
2.1756e-16 0.4089
0.0000e+00 1.0000
4.9788e-16 0.4837
4.9922e-16 0.4124
1.1074e-15 0.3368
8.9368e-16 0.2377
1.2796e-15 0.3467
1.4252e-15 0.2480
7.0878e-16 0.3999
0.0000e+00 1.0000
3.1010e-16 0.4091
1.1580e-15 0.4446
1.2389e-15 0.3816
2.6850e-15 0.3346
1.1793e-15 0.2535
2.3395e-15 0.2546
1.6360e-15 0.2237
3.3314e-15 0.2618
1.3641e-16 0.3948
4.6995e-16 0.3703
0.0000e+00 1.0000
1.6582e-15 0.4761
1.8718e-15 0.4513
3.3430e-15 0.2519
3.1408e-15 0.2111
5.4512e-15 0.1930
3.0828e-15 0.2240
1.5438e-16 0.4287
1.7661e-16 0.4893
0.0000e+00 1.0000
1.4543e-15 0.3845
2.3677e-15 0.2764
4.7230e-15 0.2747
7.9813e-15 0.1467
1.0781e-14 0.1646
7.0976e-15 0.1455
5.6522e-16 0.4886
0.0000e+00 1.0000
1.1305e-15 0.3888
1.0813e-15 0.2896
1.9783e-15 0.2984
6.8459e-15 0.1904
8.7947e-15 0.1317
1.1313e-14 0.1175
1.1440e-14 0.1407
0.0000e+00 1.0000
0.0000e+00 1.0000
8.2257e-16 0.3374
0.0000e+00 1.0000
1.9174e-15 0.3395
3.8341e-15 0.1716
6.5944e-15 0.1634
6.5727e-15 0.1199
7.3212e-15 0.1694
0.0000e+00 1.0000
0.0000e+00 1.0000
3.5608e-16 0.4084
7.5160e-16 0.3536
7.1513e-16 0.3142
2.4029e-15 0.1906
4.2027e-15 0.1672
5.8178e-15 0.1748
2.8522e-15 0.1942
0.0000e+00 1.0000
3.5702e-16 0.4670
0.0000e+00 1.0000
0.0000e+00 1.0000
7.6281e-16 0.3632
7.0666e-16 0.3780
0.0000e+00 1.0000
5.9878e-16 0.3457
0.0000e+00 1.0000
0.0000e+00 1.0000
2.0677e-16 0.4996
0.0000e+00 1.0000
0.0000e+00 1.0000
6.4366e-16 0.3382
7.0432e-16 0.3354
4.2259e-16 0.3824
6.6970e-16 0.3030
6.7443e-16 0.3258
0.0000e+00 1.0000
0.0000e+00 1.0000
0.0000e+00 1.0000
7.2062e-16 0.4926
1.0207e-15 0.4722
7.1638e-16 0.2826
1.6087e-15 0.3276
7.7290e-16 0.2325
2.0010e-15 0.3153
2.0606e-16 0.4539
0.0000e+00 1.0000
0.0000e+00 1.0000
9.1561e-16 0.4773
2.0476e-15 0.3488
1.0663e-15 0.3418
2.1247e-15 0.2205
2.5907e-15 0.3078
2.7228e-15 0.3251
2.0325e-16 0.4606
0.0000e+00 1.0000
0.0000e+00 1.0000
1.0781e-15 0.4439
1.8443e-15 0.4033
1.8178e-15 0.2590
2.5527e-15 0.2927
4.1921e-15 0.1935
3.8299e-15 0.2160
3.9529e-16 0.4391
4.1753e-16 0.3712
6.1409e-16 0.3690
1.0462e-15 0.2483
1.9282e-15 0.2390
3.7733e-15 0.1833
6.9331e-15 0.1710
9.8817e-15 0.1650
6.1441e-15 0.1903
0.0000e+00 1.0000
5.1371e-16 0.4553
1.0134e-15 0.3672
8.7015e-16 0.2965
3.0392e-15 0.2115
5.0981e-15 0.1651
7.0118e-15 0.1647
1.1355e-14 0.1129
9.2127e-15 0.1489
0.0000e+00 1.0000
3.9938e-16 0.4616
0.0000e+00 1.0000
0.0000e+00 1.0000
1.6832e-15 0.2617
3.2813e-15 0.2067
5.8911e-15 0.1380
6.1122e-15 0.1528
6.1087e-15 0.1623
0.0000e+00 1.0000
4.5247e-16 0.3385
6.6279e-16 0.3954
1.0593e-15 0.3491
7.7527e-16 0.2325
2.4171e-15 0.2399
3.3091e-15 0.1760
6.2214e-15 0.1963
3.3106e-15 0.1722
0.0000e+00 1.0000
0.0000e+00 1.0000
0.0000e+00 1.0000
4.2899e-16 0.4445
6.7731e-16 0.3755
0.0000e+00 1.0000
2.8222e-16 0.4431
4.3749e-16 0.3567
4.5757e-16 0.4225
0.0000e+00 1.0000
2.7311e-16 0.4473
0.0000e+00 1.0000
1.1923e-16 0.4719
1.1139e-15 0.4129
5.0797e-16 0.3868
1.1276e-15 0.4226
7.7010e-16 0.3172
4.5311e-16 0.4431
0.0000e+00 1.0000
0.0000e+00 1.0000
4.3032e-16 0.4229
1.1000e-15 0.3910
8.0718e-16 0.4418
8.8599e-16 0.3854
1.1877e-15 0.4751
1.0871e-15 0.3017
1.7271e-15 0.4160
0.0000e+00 1.0000
0.0000e+00 1.0000
0.0000e+00 1.0000
7.4488e-16 0.3229
7.3926e-16 0.4013
7.4238e-16 0.2555
1.9911e-15 0.2656
1.8356e-15 0.3652
3.4613e-15 0.3197
0.0000e+00 1.0000
6.0919e-16 0.4812
2.8421e-16 0.4127
6.7511e-16 0.3311
1.7286e-15 0.2776
2.1585e-15 0.2562
1.7956e-15 0.2254
3.1436e-15 0.2560
3.0473e-15 0.2276
0.0000e+00 1.0000
0.0000e+00 1.0000
3.5636e-16 0.4004
1.3049e-15 0.3953
1.6061e-15 0.2389
2.8083e-15 0.2127
6.0131e-15 0.1819
6.3262e-15 0.1394
5.2698e-15 0.2011
0.0000e+00 1.0000
5.3665e-16 0.4430
5.1691e-16 0.3970
0.0000e+00 1.0000
1.8033e-15 0.2387
4.1493e-15 0.1750
6.1461e-15 0.1687
8.8239e-15 0.1426
7.7291e-15 0.1601
0.0000e+00 1.0000
1.0159e-15 0.4758
4.8528e-16 0.3665
7.7106e-16 0.3759
3.0855e-15 0.2691
2.8199e-15 0.2079
6.0991e-15 0.1532
5.6748e-15 0.1731
4.7526e-15 0.2021
0.0000e+00 1.0000
6.1441e-16 0.4173
7.4628e-16 0.4793
1.0474e-15 0.3470
1.4001e-15 0.3132
2.6147e-15 0.2669
2.8423e-15 0.2768
4.7176e-15 0.1862
2.4229e-15 0.1795
0.0000e+00 1.0000
1.1740e-16 0.4502
1.9344e-16 0.4390
6.2716e-16 0.4801
7.0506e-16 0.4488
2.6527e-16 0.4476
2.6382e-16 0.3516
5.7635e-16 0.3651
3.6606e-16 0.3194
2.2375e-16 0.4696
2.6982e-16 0.4776
0.0000e+00 1.0000
0.0000e+00 1.0000
6.8861e-16 0.4078
5.3395e-16 0.4244
1.1591e-15 0.3982
7.2378e-16 0.4086
8.4907e-16 0.3772
0.0000e+00 1.0000
0.0000e+00 1.0000
0.0000e+00 1.0000
5.6592e-16 0.3952
1.1330e-15 0.4051
1.1935e-15 0.3159
1.1278e-15 0.3574
9.8347e-16 0.3044
1.3522e-15 0.3286
5.9401e-16 0.4747
0.0000e+00 1.0000
5.8894e-16 0.3965
0.0000e+00 1.0000
1.1805e-15 0.4452
8.6638e-16 0.2383
1.4888e-15 0.2241
2.6820e-15 0.2457
2.4649e-15 0.3681
0.0000e+00 1.0000
4.0844e-16 0.4497
0.0000e+00 1.0000
1.1296e-15 0.3756
1.7016e-15 0.2541
1.3716e-15 0.3215
2.4264e-15 0.2423
3.6214e-15 0.2978
3.4601e-15 0.2719
0.0000e+00 1.0000
6.5651e-16 0.4655
1.9007e-16 0.4034
1.1777e-15 0.3739
3.8270e-15 0.3266
4.1511e-15 0.2242
4.7755e-15 0.1869
6.8778e-15 0.1819
4.7214e-15 0.2248
0.0000e+00 1.0000
0.0000e+00 1.0000
0.0000e+00 1.0000
8.2911e-16 0.2969
1.4385e-15 0.3410
3.9133e-15 0.2374
6.2610e-15 0.1838
6.5572e-15 0.1409
5.9965e-15 0.1654
0.0000e+00 1.0000
0.0000e+00 1.0000
0.0000e+00 1.0000
5.4828e-16 0.3328
2.2849e-15 0.3133
2.3080e-15 0.2638
2.8533e-15 0.1792
5.0518e-15 0.2132
4.8801e-15 0.2057
0.0000e+00 1.0000
3.8684e-16 0.4309
8.3370e-16 0.4589
1.1454e-15 0.3858
1.6116e-15 0.3222
2.2892e-15 0.2330
3.0788e-15 0.2274
4.3898e-15 0.2418
2.2180e-15 0.1767
3.4217e-16 0.4154
4.7050e-16 0.4253
2.7772e-16 0.3790
4.9747e-16 0.3333
4.3487e-16 0.4477
4.1777e-16 0.3696
9.2463e-16 0.4934
4.6664e-16 0.4127
3.8315e-16 0.4211
0.0000e+00 1.0000
0.0000e+00 1.0000
7.3731e-16 0.3843
4.0918e-16 0.3689
3.7443e-16 0.4816
0.0000e+00 1.0000
3.0710e-16 0.3480
6.7906e-16 0.3108
7.6276e-16 0.3354
3.0934e-16 0.4454
2.8099e-16 0.4162
5.3523e-16 0.3600
9.4417e-16 0.3683
0.0000e+00 1.0000
4.1482e-16 0.3515
1.2189e-15 0.2915
1.2259e-15 0.4136
1.1478e-15 0.4383
0.0000e+00 1.0000
0.0000e+00 1.0000
2.2873e-16 0.4301
0.0000e+00 1.0000
1.0389e-15 0.3206
7.3075e-16 0.4466
1.9862e-15 0.4586
3.3489e-15 0.3185
2.3776e-15 0.2554
0.0000e+00 1.0000
0.0000e+00 1.0000
1.1062e-15 0.4042
6.9224e-16 0.2877
2.0156e-15 0.2547
1.6418e-15 0.3423
3.7736e-15 0.3237
1.7993e-15 0.1961
2.8148e-15 0.2625
0.0000e+00 1.0000
0.0000e+00 1.0000
5.5156e-16 0.3904
1.2687e-15 0.3449
1.2701e-15 0.2776
2.6199e-15 0.2115
4.0931e-15 0.2423
5.5720e-15 0.2417
4.1884e-15 0.2545
0.0000e+00 1.0000
0.0000e+00 1.0000
2.3661e-16 0.3668
1.2704e-15 0.4205
2.3585e-15 0.2296
2.2667e-15 0.2117
4.8683e-15 0.2118
5.6365e-15 0.1585
4.7620e-15 0.1889
0.0000e+00 1.0000
3.9096e-16 0.3418
1.0410e-15 0.4464
4.9010e-16 0.2977
1.6823e-15 0.3292
3.5495e-15 0.2855
3.3695e-15 0.2164
4.4721e-15 0.2199
2.9991e-15 0.1789
0.0000e+00 1.0000
0.0000e+00 1.0000
4.6018e-16 0.3218
5.9048e-16 0.3634
1.0763e-15 0.3017
1.3959e-15 0.3143
2.4655e-15 0.2816
2.9842e-15 0.2571
2.1476e-15 0.2276
0.0000e+00 1.0000
2.7495e-16 0.4664
1.9689e-16 0.4399
4.1643e-16 0.4352
9.1621e-17 0.4671
2.0918e-16 0.3902
0.0000e+00 1.0000
5.7095e-16 0.3253
4.4275e-16 0.4299
0.0000e+00 1.0000
0.0000e+00 1.0000
3.1727e-16 0.4128
0.0000e+00 1.0000
3.1570e-16 0.4758
5.3231e-16 0.3140
7.2653e-16 0.4348
7.8853e-16 0.2698
9.5675e-16 0.3473
1.8077e-16 0.4156
0.0000e+00 1.0000
5.1617e-16 0.3497
8.8807e-16 0.3731
7.0998e-16 0.4910
6.9606e-16 0.3116
1.1709e-15 0.3372
1.1816e-15 0.3211
0.0000e+00 1.0000
0.0000e+00 1.0000
2.5622e-16 0.4115
0.0000e+00 1.0000
5.0735e-16 0.4199
1.8631e-15 0.3219
1.0233e-15 0.4417
1.1250e-15 0.4512
1.7274e-15 0.2694
1.7835e-15 0.2471
0.0000e+00 1.0000
0.0000e+00 1.0000
7.8898e-16 0.3754
1.7288e-15 0.3036
1.0521e-15 0.4101
1.6020e-15 0.2957
2.4743e-15 0.2284
2.1207e-15 0.2563
3.4640e-15 0.2446
4.7854e-16 0.4633
3.3600e-16 0.4792
3.9297e-16 0.3788
1.4312e-15 0.3057
2.9291e-15 0.3487
2.6700e-15 0.2139
3.9343e-15 0.2506
5.1574e-15 0.2220
4.5909e-15 0.2842
0.0000e+00 1.0000
2.2428e-16 0.3793
3.4281e-16 0.4073
1.7861e-15 0.3515
2.0239e-15 0.3799
2.1707e-15 0.2564
4.6762e-15 0.2159
4.8546e-15 0.2142
4.4065e-15 0.1881
0.0000e+00 1.0000
0.0000e+00 1.0000
0.0000e+00 1.0000
0.0000e+00 1.0000
9.7808e-16 0.2965
3.4587e-15 0.2454
4.4575e-15 0.2217
4.5739e-15 0.2202
4.3048e-15 0.2435
0.0000e+00 1.0000
5.1790e-16 0.3436
6.9707e-16 0.4050
1.3096e-15 0.3759
9.3871e-16 0.3199
2.0211e-15 0.2455
2.4497e-15 0.2824
3.3684e-15 0.2593
2.2319e-15 0.3126
0.0000e+00 1.0000
0.0000e+00 1.0000
0.0000e+00 1.0000
0.0000e+00 1.0000
2.0563e-16 0.4493
2.9253e-16 0.4143
2.1931e-16 0.4119
4.6011e-16 0.2886
0.0000e+00 1.0000
0.0000e+00 1.0000
2.2433e-16 0.4718
3.7955e-16 0.4401
0.0000e+00 1.0000
2.4077e-16 0.3960
6.6348e-16 0.3850
8.9913e-16 0.3350
5.2801e-16 0.3179
6.1818e-16 0.4244
0.0000e+00 1.0000
0.0000e+00 1.0000
9.9409e-16 0.4103
8.9468e-16 0.3653
4.7850e-16 0.3597
4.9415e-16 0.3484
8.4486e-16 0.3894
1.5523e-15 0.4230
1.3741e-15 0.3768
0.0000e+00 1.0000
0.0000e+00 1.0000
5.8837e-16 0.3688
1.5356e-15 0.4790
1.5356e-15 0.3761
3.4327e-16 0.4939
1.3899e-15 0.3492
1.2062e-15 0.2275
1.7005e-15 0.2287
0.0000e+00 1.0000
3.6165e-16 0.3576
6.9898e-16 0.3152
0.0000e+00 1.0000
8.4956e-16 0.2826
1.5383e-15 0.3161
3.0665e-15 0.2605
1.7633e-15 0.3074
1.6073e-15 0.2163
0.0000e+00 1.0000
4.1844e-16 0.4440
1.0773e-15 0.3920
1.4548e-15 0.3916
2.0854e-15 0.2618
3.7748e-15 0.2485
4.2282e-15 0.2113
6.9296e-15 0.1966
4.2558e-15 0.2861
0.0000e+00 1.0000
2.9638e-16 0.4832
0.0000e+00 1.0000
1.2864e-15 0.4417
1.2230e-15 0.2328
2.9433e-15 0.3262
1.8800e-15 0.2684
3.9934e-15 0.1913
3.3646e-15 0.2271
0.0000e+00 1.0000
0.0000e+00 1.0000
2.3375e-16 0.4743
1.0627e-15 0.3560
2.3028e-15 0.3114
2.3561e-15 0.2546
2.3410e-15 0.2175
3.3897e-15 0.1803
4.5368e-15 0.2431
0.0000e+00 1.0000
2.7034e-16 0.3839
2.5832e-16 0.4706
0.0000e+00 1.0000
8.0360e-16 0.2537
1.2438e-15 0.2879
2.3694e-15 0.3187
2.2305e-15 0.2803
1.4088e-15 0.2912
0.0000e+00 1.0000
0.0000e+00 1.0000
0.0000e+00 1.0000
3.5159e-16 0.4153
0.0000e+00 1.0000
0.0000e+00 1.0000
2.3688e-16 0.4171
3.1864e-16 0.3494
6.0412e-16 0.4404
0.0000e+00 1.0000
1.5977e-16 0.4969
0.0000e+00 1.0000
4.0722e-16 0.4709
4.6226e-16 0.4315
0.0000e+00 1.0000
0.0000e+00 1.0000
0.0000e+00 1.0000
0.0000e+00 1.0000
1.8517e-16 0.4318
3.9203e-16 0.4570
8.8221e-16 0.4540
1.1892e-15 0.4799
5.0661e-16 0.3857
3.9519e-16 0.3438
1.3992e-15 0.4312
2.0104e-15 0.4203
8.6596e-16 0.3165
0.0000e+00 1.0000
3.7272e-16 0.4237
4.2453e-16 0.4556
8.6630e-16 0.3618
1.0245e-15 0.4526
8.5941e-16 0.4716
9.6600e-16 0.3694
1.0650e-15 0.3416
1.9184e-15 0.3588
0.0000e+00 1.0000
0.0000e+00 1.0000
8.6796e-16 0.4075
6.3647e-16 0.2875
7.8180e-16 0.3273
1.6688e-15 0.3512
1.9878e-15 0.2351
1.2383e-15 0.2741
2.9651e-15 0.2729
0.0000e+00 1.0000
0.0000e+00 1.0000
0.0000e+00 1.0000
1.6295e-15 0.3650
2.4141e-15 0.3124
2.4406e-15 0.3080
3.5882e-15 0.2492
4.3174e-15 0.2436
2.9713e-15 0.2299
0.0000e+00 1.0000
0.0000e+00 1.0000
5.3758e-16 0.4306
7.5696e-16 0.3503
1.1023e-15 0.2547
1.2824e-15 0.2584
2.0931e-15 0.2398
3.0360e-15 0.2644
2.5797e-15 0.2290
0.0000e+00 1.0000
3.4526e-16 0.4566
2.7031e-16 0.3720
0.0000e+00 1.0000
1.4606e-15 0.2858
2.0712e-15 0.2818
2.8807e-15 0.2227
3.8412e-15 0.2844
3.4889e-15 0.2473
4.2194e-16 0.4487
3.3278e-16 0.3271
2.1071e-16 0.3822
0.0000e+00 1.0000
8.9554e-16 0.2845
1.7049e-15 0.3202
1.9071e-15 0.2725
1.9866e-15 0.2485
1.5929e-15 0.3099
0.0000e+00 1.0000
0.0000e+00 1.0000
0.0000e+00 1.0000
4.8099e-16 0.4512
2.8614e-16 0.3629
0.0000e+00 1.0000
1.5029e-16 0.3792
4.5463e-16 0.4837
9.6844e-16 0.4245
0.0000e+00 1.0000
0.0000e+00 1.0000
7.9539e-16 0.3945
0.0000e+00 1.0000
3.8679e-16 0.4071
4.7737e-16 0.4201
0.0000e+00 1.0000
4.3216e-16 0.4084
0.0000e+00 1.0000
0.0000e+00 1.0000
0.0000e+00 1.0000
4.6191e-16 0.3995
0.0000e+00 1.0000
2.0598e-16 0.4976
2.9133e-16 0.3683
9.4572e-16 0.2934
8.1418e-16 0.2829
1.4091e-15 0.2984
0.0000e+00 1.0000
1.3634e-16 0.4890
4.4699e-16 0.4690
9.2236e-16 0.3030
0.0000e+00 1.0000
1.1451e-15 0.4249
1.1610e-15 0.2471
2.0573e-15 0.3931
9.9839e-16 0.3039
0.0000e+00 1.0000
0.0000e+00 1.0000
7.8948e-16 0.3362
1.2479e-15 0.4098
0.0000e+00 1.0000
1.1002e-15 0.2743
4.4082e-15 0.2716
1.4222e-15 0.2520
2.9536e-15 0.3066
0.0000e+00 1.0000
0.0000e+00 1.0000
5.5782e-16 0.3503
2.7821e-15 0.3586
1.2178e-15 0.3007
2.6249e-15 0.2774
3.5307e-15 0.2828
5.7821e-15 0.2843
5.2417e-15 0.3524
0.0000e+00 1.0000
0.0000e+00 1.0000
1.0182e-15 0.3487
3.9832e-16 0.4960
1.4537e-15 0.3049
1.5867e-15 0.2911
2.8271e-15 0.2417
2.4461e-15 0.2340
3.3347e-15 0.2577
0.0000e+00 1.0000
0.0000e+00 1.0000
2.0902e-16 0.3618
8.2155e-16 0.3560
6.6484e-16 0.3562
2.2441e-15 0.4181
1.0863e-15 0.2596
2.8410e-15 0.2158
2.0317e-15 0.2191
0.0000e+00 1.0000
0.0000e+00 1.0000
0.0000e+00 1.0000
7.1054e-16 0.4236
1.3628e-15 0.2673
2.3019e-15 0.2368
2.3318e-15 0.3311
2.1414e-15 0.4339
3.1730e-15 0.2989
0.0000e+00 1.0000
0.0000e+00 1.0000
0.0000e+00 1.0000
2.2379e-16 0.3750
0.0000e+00 1.0000
4.3074e-16 0.4164
9.7962e-16 0.4529
4.3557e-16 0.3901
2.5219e-16 0.4852
1.7331e-16 0.4727
4.2404e-16 0.4879
0.0000e+00 1.0000
4.5425e-16 0.4969
2.6208e-16 0.3738
1.1314e-15 0.4664
1.3688e-15 0.4318
0.0000e+00 1.0000
1.4779e-15 0.4520
0.0000e+00 1.0000
0.0000e+00 1.0000
2.8134e-16 0.4200
0.0000e+00 1.0000
0.0000e+00 1.0000
5.8343e-16 0.4455
7.4136e-16 0.3047
8.9687e-16 0.4802
1.5869e-15 0.3788
3.5093e-16 0.4639
0.0000e+00 1.0000
7.0314e-16 0.3313
7.9893e-16 0.3098
0.0000e+00 1.0000
1.5688e-15 0.3514
8.9018e-16 0.3007
1.8584e-15 0.3578
1.0875e-15 0.2378
2.7975e-16 0.4287
0.0000e+00 1.0000
3.5465e-16 0.3711
8.4736e-16 0.4244
8.5796e-16 0.3075
1.9668e-15 0.2837
2.5438e-15 0.3918
2.1800e-15 0.3996
1.9520e-15 0.3076
0.0000e+00 1.0000
0.0000e+00 1.0000
2.3568e-16 0.4246
1.6144e-15 0.3688
1.4151e-15 0.3752
1.5989e-15 0.3134
2.6950e-15 0.2936
3.0177e-15 0.2294
3.4509e-15 0.3050
1.6005e-16 0.4329
2.9048e-16 0.4512
1.0174e-15 0.3809
1.0247e-15 0.3726
9.8739e-16 0.3006
1.4465e-15 0.3208
1.0094e-15 0.2775
3.1619e-15 0.2453
2.2220e-15 0.2629
1.6208e-16 0.4282
1.9404e-16 0.3608
0.0000e+00 1.0000
7.9837e-16 0.4204
1.4279e-15 0.4320
1.3624e-15 0.3889
2.8569e-15 0.2642
1.8552e-15 0.2244
3.0365e-15 0.2822
0.0000e+00 1.0000
0.0000e+00 1.0000
1.1473e-15 0.3972
6.7384e-16 0.3479
4.3059e-16 0.3585
8.2895e-16 0.3090
1.1107e-15 0.3479
1.8774e-15 0.3016
1.3221e-15 0.2448
0.0000e+00 1.0000
0.0000e+00 1.0000
2.8876e-16 0.4586
0.0000e+00 1.0000
0.0000e+00 1.0000
4.7204e-16 0.3718
0.0000e+00 1.0000
2.7801e-16 0.4193
5.6183e-16 0.4684
0.0000e+00 1.0000
0.0000e+00 1.0000
0.0000e+00 1.0000
3.2644e-16 0.4124
3.1029e-16 0.4092
0.0000e+00 1.0000
0.0000e+00 1.0000
7.8615e-16 0.3659
0.0000e+00 1.0000
0.0000e+00 1.0000
0.0000e+00 1.0000
3.9192e-16 0.4949
0.0000e+00 1.0000
0.0000e+00 1.0000
3.1688e-16 0.3783
2.5898e-16 0.4109
1.1087e-15 0.3003
1.4957e-15 0.2944
0.0000e+00 1.0000
0.0000e+00 1.0000
4.9678e-16 0.3898
4.8519e-16 0.3899
1.2597e-15 0.4644
1.1796e-15 0.4050
1.3672e-15 0.2870
1.7156e-15 0.2972
1.4187e-15 0.3005
0.0000e+00 1.0000
0.0000e+00 1.0000
6.2329e-16 0.4011
0.0000e+00 1.0000
0.0000e+00 1.0000
6.6953e-16 0.3670
1.0092e-15 0.2898
1.3221e-15 0.3165
1.5438e-15 0.4215
0.0000e+00 1.0000
0.0000e+00 1.0000
2.5185e-16 0.3893
1.7906e-15 0.3698
1.3378e-15 0.3144
1.6691e-15 0.2549
3.4792e-15 0.2892
2.8901e-15 0.2773
2.1643e-15 0.2920
0.0000e+00 1.0000
1.1416e-15 0.4300
2.2490e-16 0.4206
8.5734e-16 0.3323
1.0876e-15 0.2654
2.3360e-15 0.4700
2.0771e-15 0.2884
2.3876e-15 0.2368
3.8971e-15 0.4084
0.0000e+00 1.0000
1.7109e-16 0.3671
0.0000e+00 1.0000
8.0560e-16 0.4202
1.1638e-15 0.4269
9.7256e-16 0.2603
1.7911e-15 0.2732
2.7593e-15 0.2441
2.6938e-15 0.3088
0.0000e+00 1.0000
1.4319e-16 0.4433
1.6273e-15 0.3433
6.3471e-16 0.3401
0.0000e+00 1.0000
1.7078e-15 0.3367
6.5192e-16 0.2997
1.5572e-15 0.2763
2.5872e-15 0.2785
0.0000e+00 1.0000
0.0000e+00 1.0000
1.6197e-16 0.4793
0.0000e+00 1.0000
0.0000e+00 1.0000
0.0000e+00 1.0000
1.0498e-15 0.4298
5.2368e-16 0.4146
5.8434e-16 0.3869
0.0000e+00 1.0000
0.0000e+00 1.0000
0.0000e+00 1.0000
0.0000e+00 1.0000
2.7806e-16 0.4092
0.0000e+00 1.0000
1.2697e-15 0.3724
7.5354e-16 0.3201
5.7342e-16 0.3748
0.0000e+00 1.0000
0.0000e+00 1.0000
3.2638e-16 0.3857
3.2789e-16 0.4569
0.0000e+00 1.0000
2.9645e-16 0.4627
3.9118e-16 0.3750
1.1599e-15 0.3205
1.8028e-15 0.3615
0.0000e+00 1.0000
5.7085e-16 0.4907
8.1836e-16 0.4544
3.4084e-16 0.3659
2.5064e-16 0.4452
1.2513e-15 0.4024
1.0924e-15 0.3863
5.3421e-16 0.3738
1.1640e-15 0.3191
0.0000e+00 1.0000
6.0357e-16 0.4762
0.0000e+00 1.0000
0.0000e+00 1.0000
0.0000e+00 1.0000
1.2271e-15 0.3384
1.2871e-15 0.3825
1.5580e-15 0.2652
9.9505e-16 0.3083
0.0000e+00 1.0000
0.0000e+00 1.0000
0.0000e+00 1.0000
0.0000e+00 1.0000
0.0000e+00 1.0000
8.2435e-16 0.2962
1.5065e-15 0.3061
3.1629e-15 0.3280
2.9867e-15 0.2890
0.0000e+00 1.0000
1.8350e-16 0.4051
2.1720e-16 0.4136
5.8615e-16 0.3645
4.7363e-16 0.3166
1.1266e-15 0.2823
1.3307e-15 0.2769
2.5956e-15 0.2674
1.1045e-15 0.2336
0.0000e+00 1.0000
2.7602e-16 0.3614
6.6715e-16 0.3745
0.0000e+00 1.0000
7.3460e-16 0.3425
1.6779e-15 0.4343
2.3224e-15 0.3055
2.0859e-15 0.2497
2.3342e-15 0.3450
0.0000e+00 1.0000
3.2866e-16 0.3304
8.2615e-16 0.4138
5.6207e-16 0.3989
1.1150e-15 0.3286
7.4458e-16 0.3153
0.0000e+00 1.0000
1.6013e-15 0.3083
7.8220e-16 0.3586
