     9      9     20
d_kernel   u_kernel

1.1736e-15 0.2898
2.7566e-15 0.3284
1.7048e-14 0.2029
4.6662e-14 0.1221
5.3011e-14 0.1164
5.0463e-14 0.1251
1.6515e-14 0.1924
0.0000e+00 1.0000
2.0483e-15 0.4885
2.5850e-15 0.3694
3.1907e-14 0.1479
1.4334e-13 0.0725
2.7323e-13 0.0515
3.5165e-13 0.0475
2.7123e-13 0.0537
1.4511e-13 0.0743
2.9595e-14 0.1570
1.2538e-15 0.3320
1.6496e-14 0.2150
1.3659e-13 0.0749
3.9808e-13 0.0441
5.8484e-13 0.0363
6.4198e-13 0.0351
5.5521e-13 0.0374
4.0837e-13 0.0438
1.3053e-13 0.0754
1.5537e-14 0.1989
3.6081e-14 0.1331
2.7562e-13 0.0534
5.5213e-13 0.0373
8.8462e-13 0.0294
1.5887e-12 0.0211
8.3289e-13 0.0302
5.8178e-13 0.0365
2.9415e-13 0.0507
4.4948e-14 0.1269
6.8697e-14 0.1054
3.5133e-13 0.0467
6.1480e-13 0.0349
1.4885e-12 0.0215
1.1553e-09 0.0002
1.6060e-12 0.0209
6.2353e-13 0.0350
3.3429e-13 0.0474
6.0199e-14 0.1072
3.0717e-14 0.1563
2.8981e-13 0.0516
5.5909e-13 0.0365
8.1909e-13 0.0306
1.6035e-12 0.0210
8.6449e-13 0.0303
5.8332e-13 0.0361
2.6857e-13 0.0535
3.6374e-14 0.1360
1.6248e-14 0.1879
1.4979e-13 0.0718
3.7735e-13 0.0444
5.4967e-13 0.0369
6.6453e-13 0.0343
5.5515e-13 0.0370
4.1564e-13 0.0423
1.5114e-13 0.0712
1.6481e-14 0.2049
3.2100e-15 0.4121
2.6074e-14 0.1622
1.4506e-13 0.0716
3.0497e-13 0.0512
3.4424e-13 0.0478
2.6734e-13 0.0519
1.5227e-13 0.0725
2.8164e-14 0.1612
1.2359e-15 0.4135
0.0000e+00 1.0000
2.0681e-15 0.4414
1.4728e-14 0.2335
4.6626e-14 0.1254
5.4958e-14 0.1177
5.0690e-14 0.1189
1.4004e-14 0.2004
0.0000e+00 1.0000
0.0000e+00 1.0000
1.3114e-15 0.2732
4.6167e-15 0.2953
2.6278e-14 0.1510
7.6942e-14 0.0982
1.1141e-13 0.0796
7.9407e-14 0.0952
2.4965e-14 0.1665
6.6414e-15 0.3665
6.3240e-16 0.3335
2.0045e-15 0.2781
5.5699e-14 0.1136
3.3160e-13 0.0503
6.1396e-13 0.0363
7.0411e-13 0.0338
5.6281e-13 0.0383
2.9201e-13 0.0525
5.9684e-14 0.1106
3.9186e-15 0.3031
2.6058e-14 0.1545
2.7625e-13 0.0527
8.7645e-13 0.0310
1.2593e-12 0.0253
1.4297e-12 0.0235
1.1689e-12 0.0261
8.6731e-13 0.0306
2.9885e-13 0.0525
2.9346e-14 0.1581
9.5213e-14 0.0900
5.7590e-13 0.0375
1.2205e-12 0.0256
2.3919e-12 0.0182
6.2428e-12 0.0106
2.4014e-12 0.0181
1.2753e-12 0.0253
5.9924e-13 0.0366
8.2367e-14 0.0966
1.2297e-13 0.0780
7.2883e-13 0.0331
1.4176e-12 0.0237
6.1810e-12 0.0106
1.2331e-09 0.0002
6.0942e-12 0.0107
1.4138e-12 0.0236
7.1864e-13 0.0338
1.1261e-13 0.0806
8.6375e-14 0.0942
6.0810e-13 0.0362
1.1979e-12 0.0256
2.3527e-12 0.0185
6.0625e-12 0.0107
2.3830e-12 0.0182
1.2972e-12 0.0250
5.8737e-13 0.0367
8.3262e-14 0.0920
2.8497e-14 0.1489
2.9206e-13 0.0530
8.5585e-13 0.0309
1.2763e-12 0.0251
1.4216e-12 0.0235
1.2560e-12 0.0251
8.0997e-13 0.0308
2.6424e-13 0.0546
2.8124e-14 0.1548
4.3058e-15 0.2884
5.8098e-14 0.1124
2.8335e-13 0.0527
5.9071e-13 0.0371
7.0406e-13 0.0337
5.6913e-13 0.0375
3.0821e-13 0.0513
4.6678e-14 0.1180
3.2422e-15 0.2915
9.6755e-16 0.3529
4.3038e-15 0.3889
2.5592e-14 0.1680
8.6436e-14 0.0953
1.1193e-13 0.0831
8.5374e-14 0.0913
2.5492e-14 0.1597
4.2952e-15 0.4817
7.5729e-16 0.3796
1.1366e-15 0.2830
4.9533e-15 0.3186
4.3466e-14 0.1295
1.3444e-13 0.0754
1.6992e-13 0.0648
1.2922e-13 0.0734
3.4395e-14 0.1316
3.0494e-15 0.3384
7.7224e-16 0.2959
1.9820e-15 0.4586
9.0390e-14 0.0900
4.9216e-13 0.0396
1.1245e-12 0.0269
1.3103e-12 0.0247
1.0687e-12 0.0273
4.6920e-13 0.0406
8.9004e-14 0.0880
4.1687e-15 0.3055
3.4355e-14 0.1394
4.8310e-13 0.0399
1.6972e-12 0.0223
2.7408e-12 0.0174
3.2475e-12 0.0158
2.5894e-12 0.0177
1.5916e-12 0.0223
5.1471e-13 0.0390
4.0174e-14 0.1295
1.3896e-13 0.0725
1.0895e-12 0.0274
2.7573e-12 0.0172
6.8185e-12 0.0108
2.2897e-11 0.0053
6.7092e-12 0.0109
2.6994e-12 0.0175
1.0671e-12 0.0275
1.2265e-13 0.0773
1.9325e-13 0.0623
1.3925e-12 0.0243
3.1900e-12 0.0159
2.3083e-11 0.0052
1.2356e-09 0.0003
2.3041e-11 0.0053
3.1537e-12 0.0160
1.3931e-12 0.0245
1.7523e-13 0.0630
1.3441e-13 0.0735
1.1584e-12 0.0265
2.7324e-12 0.0174
6.7517e-12 0.0109
2.2722e-11 0.0053
6.7162e-12 0.0109
2.6390e-12 0.0175
1.1398e-12 0.0269
1.3803e-13 0.0735
2.8200e-14 0.1294
4.9387e-13 0.0398
1.6141e-12 0.0226
2.6676e-12 0.0174
3.1464e-12 0.0161
2.6704e-12 0.0175
1.6208e-12 0.0225
4.8629e-13 0.0406
3.8820e-14 0.1226
5.7654e-15 0.2659
8.5043e-14 0.0884
5.3871e-13 0.0392
1.0982e-12 0.0271
1.3824e-12 0.0242
1.1015e-12 0.0272
5.3070e-13 0.0391
7.8906e-14 0.0928
6.3206e-15 0.2998
1.2229e-15 0.2501
3.4396e-15 0.3448
4.2423e-14 0.1210
1.4681e-13 0.0728
2.0683e-13 0.0601
1.2683e-13 0.0735
3.7539e-14 0.1309
3.3979e-15 0.3326
1.4657e-15 0.2714
1.9208e-15 0.2153
2.7949e-15 0.2838
4.6809e-14 0.1195
1.5831e-13 0.0660
2.9212e-13 0.0506
1.7773e-13 0.0634
3.9402e-14 0.1181
3.8634e-15 0.2892
9.7349e-16 0.2834
2.3593e-15 0.3310
1.1927e-13 0.0744
7.6705e-13 0.0312
1.8879e-12 0.0208
2.4538e-12 0.0184
1.8861e-12 0.0210
8.1462e-13 0.0315
1.1966e-13 0.0758
8.2767e-15 0.2479
3.9610e-14 0.1210
8.4756e-13 0.0312
2.9942e-12 0.0167
5.6479e-12 0.0121
7.1347e-12 0.0107
5.6327e-12 0.0122
3.0208e-12 0.0167
8.0533e-13 0.0313
4.9428e-14 0.1143
1.7943e-13 0.0611
1.8630e-12 0.0211
5.5872e-12 0.0122
1.9396e-11 0.0063
7.1762e-11 0.0029
1.9046e-11 0.0063
5.7219e-12 0.0121
1.8778e-12 0.0210
1.7830e-13 0.0611
2.6377e-13 0.0525
2.5062e-12 0.0184
7.2611e-12 0.0106
7.1640e-11 0.0029
1.0721e-09 0.0003
7.2282e-11 0.0029
7.2015e-12 0.0107
2.4489e-12 0.0185
2.5616e-13 0.0528
2.1247e-13 0.0586
1.9637e-12 0.0205
5.7864e-12 0.0121
1.9201e-11 0.0063
7.1409e-11 0.0029
1.9356e-11 0.0063
5.6316e-12 0.0122
1.8414e-12 0.0211
1.6225e-13 0.0670
4.2376e-14 0.1147
8.1385e-13 0.0313
2.9408e-12 0.0170
5.6439e-12 0.0122
7.0568e-12 0.0108
5.6482e-12 0.0121
3.0153e-12 0.0167
7.6350e-13 0.0325
3.0113e-14 0.1363
4.8529e-15 0.2662
1.0935e-13 0.0783
7.8586e-13 0.0322
1.9056e-12 0.0209
2.5155e-12 0.0182
1.8659e-12 0.0209
8.0911e-13 0.0314
1.1653e-13 0.0752
4.8842e-15 0.3143
1.2659e-15 0.3240
3.7606e-15 0.2578
5.3234e-14 0.1090
1.8986e-13 0.0596
2.6095e-13 0.0521
1.6991e-13 0.0648
4.2951e-14 0.1258
3.1231e-15 0.2815
2.3247e-15 0.3242
1.8519e-15 0.2940
3.5631e-15 0.3152
4.6069e-14 0.1141
2.2162e-13 0.0557
3.3001e-13 0.0469
2.0087e-13 0.0575
4.8952e-14 0.1122
3.4686e-15 0.3375
1.2692e-15 0.3512
4.8482e-15 0.2354
1.3885e-13 0.0691
1.1590e-12 0.0260
2.9712e-12 0.0167
3.8689e-12 0.0146
2.9343e-12 0.0169
1.1160e-12 0.0265
1.3555e-13 0.0689
6.0288e-15 0.2333
5.3519e-14 0.1154
1.0659e-12 0.0268
5.2166e-12 0.0129
1.1023e-11 0.0088
1.4719e-11 0.0075
1.0994e-11 0.0088
5.1219e-12 0.0130
1.1061e-12 0.0269
5.0356e-14 0.1073
2.2603e-13 0.0558
2.8298e-12 0.0171
1.0864e-11 0.0089
4.3245e-11 0.0041
1.2983e-10 0.0021
4.3357e-11 0.0041
1.1118e-11 0.0087
2.9800e-12 0.0167
2.1439e-13 0.0564
3.3591e-13 0.0458
3.8816e-12 0.0147
1.4722e-11 0.0075
1.2928e-10 0.0021
7.8481e-10 0.0005
1.3000e-10 0.0021
1.4931e-11 0.0075
4.0214e-12 0.0144
3.4155e-13 0.0451
2.2560e-13 0.0552
3.0105e-12 0.0166
1.1046e-11 0.0087
4.3411e-11 0.0041
1.2943e-10 0.0021
4.3154e-11 0.0041
1.0874e-11 0.0088
2.7981e-12 0.0171
2.0308e-13 0.0577
5.1403e-14 0.1065
1.1266e-12 0.0268
5.0901e-12 0.0130
1.0868e-11 0.0088
1.4775e-11 0.0075
1.0974e-11 0.0088
5.1410e-12 0.0128
1.0718e-12 0.0268
4.2646e-14 0.1186
3.7901e-15 0.3387
1.3179e-13 0.0719
1.1125e-12 0.0269
2.9004e-12 0.0168
4.0428e-12 0.0144
2.9836e-12 0.0167
1.1077e-12 0.0265
1.3156e-13 0.0725
4.2832e-15 0.2960
1.3372e-15 0.2114
1.7618e-15 0.2588
5.1590e-14 0.1118
2.0692e-13 0.0567
3.2737e-13 0.0456
2.0819e-13 0.0563
4.5778e-14 0.1154
5.3899e-15 0.2825
1.7707e-15 0.3552
1.8109e-15 0.3308
3.2251e-15 0.2634
2.9674e-14 0.1344
2.0437e-13 0.0554
3.6850e-13 0.0438
1.9089e-13 0.0573
3.0271e-14 0.1238
4.2438e-15 0.2669
1.0194e-15 0.2920
3.1853e-15 0.2076
1.3880e-13 0.0678
1.3550e-12 0.0238
4.0289e-12 0.0143
5.5494e-12 0.0123
4.0244e-12 0.0143
1.3343e-12 0.0242
1.3875e-13 0.0677
2.8724e-15 0.3348
3.5269e-14 0.1202
1.3324e-12 0.0240
7.5629e-12 0.0106
1.8315e-11 0.0068
2.5195e-11 0.0057
1.8080e-11 0.0068
7.6213e-12 0.0106
1.3408e-12 0.0238
3.7312e-14 0.1240
2.0479e-13 0.0564
3.9607e-12 0.0144
1.8020e-11 0.0069
6.8244e-11 0.0032
1.5733e-10 0.0019
6.8557e-11 0.0032
1.8137e-11 0.0068
3.9681e-12 0.0143
2.0856e-13 0.0558
3.3938e-13 0.0444
5.6031e-12 0.0122
2.5204e-11 0.0057
1.5643e-10 0.0019
5.2876e-10 0.0008
1.5716e-10 0.0019
2.5127e-11 0.0057
5.5402e-12 0.0122
3.4964e-13 0.0438
2.1124e-13 0.0543
4.0580e-12 0.0143
1.8275e-11 0.0068
6.8371e-11 0.0032
1.5706e-10 0.0019
6.8297e-11 0.0032
1.8123e-11 0.0068
3.9761e-12 0.0143
2.0690e-13 0.0566
4.1608e-14 0.1159
1.2844e-12 0.0241
7.5445e-12 0.0107
1.8224e-11 0.0068
2.5392e-11 0.0057
1.8208e-11 0.0068
7.4916e-12 0.0106
1.3110e-12 0.0241
4.1372e-14 0.1115
2.1468e-15 0.2853
1.1718e-13 0.0716
1.3385e-12 0.0240
3.9139e-12 0.0144
5.5840e-12 0.0122
4.0068e-12 0.0143
1.3496e-12 0.0238
1.3540e-13 0.0679
4.0582e-15 0.2169
2.4067e-15 0.3156
2.4944e-15 0.2757
3.6437e-14 0.1248
1.7414e-13 0.0580
3.3525e-13 0.0450
2.2587e-13 0.0535
3.7268e-14 0.1231
3.5563e-15 0.3233
1.6367e-15 0.2925
2.3358e-15 0.3080
4.1249e-15 0.4004
1.6500e-14 0.1947
1.5996e-13 0.0613
2.6924e-13 0.0477
1.4316e-13 0.0653
2.2872e-14 0.1522
3.1147e-15 0.2976
1.5578e-15 0.3461
2.6589e-15 0.2987
8.8488e-14 0.0831
1.2930e-12 0.0239
4.4741e-12 0.0133
6.4834e-12 0.0112
4.5139e-12 0.0133
1.2153e-12 0.0243
9.3646e-14 0.0780
4.5365e-15 0.2579
2.7438e-14 0.1381
1.3008e-12 0.0237
9.3412e-12 0.0095
2.4595e-11 0.0058
3.4734e-11 0.0048
2.4763e-11 0.0058
9.3473e-12 0.0094
1.3168e-12 0.0234
2.9386e-14 0.1217
1.4422e-13 0.0641
4.4651e-12 0.0133
2.4680e-11 0.0058
8.2858e-11 0.0029
1.5374e-10 0.0020
8.2782e-11 0.0029
2.4783e-11 0.0058
4.4337e-12 0.0134
1.5520e-13 0.0629
2.5669e-13 0.0485
6.5666e-12 0.0111
3.4414e-11 0.0048
1.5360e-10 0.0020
3.5335e-10 0.0011
1.5378e-10 0.0020
3.4721e-11 0.0048
6.4664e-12 0.0112
2.6015e-13 0.0487
1.7912e-13 0.0586
4.5131e-12 0.0132
2.4843e-11 0.0058
8.2781e-11 0.0029
1.5338e-10 0.0020
8.2753e-11 0.0029
2.4818e-11 0.0058
4.5188e-12 0.0133
1.4565e-13 0.0635
2.2444e-14 0.1537
1.2718e-12 0.0239
9.2253e-12 0.0095
2.4864e-11 0.0058
3.4589e-11 0.0048
2.4640e-11 0.0058
9.2325e-12 0.0095
1.3251e-12 0.0235
2.8949e-14 0.1247
2.6866e-15 0.3369
7.8472e-14 0.0840
1.2778e-12 0.0237
4.4513e-12 0.0134
6.5558e-12 0.0111
4.5632e-12 0.0132
1.2793e-12 0.0236
1.0372e-13 0.0760
3.6934e-15 0.2897
2.4062e-15 0.3406
2.9591e-15 0.2452
2.4824e-14 0.1435
1.4560e-13 0.0638
2.5564e-13 0.0498
1.5404e-13 0.0638
1.8674e-14 0.1527
3.3894e-15 0.2505
2.2550e-15 0.2656
2.3966e-15 0.2201
2.3121e-15 0.2138
9.4222e-15 0.1984
7.5208e-14 0.0833
1.5051e-13 0.0603
7.5600e-14 0.0825
1.0361e-14 0.1991
2.2986e-15 0.2805
1.3026e-15 0.2555
2.9369e-15 0.3138
4.7613e-14 0.1078
9.5227e-13 0.0267
3.9921e-12 0.0138
6.1593e-12 0.0112
3.9408e-12 0.0139
9.5927e-13 0.0270
4.1814e-14 0.1061
4.3139e-15 0.2084
1.1491e-14 0.1772
9.6755e-13 0.0264
9.1657e-12 0.0093
2.6975e-11 0.0055
3.8538e-11 0.0045
2.7000e-11 0.0055
9.2447e-12 0.0093
9.6296e-13 0.0264
1.1829e-14 0.1725
7.5988e-14 0.0824
4.0054e-12 0.0137
2.7132e-11 0.0055
8.3502e-11 0.0029
1.3396e-10 0.0022
8.3549e-11 0.0029
2.7425e-11 0.0055
3.9529e-12 0.0137
8.0407e-14 0.0804
1.6442e-13 0.0586
6.1695e-12 0.0112
3.8329e-11 0.0046
1.3414e-10 0.0022
2.4142e-10 0.0014
1.3446e-10 0.0022
3.8627e-11 0.0045
6.1467e-12 0.0112
1.5719e-13 0.0611
8.5082e-14 0.0816
4.0477e-12 0.0136
2.7142e-11 0.0055
8.3149e-11 0.0029
1.3420e-10 0.0022
8.2878e-11 0.0029
2.7021e-11 0.0055
4.0664e-12 0.0136
7.9521e-14 0.0806
1.1534e-14 0.1890
9.2707e-13 0.0272
9.0831e-12 0.0094
2.6952e-11 0.0055
3.8326e-11 0.0046
2.7103e-11 0.0055
9.0283e-12 0.0094
9.4094e-13 0.0268
1.4035e-14 0.1812
2.6329e-15 0.2143
4.2782e-14 0.1072
8.9073e-13 0.0272
3.9901e-12 0.0137
6.1447e-12 0.0112
4.0044e-12 0.0136
9.3709e-13 0.0270
3.8639e-14 0.1182
2.6435e-15 0.1781
2.0465e-15 0.4144
2.6306e-15 0.1866
1.3108e-14 0.1945
8.9492e-14 0.0801
1.4903e-13 0.0615
7.2690e-14 0.0836
9.2957e-15 0.1878
4.9982e-15 0.2310
2.8606e-15 0.3681
2.1987e-15 0.3840
3.7543e-15 0.2709
4.9389e-15 0.2045
2.4197e-14 0.1284
5.4456e-14 0.0936
2.6838e-14 0.1247
6.1295e-15 0.2123
3.7446e-15 0.3089
1.0126e-15 0.2338
4.5306e-15 0.2904
1.3339e-14 0.1578
4.3987e-13 0.0365
2.6625e-12 0.0162
4.3013e-12 0.0129
2.6453e-12 0.0163
4.8168e-13 0.0358
1.7960e-14 0.1496
2.2775e-15 0.2116
6.9739e-15 0.2898
4.4102e-13 0.0366
6.8161e-12 0.0105
2.3554e-11 0.0058
3.4363e-11 0.0048
2.3840e-11 0.0058
7.0230e-12 0.0103
4.8138e-13 0.0359
6.8514e-15 0.2001
3.4369e-14 0.1157
2.5766e-12 0.0164
2.3645e-11 0.0058
7.2901e-11 0.0032
1.0829e-10 0.0025
7.3032e-11 0.0032
2.3872e-11 0.0057
2.6366e-12 0.0163
2.7193e-14 0.1253
5.5667e-14 0.1002
4.3399e-12 0.0128
3.4455e-11 0.0048
1.0858e-10 0.0025
1.6922e-10 0.0018
1.0859e-10 0.0025
3.4564e-11 0.0047
4.3465e-12 0.0129
5.8448e-14 0.0946
3.0493e-14 0.1150
2.6246e-12 0.0162
2.3937e-11 0.0057
7.2701e-11 0.0032
1.0877e-10 0.0025
7.2362e-11 0.0032
2.3919e-11 0.0057
2.6938e-12 0.0161
2.9804e-14 0.1192
7.2957e-15 0.2043
4.5534e-13 0.0364
6.8426e-12 0.0105
2.3655e-11 0.0058
3.4472e-11 0.0048
2.3621e-11 0.0058
6.9507e-12 0.0104
4.8434e-13 0.0356
7.4537e-15 0.2448
5.1297e-15 0.2773
1.9159e-14 0.1620
4.4786e-13 0.0365
2.5978e-12 0.0163
4.1905e-12 0.0130
2.6300e-12 0.0162
4.9698e-13 0.0357
1.9878e-14 0.1426
2.3485e-15 0.2156
2.1974e-15 0.1822
4.2226e-15 0.2034
8.2959e-15 0.2006
2.5040e-14 0.1260
6.0522e-14 0.0919
2.8561e-14 0.1287
5.5461e-15 0.2031
4.3374e-15 0.2455
3.0156e-15 0.2555
3.7065e-15 0.3620
4.2336e-15 0.2173
5.5140e-15 0.1881
8.5709e-15 0.1846
1.5249e-14 0.1521
8.7211e-15 0.1809
3.9278e-15 0.1784
4.0511e-15 0.2619
2.1858e-15 0.2648
4.3192e-15 0.2652
9.4219e-15 0.1919
1.4989e-13 0.0597
1.0624e-12 0.0239
2.0062e-12 0.0178
1.1269e-12 0.0234
1.3161e-13 0.0623
7.1217e-15 0.2101
4.0327e-15 0.2541
5.3826e-15 0.1840
1.3499e-13 0.0623
3.5242e-12 0.0138
1.5649e-11 0.0069
2.3969e-11 0.0056
1.5681e-11 0.0069
3.6914e-12 0.0136
1.4472e-13 0.0598
6.9550e-15 0.2446
5.3291e-15 0.2117
1.0868e-12 0.0236
1.5773e-11 0.0069
5.4096e-11 0.0037
7.8753e-11 0.0030
5.4172e-11 0.0037
1.5779e-11 0.0069
1.0391e-12 0.0239
8.7230e-15 0.1737
1.3510e-14 0.1553
1.9778e-12 0.0179
2.4106e-11 0.0056
7.9016e-11 0.0030
1.1669e-10 0.0023
7.8999e-11 0.0030
2.4118e-11 0.0056
2.0369e-12 0.0178
1.6604e-14 0.1459
7.2514e-15 0.1752
1.1093e-12 0.0235
1.5797e-11 0.0069
5.3853e-11 0.0037
7.9167e-11 0.0030
5.3938e-11 0.0037
1.5824e-11 0.0069
1.0998e-12 0.0235
1.0761e-14 0.1898
4.1952e-15 0.1663
1.3639e-13 0.0619
3.5749e-12 0.0139
1.5687e-11 0.0069
2.4248e-11 0.0056
1.5579e-11 0.0069
3.6113e-12 0.0138
1.4509e-13 0.0604
5.4899e-15 0.1930
4.6851e-15 0.2579
5.0389e-15 0.2847
1.4907e-13 0.0588
1.0756e-12 0.0238
1.9905e-12 0.0180
1.1286e-12 0.0233
1.2962e-13 0.0624
9.7114e-15 0.2018
3.4638e-15 0.2662
5.1245e-15 0.2709
5.1712e-15 0.2633
7.0311e-15 0.1840
6.6630e-15 0.1721
1.9625e-14 0.1414
8.5735e-15 0.1623
5.2517e-15 0.1971
3.4770e-15 0.2564
3.4660e-15 0.2316
3.1866e-15 0.3095
6.4613e-15 0.2985
5.5403e-15 0.2491
7.3413e-15 0.2005
8.2625e-15 0.1625
6.2085e-15 0.1872
3.1728e-15 0.2172
3.9444e-15 0.2672
1.8921e-15 0.2266
4.8742e-15 0.3079
7.3997e-15 0.2024
2.6081e-14 0.1319
2.4670e-13 0.0458
5.2911e-13 0.0322
2.5753e-13 0.0445
2.3881e-14 0.1289
6.0246e-15 0.1989
3.0391e-15 0.1640
6.3081e-15 0.2409
2.9056e-14 0.1189
1.1087e-12 0.0230
6.8805e-12 0.0099
1.1626e-11 0.0077
6.9265e-12 0.0099
1.0811e-12 0.0231
2.3660e-14 0.1246
7.6227e-15 0.2368
7.6162e-15 0.2337
2.3536e-13 0.0469
7.0263e-12 0.0098
3.0800e-11 0.0048
4.7089e-11 0.0039
3.1030e-11 0.0048
6.9746e-12 0.0098
2.5642e-13 0.0458
4.5889e-15 0.1625
8.6110e-15 0.1844
5.2966e-13 0.0321
1.1609e-11 0.0077
4.7065e-11 0.0039
7.1586e-11 0.0031
4.6982e-11 0.0039
1.1764e-11 0.0077
5.5393e-13 0.0315
6.7428e-15 0.1878
5.0076e-15 0.1798
2.5086e-13 0.0452
6.8949e-12 0.0099
3.0703e-11 0.0048
4.7280e-11 0.0039
3.0684e-11 0.0048
6.9770e-12 0.0098
2.4847e-13 0.0455
7.3247e-15 0.1986
4.3308e-15 0.1838
2.5212e-14 0.1235
1.1235e-12 0.0229
6.9681e-12 0.0098
1.1700e-11 0.0077
6.8125e-12 0.0099
1.0818e-12 0.0233
2.0847e-14 0.1186
5.5659e-15 0.2211
2.8967e-15 0.2849
4.1055e-15 0.1963
2.2273e-14 0.1240
2.7002e-13 0.0436
5.2957e-13 0.0321
2.3683e-13 0.0468
2.2464e-14 0.1315
9.4488e-15 0.2633
4.0480e-15 0.2498
3.1235e-15 0.2733
4.3560e-15 0.3133
6.1174e-15 0.2144
6.4965e-15 0.2006
1.0336e-14 0.1857
7.5699e-15 0.1891
5.6632e-15 0.2449
4.1817e-15 0.2421
2.1946e-15 0.2107
4.6504e-15 0.2517
5.8045e-15 0.2258
6.5773e-15 0.2033
6.7783e-15 0.1785
9.0027e-15 0.2226
6.7688e-15 0.1678
4.7012e-15 0.1947
3.8455e-15 0.2421
2.7728e-15 0.2993
5.1067e-15 0.2744
1.1456e-14 0.2172
1.2322e-14 0.1708
3.9969e-14 0.0990
6.1172e-14 0.0812
2.8732e-14 0.1106
1.1993e-14 0.1605
7.0042e-15 0.1644
3.3427e-15 0.2701
6.1628e-15 0.1782
9.6138e-15 0.1801
1.4415e-13 0.0558
1.5664e-12 0.0192
3.1855e-12 0.0138
1.5941e-12 0.0189
1.4763e-13 0.0566
1.0682e-14 0.1715
4.5286e-15 0.2832
9.8748e-15 0.1919
2.9583e-14 0.1110
1.6176e-12 0.0188
1.0943e-11 0.0078
1.8879e-11 0.0060
1.0893e-11 0.0078
1.5594e-12 0.0192
3.1591e-14 0.1047
6.3256e-15 0.2349
6.0876e-15 0.1810
7.3697e-14 0.0788
3.1185e-12 0.0139
1.8827e-11 0.0060
3.1771e-11 0.0046
1.9072e-11 0.0060
3.1659e-12 0.0139
5.6305e-14 0.0833
6.6111e-15 0.1974
5.5831e-15 0.1796
3.0320e-14 0.1020
1.5650e-12 0.0191
1.0884e-11 0.0078
1.9110e-11 0.0059
1.1060e-11 0.0077
1.5879e-12 0.0190
3.5553e-14 0.1065
6.0477e-15 0.1803
6.2504e-15 0.2000
8.6103e-15 0.1611
1.4478e-13 0.0549
1.5878e-12 0.0190
3.1756e-12 0.0138
1.6274e-12 0.0188
1.4877e-13 0.0559
1.1063e-14 0.1955
5.7058e-15 0.2153
3.7424e-15 0.1721
3.4185e-15 0.2051
9.4761e-15 0.1529
4.4428e-14 0.1011
6.7849e-14 0.0778
3.5728e-14 0.1019
9.6928e-15 0.1781
7.5108e-15 0.1677
5.2729e-15 0.1825
3.1480e-15 0.3246
2.8870e-15 0.2403
8.1516e-15 0.1603
8.0811e-15 0.1839
7.6434e-15 0.1718
6.6159e-15 0.1779
4.5515e-15 0.2401
6.4267e-15 0.2495
3.9828e-15 0.3215
6.7032e-15 0.2969
5.7138e-15 0.2243
4.9994e-15 0.1802
7.0531e-15 0.1695
1.2626e-14 0.1792
7.7109e-15 0.1636
8.6201e-15 0.2335
3.8491e-15 0.2384
3.9787e-15 0.2743
6.3491e-15 0.3137
7.3704e-15 0.2560
1.2830e-14 0.1642
1.8441e-14 0.1554
1.8560e-14 0.1545
1.7473e-14 0.1307
1.3010e-14 0.1713
8.1343e-15 0.1824
4.1858e-15 0.2601
5.4947e-15 0.1665
1.0195e-14 0.1681
2.2459e-14 0.1143
1.5154e-13 0.0532
3.2454e-13 0.0374
1.5249e-13 0.0532
2.2401e-14 0.1204
1.3797e-14 0.1838
5.7244e-15 0.2554
9.4330e-15 0.2225
1.3371e-14 0.1437
1.5778e-13 0.0527
1.7367e-12 0.0177
3.6063e-12 0.0127
1.7471e-12 0.0177
1.4177e-13 0.0544
1.5699e-14 0.1509
7.6628e-15 0.2725
1.0233e-14 0.1761
1.5254e-14 0.1403
3.1429e-13 0.0386
3.5844e-12 0.0127
7.3045e-12 0.0091
3.6302e-12 0.0126
3.2822e-13 0.0384
1.7954e-14 0.1475
7.9630e-15 0.1768
7.4112e-15 0.2621
1.4534e-14 0.1470
1.3038e-13 0.0569
1.7144e-12 0.0177
3.7077e-12 0.0125
1.7749e-12 0.0175
1.6531e-13 0.0534
1.4321e-14 0.1462
8.9625e-15 0.2532
5.6203e-15 0.1859
8.2699e-15 0.1579
2.1260e-14 0.1154
1.5517e-13 0.0532
3.4124e-13 0.0375
1.5590e-13 0.0526
2.9072e-14 0.1153
1.0220e-14 0.1657
7.5766e-15 0.2250
2.2683e-15 0.2072
5.7942e-15 0.2972
1.0784e-14 0.1707
1.6478e-14 0.1524
2.0801e-14 0.1472
1.5815e-14 0.1541
8.7283e-15 0.1586
7.4976e-15 0.1850
4.6261e-15 0.2596
3.9414e-15 0.3880
3.8976e-15 0.2360
5.2064e-15 0.2047
8.5423e-15 0.1911
1.0512e-14 0.1765
1.0289e-14 0.1841
5.3800e-15 0.2023
4.1702e-15 0.1981
3.0990e-15 0.2830
4.3833e-15 0.2828
4.2930e-15 0.2334
6.0927e-15 0.2416
1.0327e-14 0.2227
1.0275e-14 0.1708
6.9324e-15 0.1868
6.9890e-15 0.2531
4.0511e-15 0.2197
5.1970e-15 0.2436
5.4089e-15 0.2864
7.5646e-15 0.2198
1.3366e-14 0.1737
1.1395e-14 0.1262
1.4488e-14 0.1381
1.7176e-14 0.1238
1.1397e-14 0.1748
9.7512e-15 0.1967
2.8839e-15 0.2245
8.8533e-15 0.2177
9.2868e-15 0.2062
1.8077e-14 0.1277
3.3347e-14 0.0994
3.6777e-14 0.0926
3.1697e-14 0.0977
1.9215e-14 0.1371
1.0324e-14 0.1672
7.4510e-15 0.2241
7.6596e-15 0.1867
1.1816e-14 0.1461
2.7841e-14 0.1053
1.1830e-13 0.0596
2.4737e-13 0.0417
1.0408e-13 0.0610
3.7764e-14 0.1062
1.6796e-14 0.1289
6.7059e-15 0.2107
9.7226e-15 0.1692
1.7212e-14 0.1241
4.0791e-14 0.1065
2.4653e-13 0.0414
5.6589e-13 0.0283
2.5353e-13 0.0416
4.4186e-14 0.0965
1.8846e-14 0.1531
1.0798e-14 0.1862
7.0330e-15 0.1953
1.5209e-14 0.1510
3.1886e-14 0.1061
1.1483e-13 0.0586
2.4168e-13 0.0412
1.1842e-13 0.0594
3.4626e-14 0.1055
1.3112e-14 0.1501
7.7986e-15 0.2121
6.9065e-15 0.1970
9.8849e-15 0.1721
1.5520e-14 0.1275
3.0728e-14 0.1147
4.2010e-14 0.1029
2.8204e-14 0.1028
1.6981e-14 0.1133
1.0488e-14 0.1437
5.4200e-15 0.1676
5.0803e-15 0.2470
4.2443e-15 0.1713
8.9380e-15 0.1677
1.4982e-14 0.1487
1.5910e-14 0.1582
1.1873e-14 0.1408
1.0028e-14 0.1698
7.6244e-15 0.2013
5.8516e-15 0.2262
4.0426e-15 0.2828
3.6399e-15 0.1918
5.1721e-15 0.1858
8.7465e-15 0.1722
1.0748e-14 0.2193
8.3048e-15 0.1978
5.1782e-15 0.2084
6.0358e-15 0.2790
6.7697e-15 0.2972
5.1318e-15 0.3158
4.3939e-15 0.2267
9.6793e-15 0.1905
9.4145e-15 0.1816
1.1493e-14 0.2083
9.3542e-15 0.1846
5.7255e-15 0.2297
4.5486e-15 0.1871
4.3133e-15 0.2563
4.5186e-15 0.2193
7.0596e-15 0.2435
1.1769e-14 0.1551
1.4364e-14 0.1572
1.5794e-14 0.1518
1.3061e-14 0.1532
8.8446e-15 0.1476
9.5999e-15 0.1859
4.6056e-15 0.2285
8.0396e-15 0.2230
1.1328e-14 0.1823
1.7362e-14 0.1325
3.1415e-14 0.1193
3.4521e-14 0.1053
2.9374e-14 0.1209
1.9597e-14 0.1417
1.3360e-14 0.1812
6.0607e-15 0.1761
1.0139e-14 0.2438
1.4016e-14 0.1705
2.8583e-14 0.1110
5.7067e-14 0.0817
6.9378e-14 0.0720
5.4888e-14 0.0866
2.6739e-14 0.1252
1.5306e-14 0.1578
6.1989e-15 0.1760
1.1191e-14 0.1742
1.7022e-14 0.1556
2.5548e-14 0.1088
7.1288e-14 0.0786
1.0705e-13 0.0626
7.2752e-14 0.0735
4.1604e-14 0.0990
1.6299e-14 0.1418
8.2619e-15 0.1854
5.1061e-15 0.1758
1.5102e-14 0.1492
2.6378e-14 0.1113
5.7167e-14 0.0827
6.5557e-14 0.0768
5.1682e-14 0.0874
3.2207e-14 0.1135
1.2678e-14 0.1477
8.1808e-15 0.2212
5.8628e-15 0.1830
8.2137e-15 0.1719
1.5869e-14 0.1226
2.7074e-14 0.1211
3.8712e-14 0.1024
2.6836e-14 0.1111
2.1381e-14 0.1573
8.9972e-15 0.1633
6.9063e-15 0.1946
2.8407e-15 0.2201
5.6500e-15 0.2144
9.3426e-15 0.1831
1.7290e-14 0.1474
1.5430e-14 0.1418
1.5742e-14 0.1708
9.2368e-15 0.1348
1.1549e-14 0.2084
3.1094e-15 0.2182
2.4237e-15 0.2227
4.1948e-15 0.2040
3.7892e-15 0.1873
8.8583e-15 0.1823
8.4325e-15 0.2033
6.4741e-15 0.1669
7.9275e-15 0.1877
4.3318e-15 0.2042
3.9868e-15 0.2967
3.9019e-15 0.2378
5.2639e-15 0.2049
8.6433e-15 0.2334
1.0612e-14 0.1803
9.1288e-15 0.1726
7.2016e-15 0.2134
6.5883e-15 0.2498
4.5095e-15 0.2215
4.4870e-15 0.2687
5.0495e-15 0.2360
6.0215e-15 0.2035
9.6018e-15 0.1549
1.3429e-14 0.1958
1.2658e-14 0.1439
1.5329e-14 0.1577
1.2777e-14 0.1529
6.5293e-15 0.2036
3.2977e-15 0.2649
6.4826e-15 0.2296
1.2255e-14 0.1746
2.0383e-14 0.1360
2.5365e-14 0.1161
3.4789e-14 0.1094
3.2041e-14 0.1148
1.8118e-14 0.1332
1.0658e-14 0.2124
7.7779e-15 0.2148
9.9468e-15 0.2030
1.2734e-14 0.1546
2.4236e-14 0.1223
5.2522e-14 0.0977
6.8391e-14 0.0832
4.5543e-14 0.0863
2.3188e-14 0.1138
1.9203e-14 0.1526
1.0209e-14 0.2004
9.4329e-15 0.2224
1.3260e-14 0.1722
2.4896e-14 0.1080
6.2331e-14 0.0789
9.2336e-14 0.0691
6.9305e-14 0.0821
3.1819e-14 0.1083
1.7182e-14 0.1647
9.9616e-15 0.2121
5.5918e-15 0.1973
1.5623e-14 0.1825
2.5113e-14 0.1189
5.0912e-14 0.0897
6.3237e-14 0.0791
4.3877e-14 0.0846
3.0391e-14 0.1160
1.3920e-14 0.1724
6.3415e-15 0.1992
4.6822e-15 0.2152
7.7353e-15 0.1976
2.0219e-14 0.1357
2.5694e-14 0.1067
3.3677e-14 0.1115
2.7830e-14 0.1190
1.7654e-14 0.1476
1.0107e-14 0.1886
6.2037e-15 0.1851
3.2771e-15 0.1817
7.4333e-15 0.2498
9.7831e-15 0.1830
1.6241e-14 0.1441
1.5208e-14 0.1448
1.4062e-14 0.1422
1.1758e-14 0.1569
1.0094e-14 0.1736
3.8931e-15 0.1930
2.7158e-15 0.2868
5.0048e-15 0.1819
3.7756e-15 0.2286
8.6878e-15 0.1871
6.7044e-15 0.1657
7.0240e-15 0.1967
6.5941e-15 0.1970
3.7407e-15 0.1883
3.7365e-15 0.2439
3.7842e-15 0.2694
6.2379e-15 0.2161
7.5074e-15 0.1953
8.4704e-15 0.2047
1.1392e-14 0.1931
7.6789e-15 0.1827
8.7575e-15 0.2443
5.4009e-15 0.1946
4.8877e-15 0.2489
3.7746e-15 0.2253
7.5328e-15 0.2205
1.0250e-14 0.1497
9.6354e-15 0.1427
1.2031e-14 0.1731
1.1161e-14 0.1716
9.5316e-15 0.1636
1.1162e-14 0.1832
4.0639e-15 0.2514
8.1517e-15 0.2273
8.1345e-15 0.1661
1.5297e-14 0.1330
2.5640e-14 0.1254
3.0127e-14 0.1099
2.9043e-14 0.1146
2.0169e-14 0.1363
1.3813e-14 0.1694
7.7290e-15 0.1909
7.6902e-15 0.1733
1.5345e-14 0.1747
2.3284e-14 0.1258
4.7471e-14 0.0945
5.5798e-14 0.0854
4.4388e-14 0.1055
2.2382e-14 0.1327
1.2540e-14 0.1575
8.9461e-15 0.2110
9.7420e-15 0.2279
1.1680e-14 0.1503
2.7114e-14 0.1104
5.3535e-14 0.0854
8.3523e-14 0.0731
5.8980e-14 0.0825
3.1805e-14 0.1130
1.5134e-14 0.1349
8.4536e-15 0.1803
7.3355e-15 0.2107
1.7676e-14 0.1565
2.5264e-14 0.1119
4.0366e-14 0.0940
5.7364e-14 0.0841
4.7664e-14 0.0914
2.6831e-14 0.1176
1.4087e-14 0.1478
5.8429e-15 0.2652
5.4399e-15 0.1915
8.6038e-15 0.1876
1.8308e-14 0.1304
2.0169e-14 0.1297
2.3457e-14 0.1164
2.6411e-14 0.1215
1.5648e-14 0.1761
7.8906e-15 0.1668
4.9283e-15 0.2116
4.9093e-15 0.2654
5.0413e-15 0.2663
8.1550e-15 0.1591
1.6033e-14 0.1457
2.1655e-14 0.1352
1.3566e-14 0.1573
8.5705e-15 0.1792
7.6058e-15 0.1983
5.4162e-15 0.2790
2.5934e-15 0.3952
4.7882e-15 0.2331
6.3153e-15 0.2671
7.0772e-15 0.1954
8.2335e-15 0.1701
8.0664e-15 0.1995
7.0161e-15 0.1885
6.9848e-15 0.3438
4.1571e-15 0.3512
3.7832e-15 0.2437
8.0233e-15 0.2144
6.7329e-15 0.1817
4.9576e-15 0.2224
8.7928e-15 0.2497
8.1534e-15 0.1949
6.3092e-15 0.2242
6.4744e-15 0.2444
5.1302e-15 0.3232
2.4288e-15 0.2309
7.2616e-15 0.2364
1.2534e-14 0.1672
1.7320e-14 0.1554
1.1231e-14 0.1755
1.2382e-14 0.1496
1.0786e-14 0.1833
8.2337e-15 0.1981
6.6590e-15 0.2474
8.0173e-15 0.2397
1.0180e-14 0.1779
1.5049e-14 0.1708
2.2358e-14 0.1251
3.3831e-14 0.1100
2.4012e-14 0.1236
1.6882e-14 0.1350
1.2062e-14 0.1700
9.0965e-15 0.1924
7.7886e-15 0.1803
1.4080e-14 0.1487
2.3564e-14 0.1261
4.2930e-14 0.1032
5.3964e-14 0.0928
4.4208e-14 0.1031
2.2525e-14 0.1366
1.3733e-14 0.1576
8.2103e-15 0.1832
7.3946e-15 0.1923
1.1889e-14 0.1892
2.2151e-14 0.1307
4.8531e-14 0.0888
7.0740e-14 0.0840
4.9038e-14 0.0979
3.1353e-14 0.1104
1.4241e-14 0.1460
8.4721e-15 0.2157
1.0499e-14 0.2082
1.5966e-14 0.1598
2.3001e-14 0.1205
3.2665e-14 0.1007
5.1275e-14 0.0896
3.8928e-14 0.1071
3.0315e-14 0.1256
1.5995e-14 0.1597
6.9060e-15 0.1760
4.2552e-15 0.2469
9.2899e-15 0.2264
1.8413e-14 0.1434
2.1191e-14 0.1175
2.5460e-14 0.1203
2.2897e-14 0.1219
1.3160e-14 0.1523
1.0817e-14 0.1774
5.0983e-15 0.2038
5.1267e-15 0.2355
7.9623e-15 0.2053
1.1474e-14 0.1775
1.3016e-14 0.1491
1.7244e-14 0.1552
1.9335e-14 0.1545
7.8896e-15 0.1756
9.0367e-15 0.2467
4.7767e-15 0.2249
2.7082e-15 0.3337
4.1835e-15 0.2157
6.3428e-15 0.1895
1.1510e-14 0.1792
7.4326e-15 0.2137
7.4218e-15 0.2277
6.2341e-15 0.1956
4.5894e-15 0.2449
4.9418e-15 0.2729
3.2152e-15 0.3180
4.1799e-15 0.2297
6.6818e-15 0.2205
9.0153e-15 0.2777
8.7253e-15 0.2198
7.7474e-15 0.2009
5.3431e-15 0.2303
5.0213e-15 0.2415
3.1244e-15 0.2669
3.2418e-15 0.3566
8.1080e-15 0.1800
1.0223e-14 0.1619
1.1748e-14 0.1830
1.3332e-14 0.1911
1.3331e-14 0.1469
9.4796e-15 0.1619
7.8494e-15 0.2098
6.1726e-15 0.2197
5.8317e-15 0.2112
8.6216e-15 0.1621
1.8298e-14 0.1885
1.9192e-14 0.1528
2.9949e-14 0.1179
2.4778e-14 0.1176
2.2753e-14 0.1439
1.2866e-14 0.2195
6.5549e-15 0.1955
7.8644e-15 0.2294
1.1684e-14 0.1836
2.5161e-14 0.1454
4.1372e-14 0.1030
4.0420e-14 0.0947
4.2817e-14 0.1091
1.9644e-14 0.1313
1.1677e-14 0.1518
9.8795e-15 0.1992
7.4293e-15 0.2360
1.0630e-14 0.1718
2.1897e-14 0.1239
4.2601e-14 0.0929
6.3185e-14 0.0790
4.2808e-14 0.0969
2.6488e-14 0.1194
1.5236e-14 0.1650
6.9942e-15 0.2134
8.3618e-15 0.2159
1.4252e-14 0.1642
2.8021e-14 0.1279
3.3420e-14 0.0981
4.7756e-14 0.0963
3.3439e-14 0.0986
2.6004e-14 0.1249
1.1168e-14 0.1739
7.7879e-15 0.2263
5.1605e-15 0.3549
8.7468e-15 0.2097
1.4463e-14 0.1641
1.9918e-14 0.1181
2.1487e-14 0.1306
1.9542e-14 0.1338
1.4716e-14 0.1585
1.3291e-14 0.1724
6.4452e-15 0.2513
6.2655e-15 0.2878
5.7554e-15 0.2405
9.9496e-15 0.1615
1.3674e-14 0.1506
1.4079e-14 0.1569
1.8074e-14 0.1391
8.2251e-15 0.2018
6.4725e-15 0.2218
4.8861e-15 0.2274
2.1356e-15 0.2001
4.4953e-15 0.2266
5.1299e-15 0.1879
7.0768e-15 0.2047
7.4486e-15 0.2194
7.2927e-15 0.2049
4.5340e-15 0.2379
6.6323e-15 0.2633
4.7741e-15 0.2775
3.0631e-15 0.3047
6.5761e-15 0.2176
7.1165e-15 0.1858
5.6671e-15 0.1969
7.8685e-15 0.2026
1.1837e-14 0.2029
6.5641e-15 0.2031
4.3453e-15 0.2092
3.9576e-15 0.2616
3.4406e-15 0.2428
7.2482e-15 0.1700
1.2268e-14 0.1555
1.0919e-14 0.1649
1.3495e-14 0.1815
9.8314e-15 0.1724
9.3915e-15 0.1831
9.0596e-15 0.2415
6.6094e-15 0.2327
7.7327e-15 0.2274
9.1590e-15 0.1750
1.2090e-14 0.1610
2.3243e-14 0.1439
3.3003e-14 0.1205
2.4143e-14 0.1327
1.7768e-14 0.1534
1.0488e-14 0.1689
8.1692e-15 0.2218
7.3383e-15 0.1966
1.1162e-14 0.1784
2.3631e-14 0.1352
3.8717e-14 0.1091
4.6828e-14 0.0988
3.1253e-14 0.1139
2.4809e-14 0.1326
9.0802e-15 0.2158
9.6354e-15 0.2020
8.5730e-15 0.2022
7.7835e-15 0.1615
2.3751e-14 0.1171
4.0936e-14 0.0984
5.8195e-14 0.0848
4.2761e-14 0.0980
2.4048e-14 0.1300
1.8111e-14 0.1526
9.0313e-15 0.1782
1.2345e-14 0.2025
1.1510e-14 0.1908
2.4117e-14 0.1399
2.8326e-14 0.1109
4.2315e-14 0.1002
3.1943e-14 0.1033
2.3307e-14 0.1353
1.3692e-14 0.1613
8.1984e-15 0.2054
4.1575e-15 0.2582
9.3876e-15 0.2475
1.3634e-14 0.1453
2.2824e-14 0.1333
1.7418e-14 0.1267
2.2898e-14 0.1449
1.3894e-14 0.1453
1.1422e-14 0.1815
5.7282e-15 0.2147
4.6598e-15 0.3223
5.3683e-15 0.2132
1.2538e-14 0.1920
1.1278e-14 0.1719
1.6491e-14 0.1584
1.6105e-14 0.1663
7.6345e-15 0.1931
9.0961e-15 0.2126
4.1154e-15 0.3987
2.5903e-15 0.2386
5.5836e-15 0.2669
5.7968e-15 0.1772
9.2907e-15 0.1719
6.8632e-15 0.2137
8.9287e-15 0.2103
6.9557e-15 0.1959
4.5284e-15 0.2180
3.5032e-15 0.2697
3.2697e-15 0.2616
3.0086e-15 0.2950
6.5677e-15 0.2274
9.2707e-15 0.2036
7.9554e-15 0.2227
8.5969e-15 0.2322
6.0691e-15 0.3048
5.2685e-15 0.3429
6.6713e-15 0.2567
6.7873e-15 0.2237
8.7984e-15 0.1968
1.0419e-14 0.1548
8.5227e-15 0.1821
1.1390e-14 0.1549
1.5050e-14 0.1685
1.0314e-14 0.1756
9.3824e-15 0.1764
6.2846e-15 0.2345
6.8552e-15 0.2384
1.1276e-14 0.2141
1.4483e-14 0.1759
2.0693e-14 0.1388
2.4587e-14 0.1344
2.2828e-14 0.1345
1.4676e-14 0.1631
9.9608e-15 0.1564
5.4705e-15 0.2423
6.2194e-15 0.2211
1.1885e-14 0.1732
2.6603e-14 0.1423
3.0294e-14 0.1133
4.2613e-14 0.0979
2.7698e-14 0.1209
1.8991e-14 0.1421
9.6545e-15 0.1587
1.0809e-14 0.1974
5.4966e-15 0.2448
6.9465e-15 0.1806
2.0854e-14 0.1335
3.5188e-14 0.1125
4.6749e-14 0.0861
3.3454e-14 0.1160
2.3477e-14 0.1344
1.2872e-14 0.1669
7.4578e-15 0.2032
1.1736e-14 0.2060
1.1328e-14 0.1591
1.3006e-14 0.1280
2.6977e-14 0.1145
3.4452e-14 0.1094
2.5985e-14 0.1125
2.0025e-14 0.1461
1.5656e-14 0.1626
9.0894e-15 0.2065
6.7768e-15 0.2617
7.9273e-15 0.1773
1.2326e-14 0.1747
1.5769e-14 0.1438
2.1745e-14 0.1333
1.7785e-14 0.1403
1.3355e-14 0.1492
1.2159e-14 0.1794
8.6275e-15 0.2029
5.3212e-15 0.2713
7.5275e-15 0.1899
6.8693e-15 0.2000
1.2795e-14 0.1607
1.4747e-14 0.1851
1.3770e-14 0.1615
1.0095e-14 0.1784
9.3855e-15 0.2273
5.3645e-15 0.2120
3.7993e-15 0.2704
4.8973e-15 0.3979
6.0853e-15 0.2103
1.0633e-14 0.1588
8.7123e-15 0.1853
5.4241e-15 0.2145
8.2544e-15 0.2875
5.4770e-15 0.2270
5.6589e-15 0.3216
