     9      9     20
d_kernel   u_kernel

3.9082e-16 0.4658
9.5752e-16 0.4106
2.4173e-15 0.4430
2.5595e-15 0.2847
1.1216e-14 0.2219
5.4236e-15 0.2864
1.6898e-15 0.3109
6.9012e-16 0.2585
7.0496e-16 0.3749
5.5431e-16 0.3073
2.4851e-15 0.3480
4.6222e-14 0.1178
1.7764e-13 0.0617
3.1894e-13 0.0487
1.9388e-13 0.0603
4.0876e-14 0.1185
1.8414e-15 0.3598
0.0000e+00 1.0000
1.6237e-15 0.2419
4.3163e-14 0.1251
4.2731e-13 0.0421
9.5314e-13 0.0275
1.2138e-12 0.0248
1.0890e-12 0.0269
4.6607e-13 0.0408
4.5457e-14 0.1235
3.5013e-15 0.4487
6.0648e-15 0.3014
1.6903e-13 0.0644
9.9337e-13 0.0275
1.6048e-12 0.0219
2.4793e-12 0.0170
1.7011e-12 0.0212
1.0404e-12 0.0270
1.9024e-13 0.0628
3.1905e-15 0.3106
4.8317e-15 0.2974
3.1084e-13 0.0491
1.2355e-12 0.0249
2.4248e-12 0.0170
1.1635e-09 0.0002
2.5291e-12 0.0169
1.2733e-12 0.0250
2.9252e-13 0.0500
1.1784e-14 0.2084
2.3929e-15 0.2879
1.8227e-13 0.0649
1.0301e-12 0.0276
1.6699e-12 0.0213
2.4524e-12 0.0170
1.7170e-12 0.0213
1.0604e-12 0.0270
1.9065e-13 0.0616
5.0905e-15 0.2689
1.5071e-15 0.4996
5.4218e-14 0.1113
4.5277e-13 0.0419
1.0455e-12 0.0276
1.2684e-12 0.0251
1.0096e-12 0.0271
4.1615e-13 0.0420
4.1173e-14 0.1298
1.3478e-15 0.2568
6.1378e-16 0.2963
5.2444e-15 0.2889
4.2138e-14 0.1244
1.8478e-13 0.0629
3.0325e-13 0.0494
2.1541e-13 0.0574
2.7907e-14 0.1330
1.0526e-15 0.2648
1.0463e-15 0.3132
6.2005e-16 0.3683
1.8773e-15 0.4641
1.5456e-15 0.2756
2.4945e-15 0.4321
7.1628e-15 0.2282
2.2269e-15 0.3226
1.5832e-15 0.2691
9.4933e-16 0.2741
8.7932e-16 0.4047
1.3015e-15 0.3722
1.0595e-15 0.2985
1.7914e-15 0.2653
6.1014e-15 0.2486
1.1359e-14 0.1916
7.0042e-15 0.2511
2.3434e-15 0.2873
1.4714e-15 0.2148
1.4693e-15 0.3118
5.9952e-16 0.3343
5.4043e-15 0.2991
8.6835e-14 0.0882
4.1089e-13 0.0424
6.4954e-13 0.0343
3.9622e-13 0.0435
7.8444e-14 0.0915
3.4710e-15 0.3179
2.3070e-15 0.3298
2.6953e-15 0.3041
7.7340e-14 0.0898
9.4594e-13 0.0288
2.4576e-12 0.0182
3.0597e-12 0.0161
2.4571e-12 0.0180
1.0183e-12 0.0280
7.4009e-14 0.0904
2.4555e-15 0.2627
6.3536e-15 0.2674
4.1624e-13 0.0430
2.4487e-12 0.0182
4.8056e-12 0.0129
1.0326e-11 0.0083
5.0578e-12 0.0127
2.4438e-12 0.0180
4.1394e-13 0.0427
7.0936e-15 0.2574
1.0601e-14 0.2351
6.3309e-13 0.0347
3.0926e-12 0.0162
1.0272e-11 0.0083
1.2578e-09 0.0002
1.0504e-11 0.0083
3.0668e-12 0.0161
6.5039e-13 0.0343
1.2407e-14 0.1919
6.2002e-15 0.2848
4.1366e-13 0.0427
2.4145e-12 0.0182
4.9850e-12 0.0128
1.0503e-11 0.0082
4.8650e-12 0.0128
2.4579e-12 0.0181
3.9373e-13 0.0430
8.0421e-15 0.2372
2.1658e-15 0.4305
8.7622e-14 0.0852
9.5194e-13 0.0284
2.4961e-12 0.0180
2.9781e-12 0.0163
2.4964e-12 0.0181
9.7570e-13 0.0287
8.0506e-14 0.0885
1.7705e-15 0.2525
0.0000e+00 1.0000
2.5369e-15 0.2529
7.7100e-14 0.0916
3.6122e-13 0.0451
6.5532e-13 0.0345
4.3361e-13 0.0406
8.5703e-14 0.0879
3.0131e-15 0.3334
1.3067e-15 0.3294
0.0000e+00 1.0000
8.7648e-16 0.4088
1.8283e-15 0.4356
7.5895e-15 0.2451
1.3914e-14 0.2066
5.7585e-15 0.2751
2.2863e-15 0.3505
9.1993e-16 0.3081
7.1679e-16 0.4531
8.3748e-16 0.3438
7.6381e-16 0.2700
1.9471e-15 0.2594
8.1108e-15 0.2358
1.1662e-14 0.2262
6.8930e-15 0.2560
2.3090e-15 0.2101
1.7377e-15 0.2303
1.2889e-15 0.2408
1.3255e-15 0.3589
3.4981e-15 0.2924
1.1898e-13 0.0716
7.2457e-13 0.0319
1.1150e-12 0.0256
6.8973e-13 0.0324
1.1781e-13 0.0737
4.4928e-15 0.2812
1.0412e-15 0.2942
2.0930e-15 0.3261
1.2296e-13 0.0704
1.7891e-12 0.0212
5.3464e-12 0.0125
7.0005e-12 0.0109
5.3630e-12 0.0124
1.7674e-12 0.0210
1.2816e-13 0.0697
2.4296e-15 0.3091
6.8410e-15 0.2515
7.0530e-13 0.0321
5.2808e-12 0.0126
1.4901e-11 0.0074
4.4214e-11 0.0039
1.5266e-11 0.0073
5.3065e-12 0.0125
6.6034e-13 0.0326
4.3848e-15 0.2673
1.2157e-14 0.1940
1.1998e-12 0.0255
7.1741e-12 0.0108
4.4255e-11 0.0039
1.2224e-09 0.0003
4.4305e-11 0.0039
7.0717e-12 0.0108
1.1291e-12 0.0256
1.3012e-14 0.1931
7.3259e-15 0.2280
7.1841e-13 0.0315
5.2653e-12 0.0126
1.5052e-11 0.0074
4.4352e-11 0.0039
1.5102e-11 0.0074
5.3829e-12 0.0125
6.9936e-13 0.0319
6.3800e-15 0.2605
9.6330e-16 0.2499
1.3319e-13 0.0685
1.8073e-12 0.0209
5.4179e-12 0.0125
7.0922e-12 0.0108
5.2858e-12 0.0126
1.8026e-12 0.0212
1.1372e-13 0.0724
1.7661e-15 0.3403
0.0000e+00 1.0000
4.5055e-15 0.3060
1.0776e-13 0.0748
6.8718e-13 0.0326
1.1819e-12 0.0255
7.0044e-13 0.0320
1.2523e-13 0.0717
2.7465e-15 0.2813
1.1237e-15 0.2954
8.0536e-16 0.2992
1.7258e-15 0.2717
1.5388e-15 0.3413
6.7303e-15 0.2410
1.6377e-14 0.1754
8.9775e-15 0.2242
1.3890e-15 0.2064
9.7549e-16 0.4530
1.2574e-15 0.3718
6.2595e-16 0.3214
1.3881e-15 0.3228
1.9391e-15 0.2664
5.1341e-15 0.2369
7.0467e-15 0.2088
6.0660e-15 0.2128
3.1737e-15 0.2951
1.9940e-15 0.2384
2.9466e-15 0.3201
6.6503e-16 0.2857
4.7990e-15 0.2578
1.5081e-13 0.0622
1.0193e-12 0.0261
1.7019e-12 0.0208
1.0075e-12 0.0265
1.3155e-13 0.0678
3.3311e-15 0.2367
1.7675e-15 0.2687
1.8229e-15 0.2786
1.4341e-13 0.0644
2.8705e-12 0.0165
1.0291e-11 0.0091
1.4513e-11 0.0076
1.0240e-11 0.0091
2.8137e-12 0.0168
1.6225e-13 0.0612
2.4953e-15 0.2333
6.2330e-15 0.2362
9.9128e-13 0.0264
1.0275e-11 0.0091
3.9374e-11 0.0045
1.1417e-10 0.0024
3.9330e-11 0.0045
1.0230e-11 0.0092
9.6795e-13 0.0270
3.9207e-15 0.2488
1.0884e-14 0.1940
1.7511e-12 0.0204
1.4704e-11 0.0076
1.1462e-10 0.0024
9.5597e-10 0.0004
1.1420e-10 0.0024
1.4666e-11 0.0076
1.7337e-12 0.0207
8.5312e-15 0.2099
4.0004e-15 0.2196
1.0517e-12 0.0259
1.0374e-11 0.0091
3.9617e-11 0.0045
1.1462e-10 0.0024
3.9612e-11 0.0045
1.0215e-11 0.0091
1.0095e-12 0.0262
4.7615e-15 0.2536
1.7443e-15 0.2646
1.4308e-13 0.0648
2.9175e-12 0.0166
1.0309e-11 0.0091
1.4775e-11 0.0076
1.0209e-11 0.0091
2.8492e-12 0.0167
1.3641e-13 0.0634
1.8611e-15 0.3198
2.0047e-15 0.2752
1.7628e-15 0.2635
1.1757e-13 0.0705
9.9761e-13 0.0266
1.7751e-12 0.0204
1.0264e-12 0.0261
1.4639e-13 0.0651
2.4645e-15 0.2752
1.3838e-15 0.3584
8.1288e-16 0.3102
1.3208e-15 0.3018
2.2314e-15 0.3886
4.7638e-15 0.2478
1.3369e-14 0.1830
7.1553e-15 0.2948
2.7455e-15 0.3014
1.3643e-15 0.2307
8.2088e-16 0.3060
0.0000e+00 1.0000
3.1174e-15 0.4120
3.3992e-15 0.3239
6.0494e-15 0.2559
5.3103e-15 0.1966
5.9966e-15 0.3208
1.9593e-15 0.2526
1.8562e-15 0.2737
1.7209e-15 0.3606
1.6374e-15 0.3482
4.7749e-15 0.3212
1.3166e-13 0.0640
1.0960e-12 0.0246
1.9634e-12 0.0188
1.1376e-12 0.0246
1.1618e-13 0.0683
3.6972e-15 0.2911
1.0358e-15 0.3379
1.9893e-15 0.3817
1.1654e-13 0.0696
3.6841e-12 0.0144
1.6006e-11 0.0073
2.4299e-11 0.0059
1.5771e-11 0.0073
3.7048e-12 0.0144
1.1841e-13 0.0671
1.9484e-15 0.2384
2.9563e-15 0.3010
1.1264e-12 0.0243
1.5870e-11 0.0073
6.9682e-11 0.0034
1.6296e-10 0.0020
6.9470e-11 0.0034
1.5875e-11 0.0073
1.0979e-12 0.0246
2.9843e-15 0.2346
7.9907e-15 0.2260
2.1156e-12 0.0183
2.4760e-11 0.0058
1.6251e-10 0.0020
6.3533e-10 0.0007
1.6239e-10 0.0020
2.4570e-11 0.0059
2.0659e-12 0.0185
5.3836e-15 0.2264
4.3340e-15 0.2291
1.1264e-12 0.0242
1.6196e-11 0.0073
7.0303e-11 0.0033
1.6234e-10 0.0020
7.0290e-11 0.0033
1.6133e-11 0.0072
1.0968e-12 0.0248
5.1107e-15 0.2310
2.0121e-15 0.2931
1.2807e-13 0.0651
3.7870e-12 0.0143
1.6160e-11 0.0072
2.4850e-11 0.0058
1.5846e-11 0.0073
3.6926e-12 0.0145
1.2575e-13 0.0645
1.3671e-15 0.3150
1.9558e-15 0.3670
3.0918e-15 0.2833
1.1158e-13 0.0717
1.1087e-12 0.0245
2.0141e-12 0.0186
1.1542e-12 0.0237
1.3041e-13 0.0680
2.3152e-15 0.2295
9.1826e-16 0.2939
0.0000e+00 1.0000
7.3864e-16 0.3112
1.9260e-15 0.2578
5.6440e-15 0.2404
7.7555e-15 0.2041
4.3507e-15 0.2446
1.6581e-15 0.2719
1.3144e-15 0.2754
7.0177e-16 0.3610
2.1295e-15 0.4127
3.0696e-15 0.3314
3.4659e-15 0.2640
6.5458e-15 0.2587
5.6782e-15 0.2110
5.2956e-15 0.2763
3.3739e-15 0.2239
1.9064e-15 0.2096
1.2217e-15 0.3320
3.9570e-15 0.3479
1.9809e-15 0.2688
6.9864e-14 0.0828
8.5303e-13 0.0268
1.8094e-12 0.0189
8.5465e-13 0.0271
6.9308e-14 0.0846
1.9692e-15 0.2833
1.6334e-15 0.2494
1.6152e-15 0.2310
5.9490e-14 0.0885
3.5556e-12 0.0142
1.8959e-11 0.0065
3.0967e-11 0.0052
1.8936e-11 0.0066
3.5441e-12 0.0142
6.5353e-14 0.0868
3.4533e-15 0.2518
2.4374e-15 0.2914
8.5581e-13 0.0267
1.8875e-11 0.0066
8.6652e-11 0.0030
1.6625e-10 0.0020
8.6118e-11 0.0030
1.8852e-11 0.0066
8.0251e-13 0.0274
2.6913e-15 0.2880
4.2706e-15 0.1843
1.7210e-12 0.0194
3.1295e-11 0.0051
1.6616e-10 0.0020
4.0691e-10 0.0010
1.6597e-10 0.0020
3.0704e-11 0.0052
1.7802e-12 0.0191
6.9172e-15 0.2780
4.1437e-15 0.1997
8.3980e-13 0.0268
1.9066e-11 0.0065
8.6744e-11 0.0030
1.6560e-10 0.0020
8.6554e-11 0.0030
1.9058e-11 0.0066
8.4914e-13 0.0268
4.3081e-15 0.2363
2.9398e-15 0.2340
6.9803e-14 0.0857
3.4841e-12 0.0143
1.9118e-11 0.0065
3.1043e-11 0.0051
1.8832e-11 0.0066
3.4800e-12 0.0143
6.8055e-14 0.0831
4.3743e-15 0.2984
1.7398e-15 0.3300
2.3250e-15 0.2549
6.5526e-14 0.0887
8.9260e-13 0.0264
1.7208e-12 0.0192
8.6456e-13 0.0266
6.5344e-14 0.0838
2.3662e-15 0.2020
1.6700e-15 0.2408
1.0219e-15 0.2937
7.9106e-16 0.2878
1.3613e-15 0.2346
2.7334e-15 0.1909
4.7782e-15 0.2046
4.0146e-15 0.2074
1.7077e-15 0.3983
1.6494e-15 0.2179
1.5283e-15 0.3134
2.0593e-15 0.4492
2.3777e-15 0.3205
3.2117e-15 0.2707
4.2871e-15 0.2316
4.7705e-15 0.2079
4.8434e-15 0.2242
3.3448e-15 0.2577
2.0138e-15 0.3251
2.0175e-15 0.2530
2.5366e-15 0.3020
4.3062e-15 0.2740
1.9700e-14 0.1292
3.7993e-13 0.0375
9.7143e-13 0.0240
4.1749e-13 0.0355
2.6516e-14 0.1176
2.8938e-15 0.2086
1.9388e-15 0.2626
2.3922e-15 0.3143
2.3382e-14 0.1367
2.3121e-12 0.0167
1.6350e-11 0.0068
2.8540e-11 0.0052
1.6150e-11 0.0068
2.2125e-12 0.0170
2.3128e-14 0.1391
3.0037e-15 0.3392
3.6305e-15 0.2272
4.1285e-13 0.0363
1.6373e-11 0.0068
8.1898e-11 0.0031
1.4109e-10 0.0022
8.1335e-11 0.0031
1.6007e-11 0.0069
3.8797e-13 0.0377
4.2242e-15 0.2053
3.1714e-15 0.2102
9.4214e-13 0.0246
2.8379e-11 0.0052
1.4123e-10 0.0022
2.6764e-10 0.0014
1.4211e-10 0.0022
2.8534e-11 0.0052
9.2968e-13 0.0247
3.4930e-15 0.2302
4.3184e-15 0.2669
4.3428e-13 0.0351
1.6316e-11 0.0068
8.1599e-11 0.0031
1.4118e-10 0.0022
8.1377e-11 0.0031
1.6223e-11 0.0069
3.8974e-13 0.0373
1.9888e-15 0.1820
2.6041e-15 0.2508
2.1162e-14 0.1320
2.1905e-12 0.0171
1.6280e-11 0.0068
2.8430e-11 0.0052
1.6407e-11 0.0068
2.2373e-12 0.0170
1.9204e-14 0.1319
3.8131e-15 0.3232
3.0272e-15 0.2261
3.5490e-15 0.2748
1.9927e-14 0.1344
4.0165e-13 0.0361
9.3514e-13 0.0247
4.2927e-13 0.0359
2.0433e-14 0.1342
2.4016e-15 0.1910
2.6201e-15 0.2424
2.1890e-15 0.3605
1.1453e-15 0.2725
2.6552e-15 0.2477
3.8542e-15 0.2448
5.0149e-15 0.2349
3.1568e-15 0.2290
3.9340e-15 0.3098
1.8123e-15 0.2144
1.1985e-15 0.2244
1.8473e-15 0.3866
3.1677e-15 0.3089
2.1924e-15 0.2862
4.3075e-15 0.1792
4.6678e-15 0.2543
5.5620e-15 0.2217
5.3784e-15 0.2790
4.1065e-15 0.3472
1.0601e-15 0.2673
2.4021e-15 0.2735
4.5861e-15 0.2405
7.1099e-15 0.1787
8.6702e-14 0.0692
2.6049e-13 0.0430
9.9493e-14 0.0654
6.5652e-15 0.1627
3.9420e-15 0.2397
1.3518e-15 0.2736
2.6177e-15 0.3481
8.0193e-15 0.2030
7.6238e-13 0.0267
8.9684e-12 0.0087
1.7867e-11 0.0063
9.0971e-12 0.0086
7.9208e-13 0.0261
1.1991e-14 0.1910
3.1608e-15 0.2793
2.9178e-15 0.3068
8.9187e-14 0.0693
8.9081e-12 0.0087
5.8535e-11 0.0036
1.0118e-10 0.0026
5.8626e-11 0.0036
9.0242e-12 0.0087
1.0590e-13 0.0658
5.4037e-15 0.2513
3.3476e-15 0.2094
2.5023e-13 0.0432
1.7630e-11 0.0063
1.0102e-10 0.0026
1.7395e-10 0.0019
1.0119e-10 0.0026
1.7928e-11 0.0063
2.5052e-13 0.0435
4.9840e-15 0.2636
2.2649e-15 0.1923
8.7569e-14 0.0709
8.9192e-12 0.0087
5.8317e-11 0.0036
1.0106e-10 0.0026
5.8490e-11 0.0036
8.8934e-12 0.0087
8.9794e-14 0.0702
3.6758e-15 0.2196
3.2434e-15 0.2962
5.6116e-15 0.1684
7.9458e-13 0.0263
8.9732e-12 0.0087
1.7595e-11 0.0063
9.1974e-12 0.0086
7.6259e-13 0.0265
6.8494e-15 0.2082
3.7489e-15 0.3576
1.2711e-15 0.2381
3.2281e-15 0.3113
4.7920e-15 0.1638
8.7524e-14 0.0710
2.5676e-13 0.0434
9.4445e-14 0.0693
7.8295e-15 0.1857
3.4711e-15 0.2154
2.4840e-15 0.2866
1.9925e-15 0.4838
2.0398e-15 0.2482
3.5960e-15 0.2753
3.8022e-15 0.2198
4.8389e-15 0.2433
4.4276e-15 0.2116
3.8751e-15 0.2045
2.3784e-15 0.2898
1.1823e-15 0.2345
1.6444e-15 0.2452
2.8546e-15 0.2743
3.2976e-15 0.2251
3.4097e-15 0.2449
7.1044e-15 0.2305
4.6084e-15 0.2085
3.1425e-15 0.2299
3.0687e-15 0.2513
2.5645e-15 0.4236
3.0942e-15 0.3122
2.7582e-15 0.1688
8.0018e-15 0.1819
1.4690e-14 0.1421
3.3978e-14 0.0994
1.4026e-14 0.1375
7.3463e-15 0.2626
6.4403e-15 0.3625
2.8817e-15 0.3208
3.9141e-15 0.2821
6.4789e-15 0.2092
1.1673e-13 0.0585
2.5769e-12 0.0148
6.0556e-12 0.0100
2.5554e-12 0.0150
1.1331e-13 0.0599
5.1284e-15 0.2115
3.8618e-15 0.2038
2.8569e-15 0.1898
1.3790e-14 0.1706
2.5946e-12 0.0149
2.7391e-11 0.0050
5.2798e-11 0.0036
2.7341e-11 0.0050
2.4960e-12 0.0151
1.6548e-14 0.1357
5.3330e-15 0.2452
3.9590e-15 0.2761
3.1501e-14 0.1055
6.0214e-12 0.0101
5.3049e-11 0.0036
9.5599e-11 0.0027
5.2707e-11 0.0036
6.1340e-12 0.0100
2.8776e-14 0.1079
4.0701e-15 0.2181
2.9795e-15 0.1833
1.4675e-14 0.1554
2.5188e-12 0.0150
2.7389e-11 0.0050
5.2831e-11 0.0036
2.7527e-11 0.0050
2.5365e-12 0.0151
1.5427e-14 0.1582
6.8791e-15 0.2487
2.8627e-15 0.2737
6.2846e-15 0.1694
1.1478e-13 0.0591
2.5277e-12 0.0151
6.1554e-12 0.0100
2.5459e-12 0.0149
1.1704e-13 0.0587
5.3027e-15 0.1806
4.0358e-15 0.3194
2.3164e-15 0.2409
4.2004e-15 0.2643
5.4910e-15 0.2062
1.3162e-14 0.1438
2.5523e-14 0.1062
1.1832e-14 0.1483
8.6012e-15 0.1852
2.8570e-15 0.1864
2.8092e-15 0.2830
1.9718e-15 0.3147
2.3482e-15 0.2162
4.4715e-15 0.2647
5.6103e-15 0.2132
6.4769e-15 0.2063
3.1282e-15 0.1770
4.0665e-15 0.2031
2.1167e-15 0.2559
1.7000e-15 0.3517
2.5188e-15 0.3431
2.4730e-15 0.1898
3.6048e-15 0.2820
4.8585e-15 0.2637
6.7382e-15 0.1885
5.7939e-15 0.2487
3.7877e-15 0.2206
3.1647e-15 0.3549
2.0286e-15 0.2838
2.7265e-15 0.2282
3.6937e-15 0.2278
8.1826e-15 0.2176
8.2799e-15 0.1400
1.0174e-14 0.1397
1.1936e-14 0.1613
7.4357e-15 0.1843
3.8147e-15 0.2298
4.3570e-15 0.3891
2.3009e-15 0.1917
4.8738e-15 0.2214
1.5540e-14 0.1399
2.4320e-13 0.0417
7.3261e-13 0.0254
2.5266e-13 0.0409
1.6376e-14 0.1231
6.2276e-15 0.1948
3.8135e-15 0.3306
5.6630e-15 0.2579
9.5378e-15 0.1619
2.2960e-13 0.0427
5.8854e-12 0.0099
1.4250e-11 0.0066
5.8424e-12 0.0099
2.5972e-13 0.0412
7.9853e-15 0.1508
3.8979e-15 0.1850
5.2909e-15 0.2706
1.2214e-14 0.1498
7.5685e-13 0.0251
1.4125e-11 0.0066
3.1228e-11 0.0045
1.4071e-11 0.0066
7.3452e-13 0.0253
1.2513e-14 0.1588
5.3403e-15 0.2139
4.1223e-15 0.2213
1.0884e-14 0.1954
2.4723e-13 0.0410
5.8326e-12 0.0099
1.4145e-11 0.0066
5.9987e-12 0.0098
2.5215e-13 0.0414
6.5574e-15 0.1834
5.8829e-15 0.2467
2.3049e-15 0.2290
6.5443e-15 0.1865
1.6392e-14 0.1431
2.5372e-13 0.0407
7.5874e-13 0.0250
2.4377e-13 0.0415
1.3411e-14 0.1269
6.1470e-15 0.2394
3.4403e-15 0.2621
3.6078e-15 0.3246
5.9532e-15 0.2312
5.6821e-15 0.1752
6.8680e-15 0.1917
1.2828e-14 0.1736
8.5821e-15 0.1963
8.4421e-15 0.1882
3.9569e-15 0.1628
2.9194e-15 0.2838
2.3106e-15 0.3533
3.0543e-15 0.2536
3.1486e-15 0.2563
4.4225e-15 0.2082
7.1249e-15 0.2374
4.3369e-15 0.2162
5.9070e-15 0.2206
2.9723e-15 0.2745
1.5587e-15 0.2481
2.3748e-15 0.2754
2.8388e-15 0.2156
3.5215e-15 0.2456
4.0064e-15 0.2551
5.5562e-15 0.2104
5.5257e-15 0.1852
3.8552e-15 0.3467
2.4034e-15 0.2395
4.3901e-15 0.3258
1.9806e-15 0.2774
4.8807e-15 0.2910
6.3098e-15 0.1769
9.1130e-15 0.1811
1.0370e-14 0.1742
1.0015e-14 0.1953
9.5664e-15 0.1960
5.7697e-15 0.2359
2.0865e-15 0.2481
4.5182e-15 0.2059
6.5051e-15 0.1952
1.4793e-14 0.1401
2.1543e-14 0.1079
3.6984e-14 0.0923
2.2863e-14 0.1096
1.5971e-14 0.1526
6.1687e-15 0.2046
5.8110e-15 0.4070
6.8253e-15 0.3499
8.1157e-15 0.1889
2.4089e-14 0.1020
3.4598e-13 0.0345
1.0128e-12 0.0211
3.4319e-13 0.0346
2.1447e-14 0.1106
9.5194e-15 0.1743
4.7856e-15 0.2117
5.9547e-15 0.2194
1.0706e-14 0.1298
3.6881e-14 0.0854
1.0479e-12 0.0208
3.2336e-12 0.0124
1.0152e-12 0.0209
3.5193e-14 0.0945
1.3466e-14 0.1724
7.2269e-15 0.2408
4.9562e-15 0.2551
9.4532e-15 0.1685
2.6699e-14 0.1174
3.2938e-13 0.0348
1.0671e-12 0.0206
3.2583e-13 0.0353
2.1234e-14 0.1134
7.3555e-15 0.1675
4.2853e-15 0.2456
3.2470e-15 0.2104
5.0152e-15 0.2153
1.2664e-14 0.1777
3.0124e-14 0.1029
4.1805e-14 0.0872
2.6443e-14 0.1035
1.2928e-14 0.1462
7.3224e-15 0.2260
3.7457e-15 0.3098
2.9728e-15 0.2594
5.2295e-15 0.1903
5.5521e-15 0.1784
7.4902e-15 0.1487
1.3000e-14 0.1835
9.7223e-15 0.1594
7.6209e-15 0.1961
6.3003e-15 0.2595
1.4813e-15 0.2656
1.8622e-15 0.2847
3.1799e-15 0.2553
4.1447e-15 0.2984
3.1028e-15 0.1918
4.7776e-15 0.1803
3.1674e-15 0.2109
5.2918e-15 0.2831
2.8245e-15 0.2606
1.6778e-15 0.2298
1.4354e-15 0.2452
3.7494e-15 0.2487
3.4773e-15 0.2399
4.8718e-15 0.2161
7.0433e-15 0.2587
5.8851e-15 0.2448
5.9403e-15 0.2147
2.2321e-15 0.1976
3.4011e-15 0.3592
2.5590e-15 0.2615
2.4861e-15 0.2200
7.4680e-15 0.2378
8.3404e-15 0.1648
1.0822e-14 0.1625
7.2460e-15 0.1673
7.3140e-15 0.2128
3.9902e-15 0.2270
2.6487e-15 0.3028
5.0117e-15 0.2750
9.4680e-15 0.1772
1.1588e-14 0.1453
2.2686e-14 0.1173
2.2262e-14 0.1144
2.0796e-14 0.1296
1.3803e-14 0.1422
6.3794e-15 0.2320
3.1226e-15 0.2135
4.2475e-15 0.2125
8.6448e-15 0.1882
2.4692e-14 0.1232
4.1095e-14 0.0878
5.7380e-14 0.0741
4.3186e-14 0.0964
1.7889e-14 0.1459
9.1191e-15 0.1638
4.9013e-15 0.2746
6.8697e-15 0.2098
9.3623e-15 0.1673
2.8183e-14 0.1065
6.6807e-14 0.0698
1.3175e-13 0.0533
6.2396e-14 0.0802
2.6620e-14 0.1132
1.0534e-14 0.1413
7.0983e-15 0.2209
4.1965e-15 0.2314
1.1614e-14 0.1555
2.0363e-14 0.1398
4.5354e-14 0.0870
7.0147e-14 0.0697
4.5504e-14 0.0889
1.9364e-14 0.1337
8.5374e-15 0.1572
4.3783e-15 0.2208
3.0576e-15 0.2050
5.8864e-15 0.2078
1.6615e-14 0.1403
2.1682e-14 0.1148
2.4601e-14 0.1197
2.2079e-14 0.1066
1.4189e-14 0.1527
8.5932e-15 0.2331
3.9531e-15 0.2614
2.8996e-15 0.3287
4.3946e-15 0.2205
7.9355e-15 0.2004
8.2225e-15 0.1634
1.0883e-14 0.1814
1.2369e-14 0.1936
8.1264e-15 0.2093
7.4077e-15 0.2567
2.7372e-15 0.2486
2.7181e-15 0.3545
1.9279e-15 0.3100
5.1120e-15 0.2635
3.1280e-15 0.1698
4.6465e-15 0.2114
6.3724e-15 0.2478
3.6294e-15 0.2149
3.2748e-15 0.2589
3.4990e-15 0.3301
1.9786e-15 0.2782
2.8898e-15 0.3184
3.0048e-15 0.2522
5.9612e-15 0.2379
6.6617e-15 0.2424
4.7245e-15 0.2118
4.8792e-15 0.2672
3.3920e-15 0.2686
2.3909e-15 0.2517
3.7294e-15 0.3204
3.4974e-15 0.2565
6.5697e-15 0.1934
9.2355e-15 0.1782
1.2576e-14 0.1639
1.1086e-14 0.2006
6.8247e-15 0.1998
5.1607e-15 0.2054
3.1883e-15 0.2717
4.7892e-15 0.2323
8.4921e-15 0.1984
1.1861e-14 0.1631
1.8307e-14 0.1291
1.9549e-14 0.1205
2.0225e-14 0.1316
1.3240e-14 0.1310
7.2616e-15 0.1820
2.5430e-15 0.1875
3.4803e-15 0.2038
9.2104e-15 0.1458
2.2680e-14 0.1234
4.4951e-14 0.1003
5.0873e-14 0.0813
3.5774e-14 0.0946
1.9427e-14 0.1312
1.2422e-14 0.1582
5.4536e-15 0.2017
6.3683e-15 0.2520
9.4007e-15 0.1388
2.3869e-14 0.1198
5.6306e-14 0.0808
8.1373e-14 0.0710
6.2264e-14 0.0856
2.5831e-14 0.1203
8.7342e-15 0.1793
5.9680e-15 0.1917
4.8231e-15 0.2200
1.1641e-14 0.1678
2.4810e-14 0.1303
3.9565e-14 0.0924
5.4290e-14 0.0878
3.9130e-14 0.0988
1.7563e-14 0.1237
7.7896e-15 0.1498
4.4162e-15 0.2144
2.9535e-15 0.2116
6.7219e-15 0.1897
1.5154e-14 0.1886
2.1385e-14 0.1255
2.5267e-14 0.1197
2.2778e-14 0.1289
1.4229e-14 0.1438
6.0089e-15 0.1536
3.3240e-15 0.2341
2.2363e-15 0.2551
3.6702e-15 0.1957
9.0147e-15 0.1931
9.0752e-15 0.1648
9.9834e-15 0.1427
9.6642e-15 0.1408
7.1254e-15 0.2100
4.3360e-15 0.2408
3.6566e-15 0.2089
3.2749e-15 0.4375
1.7204e-15 0.2543
4.4784e-15 0.2948
5.0910e-15 0.2323
4.2102e-15 0.1947
4.8033e-15 0.1962
4.2342e-15 0.2275
5.3335e-15 0.3955
3.0230e-15 0.3394
1.6264e-15 0.2171
3.4981e-15 0.2615
4.3840e-15 0.2332
6.7426e-15 0.2045
6.6712e-15 0.2224
5.2879e-15 0.1984
4.4988e-15 0.2542
4.8276e-15 0.2901
1.7017e-15 0.2410
3.4667e-15 0.2601
5.2906e-15 0.2375
8.4440e-15 0.2517
7.7392e-15 0.1945
1.1093e-14 0.1615
8.3171e-15 0.1748
6.5787e-15 0.1652
5.7265e-15 0.2512
3.3126e-15 0.2881
4.4938e-15 0.2425
7.5144e-15 0.1915
1.1721e-14 0.1762
1.7193e-14 0.1276
1.8669e-14 0.1291
2.0942e-14 0.1402
1.3520e-14 0.1611
7.8297e-15 0.1785
4.5732e-15 0.3215
5.6203e-15 0.2605
9.8540e-15 0.1728
2.0533e-14 0.1394
3.2456e-14 0.1137
4.1789e-14 0.0853
3.3978e-14 0.1000
1.7561e-14 0.1385
9.7212e-15 0.1514
4.5376e-15 0.1829
4.7960e-15 0.2789
9.3350e-15 0.1633
2.0142e-14 0.1344
4.7596e-14 0.0923
7.5963e-14 0.0722
4.6831e-14 0.0891
2.0258e-14 0.1372
1.2745e-14 0.1613
4.9599e-15 0.2828
6.4045e-15 0.2572
9.7114e-15 0.1853
2.3089e-14 0.1240
4.1007e-14 0.0991
4.4698e-14 0.0856
3.4772e-14 0.0973
1.6945e-14 0.1537
6.4728e-15 0.1647
3.9531e-15 0.2423
3.3037e-15 0.2230
8.0895e-15 0.2252
1.3998e-14 0.1556
1.8926e-14 0.1331
2.6020e-14 0.1204
1.8188e-14 0.1239
1.4321e-14 0.1686
7.9480e-15 0.2060
4.7683e-15 0.1879
3.7623e-15 0.3027
4.4866e-15 0.2480
5.6858e-15 0.1891
9.6617e-15 0.1576
1.1225e-14 0.1492
8.2579e-15 0.1903
9.1866e-15 0.2373
4.3818e-15 0.2274
5.7530e-15 0.2565
1.1884e-15 0.3467
3.2633e-15 0.3967
3.8568e-15 0.2707
3.8410e-15 0.2052
6.9488e-15 0.2626
4.7815e-15 0.1805
5.0536e-15 0.2019
5.1794e-15 0.2472
2.9302e-15 0.2887
1.2654e-15 0.2646
3.4193e-15 0.2321
4.6436e-15 0.2094
5.7999e-15 0.2795
3.3727e-15 0.2362
4.6054e-15 0.2000
3.9031e-15 0.2628
5.4500e-15 0.3083
1.1651e-15 0.3397
5.4389e-15 0.2354
4.6944e-15 0.1834
6.2555e-15 0.2280
7.6538e-15 0.2100
9.8174e-15 0.2008
8.2175e-15 0.1822
7.6286e-15 0.1863
8.5824e-15 0.2182
3.5504e-15 0.3534
3.3784e-15 0.1823
7.8619e-15 0.3324
1.3711e-14 0.1770
1.6590e-14 0.1408
1.7643e-14 0.1199
1.7341e-14 0.1324
1.4252e-14 0.1902
7.7842e-15 0.1834
3.7402e-15 0.2838
3.3223e-15 0.2183
9.7333e-15 0.2262
2.0635e-14 0.1234
3.1186e-14 0.1100
3.9025e-14 0.0956
3.0886e-14 0.1022
1.7097e-14 0.1381
1.0063e-14 0.1725
4.8838e-15 0.1979
4.8271e-15 0.2362
5.2612e-15 0.1687
2.1104e-14 0.1397
4.0800e-14 0.0917
5.9469e-14 0.0836
4.0156e-14 0.0980
2.2945e-14 0.1249
1.1200e-14 0.1750
5.9631e-15 0.2641
8.7756e-15 0.2398
9.7779e-15 0.1643
1.7837e-14 0.1356
3.1079e-14 0.1173
3.8642e-14 0.0877
3.5451e-14 0.1149
1.3312e-14 0.1272
8.0597e-15 0.1834
3.0771e-15 0.2522
3.9129e-15 0.2460
9.1673e-15 0.1829
1.0987e-14 0.1490
1.4601e-14 0.1444
2.3475e-14 0.1256
1.9739e-14 0.1334
1.6665e-14 0.1748
6.2991e-15 0.1822
4.4224e-15 0.1897
3.9790e-15 0.2271
4.1154e-15 0.2374
6.3643e-15 0.2135
1.0409e-14 0.1535
9.1582e-15 0.1600
9.5863e-15 0.1567
7.4915e-15 0.2018
5.3830e-15 0.2035
5.2852e-15 0.3681
1.9321e-15 0.2007
2.8311e-15 0.2773
4.3351e-15 0.2298
5.0163e-15 0.2543
5.9076e-15 0.2549
6.7430e-15 0.2007
5.3243e-15 0.2466
4.7640e-15 0.2421
3.6403e-15 0.3430
1.6698e-15 0.4222
3.1709e-15 0.2617
4.0823e-15 0.2157
4.6418e-15 0.2403
4.7630e-15 0.1914
8.4169e-15 0.2275
4.3072e-15 0.2577
2.1983e-15 0.2686
2.2092e-15 0.3035
4.7369e-15 0.3056
5.5803e-15 0.2204
5.5190e-15 0.2296
1.0061e-14 0.1747
9.9904e-15 0.1833
8.0281e-15 0.1941
6.5977e-15 0.1780
5.6532e-15 0.2197
5.1310e-15 0.2706
4.1014e-15 0.2601
6.9421e-15 0.1922
1.2697e-14 0.1880
1.4578e-14 0.1346
2.0467e-14 0.1444
1.6026e-14 0.1329
1.2668e-14 0.1599
7.3610e-15 0.1685
4.1814e-15 0.2184
3.2096e-15 0.2105
8.3955e-15 0.1777
1.4420e-14 0.1578
2.6914e-14 0.1229
3.6042e-14 0.0927
2.3413e-14 0.1121
1.4189e-14 0.1432
1.0125e-14 0.1641
5.0314e-15 0.1994
5.8164e-15 0.1938
8.9340e-15 0.1679
1.4822e-14 0.1326
3.6563e-14 0.0987
5.0425e-14 0.0940
3.3272e-14 0.1046
1.8941e-14 0.1424
9.2452e-15 0.1634
5.8132e-15 0.2413
3.6724e-15 0.1708
7.6278e-15 0.2039
1.9383e-14 0.1424
3.0584e-14 0.1211
3.7389e-14 0.1049
2.5290e-14 0.1221
1.1966e-14 0.1677
7.6107e-15 0.1814
3.6451e-15 0.2334
5.6356e-15 0.2412
7.9009e-15 0.2070
1.0718e-14 0.2054
1.8776e-14 0.1616
1.9485e-14 0.1317
1.8575e-14 0.1372
1.1514e-14 0.1627
7.3416e-15 0.2001
3.7433e-15 0.1995
2.6606e-15 0.2216
6.4279e-15 0.2359
7.9582e-15 0.1906
1.1743e-14 0.1785
7.9354e-15 0.1518
9.3074e-15 0.2235
6.7679e-15 0.2095
4.2257e-15 0.1710
3.8509e-15 0.2517
2.3816e-15 0.3067
2.2302e-15 0.1990
3.2966e-15 0.1849
3.3724e-15 0.1740
6.0807e-15 0.2125
6.7137e-15 0.2116
5.5205e-15 0.2447
3.3809e-15 0.2326
3.0400e-15 0.3340
2.6771e-15 0.3178
3.0522e-15 0.3114
6.0230e-15 0.2212
6.0557e-15 0.2148
6.0643e-15 0.2243
6.4298e-15 0.2635
4.4864e-15 0.2954
3.9864e-15 0.2635
3.2422e-15 0.2781
3.2863e-15 0.2294
3.9081e-15 0.2738
7.7544e-15 0.2036
7.2843e-15 0.1466
6.5517e-15 0.1761
8.4533e-15 0.2121
1.0129e-14 0.1845
6.3292e-15 0.2239
3.1396e-15 0.2626
4.2494e-15 0.1775
5.8770e-15 0.2076
1.1777e-14 0.1645
1.4593e-14 0.1491
1.2486e-14 0.1594
1.5980e-14 0.1661
1.0704e-14 0.1664
6.9146e-15 0.2004
3.5055e-15 0.2413
5.2058e-15 0.2476
1.0816e-14 0.2087
1.6825e-14 0.1561
2.2742e-14 0.1191
3.1222e-14 0.1077
2.3311e-14 0.1196
1.9333e-14 0.1531
8.0241e-15 0.1851
4.9703e-15 0.1878
4.4882e-15 0.2404
8.6923e-15 0.1977
1.9728e-14 0.1339
3.4487e-14 0.1179
4.4176e-14 0.0949
3.9176e-14 0.1127
1.8723e-14 0.1247
1.1738e-14 0.1682
6.0253e-15 0.2934
5.8173e-15 0.2362
7.8309e-15 0.1939
1.6798e-14 0.1620
2.5397e-14 0.1270
2.8170e-14 0.1147
2.4571e-14 0.1155
1.2595e-14 0.1419
9.1262e-15 0.1864
5.3527e-15 0.2364
6.3012e-15 0.2664
8.6912e-15 0.2205
1.0282e-14 0.1771
1.3173e-14 0.1584
2.2164e-14 0.1408
1.7324e-14 0.1435
9.5456e-15 0.1694
7.1404e-15 0.1944
3.0390e-15 0.2400
4.1183e-15 0.2849
6.2109e-15 0.2525
7.4974e-15 0.1899
9.0102e-15 0.1687
8.7559e-15 0.1739
6.5950e-15 0.1913
7.0432e-15 0.1930
8.1866e-15 0.2188
1.8842e-15 0.3173
1.4306e-15 0.2479
3.5569e-15 0.2443
5.1630e-15 0.2345
5.4028e-15 0.1845
5.0429e-15 0.2087
6.5812e-15 0.2032
4.3019e-15 0.2545
3.7684e-15 0.2249
3.3500e-15 0.2786
2.2446e-15 0.3337
2.1901e-15 0.1856
3.5965e-15 0.1994
4.7722e-15 0.3069
3.5061e-15 0.2151
4.6612e-15 0.2377
3.6689e-15 0.2796
4.1297e-15 0.2802
3.0154e-15 0.2819
3.3571e-15 0.2862
5.6340e-15 0.2225
5.5059e-15 0.1927
6.1091e-15 0.1795
6.9725e-15 0.1898
7.6720e-15 0.2392
9.4558e-15 0.1825
5.3829e-15 0.2002
3.1813e-15 0.2685
3.0296e-15 0.2910
5.7154e-15 0.1969
1.1656e-14 0.1617
1.1124e-14 0.1961
1.3631e-14 0.1290
1.2880e-14 0.1559
9.8045e-15 0.1948
7.1888e-15 0.2045
3.5789e-15 0.2376
4.9483e-15 0.2378
7.7973e-15 0.2194
1.3301e-14 0.1338
2.1626e-14 0.1401
3.0676e-14 0.1164
2.5925e-14 0.1205
1.5017e-14 0.1458
6.9866e-15 0.1733
5.7421e-15 0.2429
3.7683e-15 0.2583
9.2423e-15 0.1838
1.4396e-14 0.1586
2.9403e-14 0.1159
3.9679e-14 0.1041
2.8027e-14 0.1207
1.8655e-14 0.1490
8.7561e-15 0.1981
6.4043e-15 0.2572
3.3179e-15 0.2143
7.7232e-15 0.1692
1.3368e-14 0.1453
3.0665e-14 0.1203
2.8760e-14 0.1207
2.4897e-14 0.1238
1.2403e-14 0.1484
6.8093e-15 0.2029
5.7165e-15 0.2129
5.4741e-15 0.2307
7.8004e-15 0.1841
1.3493e-14 0.1677
1.3634e-14 0.1752
1.2116e-14 0.1419
1.7626e-14 0.1622
8.7395e-15 0.1923
5.5128e-15 0.1875
3.3050e-15 0.2882
2.2076e-15 0.3030
5.2055e-15 0.1855
6.6901e-15 0.1988
1.0026e-14 0.1836
1.1079e-14 0.1659
6.7053e-15 0.1637
8.7485e-15 0.2088
4.0924e-15 0.1754
1.9461e-15 0.2077
4.1821e-15 0.3710
3.4217e-15 0.2845
5.0622e-15 0.2161
4.3563e-15 0.1895
4.4070e-15 0.2380
5.4324e-15 0.2249
3.3884e-15 0.2841
2.7601e-15 0.2421
2.4732e-15 0.2766
2.1175e-15 0.3257
2.9479e-15 0.2486
4.1627e-15 0.2322
5.1087e-15 0.2126
7.3893e-15 0.2714
4.1489e-15 0.2479
5.6142e-15 0.2538
4.0346e-15 0.2384
2.5023e-15 0.2726
3.6721e-15 0.3522
5.0483e-15 0.2359
5.7899e-15 0.1988
4.8087e-15 0.1832
6.7848e-15 0.1965
7.2335e-15 0.1886
6.4245e-15 0.2124
4.0188e-15 0.2645
4.8163e-15 0.2771
7.3716e-15 0.2007
6.4716e-15 0.2192
1.0679e-14 0.1767
1.5591e-14 0.1670
1.2715e-14 0.1517
1.0284e-14 0.1643
8.2742e-15 0.1856
8.4644e-15 0.2184
4.3241e-15 0.2952
4.2600e-15 0.2276
1.0441e-14 0.2015
1.3274e-14 0.1526
2.5703e-14 0.1389
2.2917e-14 0.1277
1.8930e-14 0.1327
1.4710e-14 0.1956
8.5055e-15 0.1645
6.3137e-15 0.2136
5.6936e-15 0.2530
8.0375e-15 0.1863
2.1793e-14 0.1452
2.8690e-14 0.1276
3.1380e-14 0.1024
2.6495e-14 0.1170
1.4907e-14 0.1480
1.2041e-14 0.1983
4.5797e-15 0.2248
3.9824e-15 0.2324
7.9135e-15 0.2129
1.3720e-14 0.1452
2.1144e-14 0.1264
2.6310e-14 0.1270
2.0454e-14 0.1465
1.2687e-14 0.1633
7.4395e-15 0.1857
4.7787e-15 0.3142
4.6856e-15 0.2476
6.6664e-15 0.2010
1.1645e-14 0.2056
1.4425e-14 0.1508
1.5513e-14 0.1520
1.4814e-14 0.1415
8.0665e-15 0.1847
6.7836e-15 0.2442
5.1414e-15 0.3014
4.2438e-15 0.3530
6.0919e-15 0.2846
7.5428e-15 0.2085
9.0987e-15 0.2137
1.2211e-14 0.2014
1.0570e-14 0.2029
7.2284e-15 0.1623
4.6430e-15 0.2001
2.1981e-15 0.2541
2.5656e-15 0.3094
5.0309e-15 0.2395
4.3301e-15 0.2372
7.5837e-15 0.2573
4.9528e-15 0.1944
5.0488e-15 0.2481
4.2662e-15 0.2805
3.7602e-15 0.3274
2.0098e-15 0.3499
3.5096e-15 0.3240
3.6786e-15 0.2291
4.9823e-15 0.2174
5.2083e-15 0.2240
7.0093e-15 0.2508
4.4180e-15 0.2302
6.6619e-15 0.2032
3.9872e-15 0.2706
4.3506e-15 0.2410
3.9058e-15 0.2927
4.7366e-15 0.2714
4.5099e-15 0.2137
4.8364e-15 0.2166
9.2019e-15 0.1708
4.8200e-15 0.1910
7.3799e-15 0.1978
7.1980e-15 0.2597
4.6991e-15 0.2834
4.2414e-15 0.3548
6.4853e-15 0.2280
1.0225e-14 0.1978
1.3557e-14 0.1584
1.5813e-14 0.1604
1.5704e-14 0.1905
7.6274e-15 0.2193
8.5948e-15 0.2015
3.5571e-15 0.3204
5.9187e-15 0.2456
1.0738e-14 0.2046
1.0516e-14 0.1934
2.0332e-14 0.1511
2.3621e-14 0.1224
1.9289e-14 0.1479
1.3856e-14 0.1784
6.2700e-15 0.2348
5.2952e-15 0.2575
3.8916e-15 0.3052
1.0714e-14 0.1901
1.7679e-14 0.1425
2.2422e-14 0.1300
3.0676e-14 0.1224
2.7337e-14 0.1212
1.7109e-14 0.1417
7.3641e-15 0.2106
6.0270e-15 0.1920
4.3228e-15 0.2987
8.0198e-15 0.1855
1.2133e-14 0.1592
2.0567e-14 0.1305
2.4823e-14 0.1257
2.1558e-14 0.1487
1.2145e-14 0.1717
7.4813e-15 0.2107
3.2026e-15 0.2710
4.6229e-15 0.2906
7.3933e-15 0.1814
9.3985e-15 0.2336
1.2070e-14 0.1496
1.2932e-14 0.1871
1.5549e-14 0.1738
1.0073e-14 0.2141
4.5646e-15 0.2472
2.3350e-15 0.2582
4.6204e-15 0.2902
4.7072e-15 0.2769
4.3995e-15 0.2320
8.3046e-15 0.1870
9.5210e-15 0.1853
7.2684e-15 0.2298
6.4147e-15 0.2498
7.2099e-15 0.2281
2.1722e-15 0.1933
4.8734e-15 0.3118
2.8833e-15 0.2218
5.1986e-15 0.2159
6.4139e-15 0.2197
4.6695e-15 0.2152
5.3465e-15 0.2808
4.0808e-15 0.2205
4.5582e-15 0.2829
4.3491e-15 0.3168
2.8691e-15 0.2837
4.9576e-15 0.2747
3.8526e-15 0.2349
4.4758e-15 0.2725
3.5349e-15 0.2012
5.6240e-15 0.2391
5.3391e-15 0.2950
5.1476e-15 0.2655
4.8837e-15 0.3206
2.7852e-15 0.3080
3.1603e-15 0.2534
4.5194e-15 0.2091
4.9877e-15 0.1958
9.4778e-15 0.1941
5.8632e-15 0.1939
6.7871e-15 0.2068
5.5743e-15 0.2573
4.1227e-15 0.2290
3.4430e-15 0.2926
6.8512e-15 0.2333
9.9315e-15 0.1721
1.7605e-14 0.1673
1.2026e-14 0.1682
1.2199e-14 0.2021
9.8318e-15 0.2364
5.8558e-15 0.2003
4.9883e-15 0.2491
4.8906e-15 0.2153
5.5866e-15 0.2417
9.8605e-15 0.2438
1.5518e-14 0.1557
2.0382e-14 0.1316
1.7912e-14 0.1435
1.4048e-14 0.1649
6.7082e-15 0.2194
3.5528e-15 0.2288
4.8505e-15 0.2770
9.7241e-15 0.1992
1.6425e-14 0.1410
1.9522e-14 0.1421
2.9603e-14 0.1183
2.5067e-14 0.1365
2.1085e-14 0.1519
5.4954e-15 0.2057
6.3569e-15 0.2395
4.7448e-15 0.2330
1.1609e-14 0.2182
1.2291e-14 0.1999
1.6844e-14 0.1521
2.4508e-14 0.1374
1.5705e-14 0.1561
8.8867e-15 0.1663
7.1281e-15 0.2047
4.5258e-15 0.2929
3.0685e-15 0.3018
7.4756e-15 0.2402
8.6868e-15 0.2134
8.8321e-15 0.1712
1.1137e-14 0.1401
1.5104e-14 0.1624
1.4308e-14 0.1768
3.8278e-15 0.2381
3.4152e-15 0.2378
3.6371e-15 0.2553
5.7189e-15 0.2737
5.0686e-15 0.2317
9.4184e-15 0.1761
1.2937e-14 0.1926
6.9395e-15 0.1779
7.3596e-15 0.2025
6.8556e-15 0.2707
3.3817e-15 0.2493
5.0659e-15 0.3481
2.3677e-15 0.2672
3.3664e-15 0.2778
4.4764e-15 0.3214
5.1768e-15 0.2534
4.5345e-15 0.2565
5.5402e-15 0.2490
4.6858e-15 0.2871
2.3555e-15 0.2784
