     9      9     20
d_kernel   u_kernel

8.0351e-15 0.3176
2.7232e-14 0.1599
6.0271e-14 0.1120
1.0422e-13 0.0865
1.2428e-13 0.0800
8.2630e-14 0.0985
6.3367e-14 0.1122
3.5074e-14 0.1536
1.5154e-14 0.2332
3.2614e-14 0.1562
8.1055e-14 0.0956
1.3326e-13 0.0765
1.7279e-13 0.0689
1.8042e-13 0.0648
1.4056e-13 0.0722
1.3038e-13 0.0779
8.3916e-14 0.0986
3.2282e-14 0.1547
7.9852e-14 0.0958
1.2827e-13 0.0778
1.8704e-13 0.0645
2.3575e-13 0.0568
2.5215e-13 0.0557
2.1051e-13 0.0608
2.0167e-13 0.0603
1.4414e-13 0.0760
6.4545e-14 0.1081
9.6704e-14 0.0888
1.7320e-13 0.0681
2.0963e-13 0.0589
4.2535e-13 0.0421
1.0770e-12 0.0250
4.2941e-13 0.0422
2.5132e-13 0.0563
1.6871e-13 0.0678
1.1133e-13 0.0889
1.0493e-13 0.0841
1.8453e-13 0.0647
2.5464e-13 0.0572
1.0681e-12 0.0251
1.1503e-09 0.0002
1.0389e-12 0.0255
2.5667e-13 0.0550
1.8288e-13 0.0640
1.1574e-13 0.0841
9.2217e-14 0.0899
1.7233e-13 0.0650
2.5072e-13 0.0562
4.6373e-13 0.0411
1.0232e-12 0.0257
4.4134e-13 0.0423
2.5563e-13 0.0557
1.7544e-13 0.0660
1.1257e-13 0.0843
7.0744e-14 0.1066
1.3340e-13 0.0749
2.0491e-13 0.0620
2.2232e-13 0.0584
2.4175e-13 0.0561
2.6528e-13 0.0548
2.1153e-13 0.0618
1.3309e-13 0.0776
7.8481e-14 0.1024
3.8894e-14 0.1417
9.9375e-14 0.0909
1.4050e-13 0.0720
1.6724e-13 0.0670
1.7416e-13 0.0663
1.6402e-13 0.0695
1.4143e-13 0.0746
1.0298e-13 0.0922
3.1690e-14 0.1518
1.4193e-14 0.2349
3.9049e-14 0.1499
6.3647e-14 0.1108
9.8844e-14 0.0931
9.1206e-14 0.0905
9.2246e-14 0.0976
6.2128e-14 0.1137
3.1227e-14 0.1501
8.5488e-15 0.2960
1.2942e-14 0.2332
5.3819e-14 0.1238
1.2050e-13 0.0810
1.7519e-13 0.0676
1.9466e-13 0.0650
1.6385e-13 0.0697
1.2351e-13 0.0825
5.4377e-14 0.1190
2.6158e-14 0.1718
5.4077e-14 0.1179
1.4108e-13 0.0765
2.4119e-13 0.0568
3.1185e-13 0.0514
3.4228e-13 0.0483
3.2120e-13 0.0496
2.7503e-13 0.0542
1.5478e-13 0.0734
5.6515e-14 0.1089
1.2342e-13 0.0776
2.5085e-13 0.0571
3.7659e-13 0.0464
4.3748e-13 0.0417
5.4746e-13 0.0378
4.5217e-13 0.0420
3.6253e-13 0.0475
2.4696e-13 0.0568
1.1663e-13 0.0829
1.6137e-13 0.0684
3.1766e-13 0.0500
4.2919e-13 0.0435
1.2234e-12 0.0255
3.8586e-12 0.0133
1.1794e-12 0.0254
4.6486e-13 0.0408
2.8411e-13 0.0515
1.7736e-13 0.0677
1.8791e-13 0.0653
3.3117e-13 0.0494
5.0992e-13 0.0391
3.9271e-12 0.0133
1.2135e-09 0.0002
3.8968e-12 0.0132
5.5778e-13 0.0381
3.2760e-13 0.0476
1.9364e-13 0.0646
1.7590e-13 0.0672
2.9773e-13 0.0508
4.4097e-13 0.0422
1.1988e-12 0.0256
3.8174e-12 0.0134
1.2077e-12 0.0254
4.7028e-13 0.0404
3.1115e-13 0.0499
1.5698e-13 0.0692
1.1510e-13 0.0849
2.5667e-13 0.0560
3.9731e-13 0.0460
4.4042e-13 0.0418
5.0024e-13 0.0396
4.3969e-13 0.0420
3.7043e-13 0.0478
2.4883e-13 0.0572
1.0364e-13 0.0856
6.1763e-14 0.1116
1.6273e-13 0.0685
2.6383e-13 0.0559
3.3796e-13 0.0500
3.3790e-13 0.0486
2.8910e-13 0.0512
2.7637e-13 0.0539
1.5319e-13 0.0721
5.2659e-14 0.1146
1.7022e-14 0.2342
5.1525e-14 0.1239
9.1026e-14 0.0941
1.7551e-13 0.0685
1.8528e-13 0.0658
1.6022e-13 0.0722
1.1845e-13 0.0831
5.7193e-14 0.1186
1.6011e-14 0.2212
2.1107e-14 0.1799
8.2947e-14 0.1009
2.1853e-13 0.0621
2.4834e-13 0.0544
2.8382e-13 0.0527
2.7313e-13 0.0561
1.9027e-13 0.0651
8.2790e-14 0.0925
1.9704e-14 0.1795
8.6989e-14 0.0990
2.5683e-13 0.0569
4.4823e-13 0.0427
5.4161e-13 0.0382
6.1340e-13 0.0368
5.7228e-13 0.0380
4.5001e-13 0.0426
2.4266e-13 0.0584
7.9188e-14 0.0961
1.7669e-13 0.0660
4.1263e-13 0.0443
6.2626e-13 0.0356
8.9009e-13 0.0303
1.1116e-12 0.0270
9.1799e-13 0.0298
6.9412e-13 0.0346
4.5245e-13 0.0428
1.9461e-13 0.0631
2.8658e-13 0.0546
5.1583e-13 0.0389
8.3435e-13 0.0306
2.8933e-12 0.0164
1.1206e-11 0.0076
3.0214e-12 0.0161
9.2110e-13 0.0294
5.2234e-13 0.0389
2.6519e-13 0.0562
3.3044e-13 0.0504
5.9320e-13 0.0369
1.0886e-12 0.0274
1.0967e-11 0.0076
1.2307e-09 0.0002
1.1189e-11 0.0076
1.1500e-12 0.0269
5.8780e-13 0.0372
3.1530e-13 0.0509
2.8156e-13 0.0544
5.6577e-13 0.0382
9.3970e-13 0.0295
2.9693e-12 0.0160
1.1077e-11 0.0076
3.0292e-12 0.0159
8.9972e-13 0.0302
5.5886e-13 0.0379
2.7987e-13 0.0541
2.0384e-13 0.0647
4.6705e-13 0.0418
6.8709e-13 0.0340
9.1059e-13 0.0300
1.0915e-12 0.0273
8.7022e-13 0.0308
6.3828e-13 0.0358
4.2075e-13 0.0439
1.8222e-13 0.0659
9.0787e-14 0.0974
2.5510e-13 0.0566
4.0465e-13 0.0442
5.3397e-13 0.0393
6.3374e-13 0.0359
5.5650e-13 0.0379
4.2341e-13 0.0435
2.6201e-13 0.0558
8.5631e-14 0.0933
1.8379e-14 0.1978
8.3087e-14 0.0999
1.7463e-13 0.0694
2.6145e-13 0.0561
3.0942e-13 0.0513
2.8192e-13 0.0541
1.9006e-13 0.0640
7.4331e-14 0.0985
2.5749e-14 0.1840
1.7133e-14 0.1664
1.2264e-13 0.0808
2.8394e-13 0.0527
4.8255e-13 0.0413
5.2551e-13 0.0402
4.3038e-13 0.0436
3.0194e-13 0.0531
1.3565e-13 0.0792
2.8926e-14 0.1646
1.2106e-13 0.0814
3.5609e-13 0.0479
7.3095e-13 0.0333
9.3486e-13 0.0294
1.0679e-12 0.0274
9.3042e-13 0.0293
7.0653e-13 0.0336
3.7393e-13 0.0468
1.1442e-13 0.0826
2.9363e-13 0.0540
7.2314e-13 0.0335
1.1838e-12 0.0262
1.7753e-12 0.0218
2.3389e-12 0.0188
1.8072e-12 0.0213
1.1650e-12 0.0264
7.5409e-13 0.0326
3.1368e-13 0.0512
4.3883e-13 0.0438
9.5719e-13 0.0289
1.7922e-12 0.0213
7.3987e-12 0.0099
3.4434e-11 0.0041
7.5693e-12 0.0099
1.8016e-12 0.0214
9.6588e-13 0.0288
4.6906e-13 0.0424
5.0752e-13 0.0399
1.0616e-12 0.0280
2.2835e-12 0.0188
3.4253e-11 0.0041
1.1695e-09 0.0003
3.4130e-11 0.0041
2.2789e-12 0.0188
1.0285e-12 0.0279
4.9511e-13 0.0400
4.6246e-13 0.0421
9.2892e-13 0.0293
1.8065e-12 0.0214
7.6043e-12 0.0099
3.4189e-11 0.0041
7.4051e-12 0.0099
1.7706e-12 0.0215
9.7292e-13 0.0293
4.3519e-13 0.0427
3.0996e-13 0.0518
7.4559e-13 0.0331
1.2599e-12 0.0255
1.8215e-12 0.0213
2.2459e-12 0.0189
1.7511e-12 0.0214
1.1815e-12 0.0264
7.1915e-13 0.0333
3.1202e-13 0.0523
1.1574e-13 0.0833
3.7591e-13 0.0460
7.1324e-13 0.0335
9.2562e-13 0.0291
1.0664e-12 0.0275
9.6972e-13 0.0290
7.3158e-13 0.0333
4.0256e-13 0.0451
1.1553e-13 0.0810
2.3444e-14 0.1646
1.2032e-13 0.0830
3.1913e-13 0.0512
4.2863e-13 0.0440
5.0164e-13 0.0406
4.4044e-13 0.0435
3.0808e-13 0.0533
1.1301e-13 0.0833
2.8258e-14 0.1596
3.0701e-14 0.1488
1.7253e-13 0.0687
4.3057e-13 0.0437
7.1449e-13 0.0340
8.0258e-13 0.0317
6.9803e-13 0.0350
4.3240e-13 0.0442
1.5704e-13 0.0725
2.7817e-14 0.1694
1.5398e-13 0.0698
5.8138e-13 0.0375
1.1621e-12 0.0264
1.6938e-12 0.0220
1.9198e-12 0.0208
1.7071e-12 0.0221
1.2155e-12 0.0261
6.0456e-13 0.0372
1.8043e-13 0.0655
4.4563e-13 0.0423
1.2004e-12 0.0261
2.1848e-12 0.0195
3.5878e-12 0.0151
4.9489e-12 0.0127
3.5913e-12 0.0152
2.1648e-12 0.0195
1.2158e-12 0.0262
4.3688e-13 0.0428
6.7530e-13 0.0351
1.6951e-12 0.0219
3.5788e-12 0.0151
1.8547e-11 0.0061
8.0859e-11 0.0026
1.8487e-11 0.0061
3.6669e-12 0.0151
1.6893e-12 0.0220
7.1457e-13 0.0340
8.2336e-13 0.0317
1.8204e-12 0.0211
4.7696e-12 0.0129
8.0625e-11 0.0026
9.7789e-10 0.0004
8.0632e-11 0.0026
4.7090e-12 0.0129
1.8338e-12 0.0212
8.2549e-13 0.0316
6.6165e-13 0.0344
1.6590e-12 0.0224
3.5975e-12 0.0150
1.8614e-11 0.0061
8.0583e-11 0.0026
1.8622e-11 0.0061
3.6286e-12 0.0150
1.7139e-12 0.0218
6.6776e-13 0.0354
4.5978e-13 0.0429
1.2687e-12 0.0257
2.1872e-12 0.0196
3.6728e-12 0.0150
4.8204e-12 0.0128
3.6661e-12 0.0150
2.1494e-12 0.0195
1.2259e-12 0.0258
4.2752e-13 0.0435
1.5786e-13 0.0708
6.1906e-13 0.0367
1.2476e-12 0.0258
1.6978e-12 0.0221
1.8464e-12 0.0210
1.7615e-12 0.0219
1.1890e-12 0.0263
5.8219e-13 0.0373
1.5787e-13 0.0720
3.2991e-14 0.1504
1.5752e-13 0.0713
4.1096e-13 0.0436
6.6230e-13 0.0355
7.6892e-13 0.0324
7.0524e-13 0.0346
4.5165e-13 0.0432
1.6579e-13 0.0740
2.8282e-14 0.1465
3.1493e-14 0.1462
2.0271e-13 0.0616
6.1386e-13 0.0370
1.0665e-12 0.0280
1.2399e-12 0.0256
1.0244e-12 0.0278
5.9752e-13 0.0369
2.3128e-13 0.0590
2.7007e-14 0.1558
2.1232e-13 0.0601
8.9178e-13 0.0304
1.8492e-12 0.0210
2.8931e-12 0.0171
3.3239e-12 0.0158
2.8585e-12 0.0171
1.9301e-12 0.0210
8.8461e-13 0.0308
2.0979e-13 0.0604
5.9796e-13 0.0371
1.9539e-12 0.0207
3.8513e-12 0.0147
7.1779e-12 0.0107
9.9834e-12 0.0088
7.0745e-12 0.0107
3.8380e-12 0.0149
1.9507e-12 0.0207
6.0378e-13 0.0364
1.0423e-12 0.0284
2.8701e-12 0.0171
6.9573e-12 0.0108
3.7819e-11 0.0042
1.2637e-10 0.0021
3.7523e-11 0.0042
7.0811e-12 0.0107
2.9117e-12 0.0170
1.0545e-12 0.0283
1.2048e-12 0.0261
3.2501e-12 0.0161
9.8182e-12 0.0089
1.2575e-10 0.0021
7.3091e-10 0.0006
1.2585e-10 0.0021
9.8327e-12 0.0089
3.2889e-12 0.0158
1.2783e-12 0.0258
1.0539e-12 0.0285
2.8996e-12 0.0171
7.2177e-12 0.0106
3.7677e-11 0.0042
1.2597e-10 0.0021
3.7589e-11 0.0042
7.1029e-12 0.0107
2.8928e-12 0.0169
1.0479e-12 0.0287
6.0917e-13 0.0369
1.9506e-12 0.0208
3.8963e-12 0.0148
7.1742e-12 0.0107
9.8567e-12 0.0088
7.1193e-12 0.0108
3.8649e-12 0.0147
1.9015e-12 0.0208
5.8971e-13 0.0374
1.8689e-13 0.0647
8.7688e-13 0.0308
1.9290e-12 0.0208
2.8811e-12 0.0171
3.1951e-12 0.0161
2.8233e-12 0.0171
1.9598e-12 0.0209
8.7823e-13 0.0308
2.1991e-13 0.0615
3.0916e-14 0.1363
2.0857e-13 0.0618
6.2249e-13 0.0362
1.0460e-12 0.0277
1.1543e-12 0.0267
1.0656e-12 0.0282
6.1705e-13 0.0367
1.9077e-13 0.0630
3.0780e-14 0.1448
3.7580e-14 0.1345
2.4664e-13 0.0579
7.5174e-13 0.0332
1.4665e-12 0.0239
1.6950e-12 0.0220
1.4825e-12 0.0239
8.0088e-13 0.0317
2.4457e-13 0.0568
2.9175e-14 0.1476
2.4799e-13 0.0551
1.2278e-12 0.0262
2.8774e-12 0.0172
4.5982e-12 0.0136
5.5055e-12 0.0124
4.6564e-12 0.0136
2.8234e-12 0.0173
1.1797e-12 0.0267
2.3043e-13 0.0571
7.9219e-13 0.0321
2.9407e-12 0.0171
6.3749e-12 0.0115
1.2731e-11 0.0079
1.7982e-11 0.0065
1.2889e-11 0.0079
6.4562e-12 0.0115
2.8857e-12 0.0172
7.6061e-13 0.0325
1.4144e-12 0.0244
4.5771e-12 0.0136
1.2804e-11 0.0079
5.8424e-11 0.0033
1.4827e-10 0.0019
5.8404e-11 0.0033
1.2753e-11 0.0079
4.5975e-12 0.0135
1.4013e-12 0.0244
1.6638e-12 0.0226
5.3707e-12 0.0125
1.7820e-11 0.0065
1.4781e-10 0.0019
5.1866e-10 0.0008
1.4829e-10 0.0019
1.7823e-11 0.0065
5.4453e-12 0.0123
1.7237e-12 0.0221
1.4896e-12 0.0237
4.6580e-12 0.0136
1.2748e-11 0.0079
5.8202e-11 0.0033
1.4833e-10 0.0019
5.8505e-11 0.0033
1.2649e-11 0.0079
4.6519e-12 0.0135
1.3835e-12 0.0244
7.6448e-13 0.0325
2.9190e-12 0.0171
6.5098e-12 0.0113
1.2907e-11 0.0079
1.8014e-11 0.0065
1.2873e-11 0.0079
6.3531e-12 0.0115
2.8877e-12 0.0171
7.4244e-13 0.0333
2.3477e-13 0.0583
1.1910e-12 0.0267
2.8928e-12 0.0172
4.5839e-12 0.0136
5.3903e-12 0.0125
4.5392e-12 0.0136
2.8399e-12 0.0173
1.1666e-12 0.0266
2.5044e-13 0.0554
3.6846e-14 0.1343
2.6007e-13 0.0546
8.5473e-13 0.0311
1.4499e-12 0.0238
1.7676e-12 0.0217
1.3577e-12 0.0243
7.7178e-13 0.0329
2.6120e-13 0.0557
2.9627e-14 0.1373
3.2821e-14 0.1392
2.3869e-13 0.0549
8.6992e-13 0.0303
1.8129e-12 0.0212
2.2376e-12 0.0192
1.7856e-12 0.0216
9.2860e-13 0.0299
2.3644e-13 0.0559
2.1354e-14 0.1525
2.7574e-13 0.0518
1.5440e-12 0.0235
4.0226e-12 0.0146
6.6445e-12 0.0112
8.1632e-12 0.0102
6.5957e-12 0.0113
3.7762e-12 0.0149
1.4990e-12 0.0238
2.4692e-13 0.0563
9.2869e-13 0.0296
3.9104e-12 0.0148
9.8400e-12 0.0092
1.9784e-11 0.0063
2.7150e-11 0.0052
1.9934e-11 0.0063
9.7653e-12 0.0093
3.9659e-12 0.0146
9.3775e-13 0.0290
1.7827e-12 0.0216
6.6999e-12 0.0113
1.9719e-11 0.0063
7.2859e-11 0.0029
1.4776e-10 0.0019
7.2789e-11 0.0029
1.9713e-11 0.0063
6.7102e-12 0.0112
1.7748e-12 0.0215
2.2249e-12 0.0192
7.9423e-12 0.0103
2.7236e-11 0.0052
1.4728e-10 0.0019
3.6527e-10 0.0010
1.4803e-10 0.0019
2.7004e-11 0.0052
8.0133e-12 0.0102
2.2103e-12 0.0195
1.8024e-12 0.0216
6.5968e-12 0.0112
1.9728e-11 0.0063
7.2985e-11 0.0029
1.4804e-10 0.0019
7.3183e-11 0.0029
1.9713e-11 0.0063
6.6570e-12 0.0113
1.8386e-12 0.0213
9.1264e-13 0.0298
3.9831e-12 0.0146
9.9032e-12 0.0092
1.9892e-11 0.0063
2.7275e-11 0.0052
2.0019e-11 0.0063
9.8019e-12 0.0092
3.9877e-12 0.0146
9.1541e-13 0.0294
2.5743e-13 0.0543
1.4786e-12 0.0237
3.9437e-12 0.0146
6.7876e-12 0.0112
7.9835e-12 0.0102
6.7703e-12 0.0112
3.9225e-12 0.0147
1.4209e-12 0.0241
2.5800e-13 0.0537
2.7107e-14 0.1558
2.5359e-13 0.0533
9.5906e-13 0.0292
1.8899e-12 0.0211
2.2685e-12 0.0190
1.7422e-12 0.0219
8.8648e-13 0.0298
2.3245e-13 0.0559
2.7879e-14 0.1528
2.7553e-14 0.1454
2.3029e-13 0.0562
9.7550e-13 0.0287
2.1472e-12 0.0196
2.5219e-12 0.0179
2.0006e-12 0.0203
9.5277e-13 0.0289
2.3101e-13 0.0553
2.1507e-14 0.1655
2.3738e-13 0.0545
1.6504e-12 0.0223
4.9136e-12 0.0132
8.8136e-12 0.0098
1.0653e-11 0.0088
8.8003e-12 0.0098
4.8361e-12 0.0133
1.5974e-12 0.0223
2.3547e-13 0.0564
9.8837e-13 0.0280
4.9426e-12 0.0131
1.3079e-11 0.0080
2.6370e-11 0.0054
3.5244e-11 0.0046
2.6288e-11 0.0054
1.3060e-11 0.0080
4.8161e-12 0.0131
1.0124e-12 0.0280
2.0048e-12 0.0201
8.7224e-12 0.0098
2.6226e-11 0.0054
7.8615e-11 0.0028
1.3457e-10 0.0020
7.8188e-11 0.0028
2.6267e-11 0.0054
8.7695e-12 0.0097
2.0745e-12 0.0198
2.5521e-12 0.0179
1.0533e-11 0.0089
3.5158e-11 0.0046
1.3379e-10 0.0020
2.6020e-10 0.0013
1.3431e-10 0.0020
3.5368e-11 0.0046
1.0561e-11 0.0089
2.5356e-12 0.0180
2.0819e-12 0.0201
8.7480e-12 0.0098
2.6117e-11 0.0054
7.8282e-11 0.0028
1.3478e-10 0.0020
7.8383e-11 0.0028
2.6481e-11 0.0054
8.6670e-12 0.0098
2.0338e-12 0.0201
9.8231e-13 0.0284
4.8971e-12 0.0131
1.3034e-11 0.0079
2.6465e-11 0.0054
3.5546e-11 0.0045
2.6310e-11 0.0054
1.3129e-11 0.0079
4.7981e-12 0.0132
9.7752e-13 0.0284
2.2895e-13 0.0556
1.6282e-12 0.0227
4.8132e-12 0.0132
8.7414e-12 0.0098
1.0774e-11 0.0088
8.8562e-12 0.0097
4.9182e-12 0.0132
1.5774e-12 0.0227
2.3426e-13 0.0563
1.9431e-14 0.1716
2.2350e-13 0.0574
1.0039e-12 0.0282
2.0207e-12 0.0200
2.5341e-12 0.0180
2.0118e-12 0.0201
9.6665e-13 0.0286
2.0733e-13 0.0599
2.1080e-14 0.1644
1.5623e-14 0.1766
1.5931e-13 0.0645
8.8845e-13 0.0295
2.0282e-12 0.0199
2.5856e-12 0.0177
2.0082e-12 0.0201
8.1544e-13 0.0304
1.7227e-13 0.0631
1.0467e-14 0.1961
1.6932e-13 0.0612
1.6361e-12 0.0221
5.3793e-12 0.0124
1.0133e-11 0.0091
1.2581e-11 0.0081
1.0092e-11 0.0090
5.1703e-12 0.0126
1.4974e-12 0.0231
1.6105e-13 0.0660
8.6032e-13 0.0300
5.2779e-12 0.0126
1.5559e-11 0.0072
3.0565e-11 0.0050
3.9592e-11 0.0043
3.0436e-11 0.0050
1.5260e-11 0.0073
5.2052e-12 0.0126
8.5022e-13 0.0299
2.0731e-12 0.0198
1.0049e-11 0.0091
3.0429e-11 0.0050
7.6627e-11 0.0029
1.1591e-10 0.0022
7.6408e-11 0.0029
3.0247e-11 0.0050
1.0047e-11 0.0091
2.0314e-12 0.0200
2.5036e-12 0.0178
1.2313e-11 0.0081
3.9507e-11 0.0043
1.1525e-10 0.0022
1.8913e-10 0.0016
1.1584e-10 0.0022
3.9859e-11 0.0043
1.2455e-11 0.0081
2.5733e-12 0.0177
2.0215e-12 0.0199
1.0064e-11 0.0091
3.0323e-11 0.0050
7.6428e-11 0.0029
1.1600e-10 0.0022
7.6613e-11 0.0029
3.0560e-11 0.0050
1.0213e-11 0.0090
2.0861e-12 0.0197
8.7084e-13 0.0295
5.1817e-12 0.0126
1.5375e-11 0.0073
3.0525e-11 0.0050
4.0061e-11 0.0043
3.0327e-11 0.0050
1.5411e-11 0.0073
5.1960e-12 0.0126
8.4102e-13 0.0302
1.6820e-13 0.0627
1.5604e-12 0.0225
5.2858e-12 0.0125
1.0142e-11 0.0090
1.2639e-11 0.0081
1.0313e-11 0.0090
5.2112e-12 0.0126
1.5448e-12 0.0226
1.5989e-13 0.0654
1.3947e-14 0.1669
1.6512e-13 0.0647
8.8055e-13 0.0298
1.9835e-12 0.0200
2.5547e-12 0.0178
2.0188e-12 0.0198
8.5814e-13 0.0294
1.6155e-13 0.0666
1.0844e-14 0.2087
6.0198e-15 0.2647
8.0011e-14 0.0853
6.3568e-13 0.0335
1.6310e-12 0.0216
2.2224e-12 0.0187
1.5978e-12 0.0217
6.5502e-13 0.0336
1.0347e-13 0.0766
5.2751e-15 0.2647
1.0038e-13 0.0802
1.2483e-12 0.0245
5.0288e-12 0.0127
1.0100e-11 0.0090
1.2474e-11 0.0080
1.0098e-11 0.0090
4.8739e-12 0.0129
1.1391e-12 0.0258
9.0842e-14 0.0841
6.3168e-13 0.0338
4.9263e-12 0.0127
1.5932e-11 0.0071
3.1272e-11 0.0049
3.9786e-11 0.0043
3.1416e-11 0.0049
1.5696e-11 0.0071
4.8084e-12 0.0128
6.3437e-13 0.0343
1.6271e-12 0.0218
1.0017e-11 0.0090
3.1247e-11 0.0049
6.9502e-11 0.0031
9.6455e-11 0.0025
6.9436e-11 0.0031
3.1075e-11 0.0050
1.0126e-11 0.0090
1.6126e-12 0.0217
2.2455e-12 0.0187
1.2718e-11 0.0080
3.9936e-11 0.0043
9.6287e-11 0.0025
1.4013e-10 0.0020
9.6460e-11 0.0025
3.9838e-11 0.0043
1.2544e-11 0.0080
2.1752e-12 0.0189
1.6216e-12 0.0216
1.0165e-11 0.0089
3.1228e-11 0.0049
6.9613e-11 0.0031
9.6294e-11 0.0025
6.9944e-11 0.0031
3.1355e-11 0.0049
1.0238e-11 0.0089
1.6016e-12 0.0218
6.1883e-13 0.0337
4.8165e-12 0.0129
1.5738e-11 0.0072
3.1162e-11 0.0049
4.0111e-11 0.0043
3.1472e-11 0.0049
1.5826e-11 0.0071
4.8837e-12 0.0129
6.3527e-13 0.0335
1.0227e-13 0.0786
1.2018e-12 0.0251
4.8687e-12 0.0128
1.0164e-11 0.0089
1.2785e-11 0.0079
1.0253e-11 0.0089
4.9650e-12 0.0127
1.2560e-12 0.0247
1.0185e-13 0.0805
4.1043e-15 0.2201
8.6237e-14 0.0821
6.2838e-13 0.0338
1.6907e-12 0.0214
2.2074e-12 0.0186
1.6910e-12 0.0211
6.5269e-13 0.0333
1.0411e-13 0.0781
7.6664e-15 0.2155
4.5107e-15 0.2230
4.5151e-14 0.1112
3.2756e-13 0.0450
1.0547e-12 0.0260
1.5077e-12 0.0220
1.0719e-12 0.0258
3.5483e-13 0.0426
4.2914e-14 0.1156
3.4683e-15 0.2090
4.0399e-14 0.1197
7.5784e-13 0.0304
3.7566e-12 0.0144
8.5643e-12 0.0096
1.1076e-11 0.0085
8.4608e-12 0.0096
3.7701e-12 0.0143
7.6624e-13 0.0306
4.0387e-14 0.1127
3.4756e-13 0.0431
3.7657e-12 0.0143
1.4100e-11 0.0075
2.8516e-11 0.0052
3.6221e-11 0.0045
2.8483e-11 0.0052
1.4002e-11 0.0075
3.8606e-12 0.0142
3.4895e-13 0.0432
1.0390e-12 0.0262
8.5106e-12 0.0096
2.8431e-11 0.0052
5.9437e-11 0.0034
7.8459e-11 0.0028
5.9804e-11 0.0034
2.8523e-11 0.0052
8.5401e-12 0.0096
1.0968e-12 0.0259
1.5483e-12 0.0220
1.1024e-11 0.0085
3.6388e-11 0.0045
7.7850e-11 0.0029
1.0546e-10 0.0024
7.8373e-11 0.0029
3.6113e-11 0.0045
1.1113e-11 0.0084
1.5090e-12 0.0219
1.0638e-12 0.0259
8.6564e-12 0.0095
2.8350e-11 0.0052
5.9617e-11 0.0034
7.8216e-11 0.0029
5.9756e-11 0.0034
2.8717e-11 0.0051
8.6812e-12 0.0096
1.0684e-12 0.0258
3.2918e-13 0.0447
3.8549e-12 0.0142
1.4115e-11 0.0075
2.8590e-11 0.0052
3.6465e-11 0.0045
2.8656e-11 0.0052
1.4077e-11 0.0075
3.7738e-12 0.0143
3.3270e-13 0.0445
4.0672e-14 0.1110
7.5980e-13 0.0303
3.8156e-12 0.0143
8.6177e-12 0.0095
1.1102e-11 0.0084
8.7246e-12 0.0095
3.7578e-12 0.0143
7.6541e-13 0.0303
3.1898e-14 0.1237
4.1373e-15 0.4222
4.5868e-14 0.1092
3.5508e-13 0.0433
1.0216e-12 0.0262
1.5340e-12 0.0218
1.1245e-12 0.0252
3.7338e-13 0.0416
3.7285e-14 0.1153
6.2977e-15 0.2356
4.9982e-15 0.1938
1.7499e-14 0.1558
1.5459e-13 0.0614
4.8746e-13 0.0358
8.0444e-13 0.0291
5.0782e-13 0.0358
1.3539e-13 0.0644
1.2227e-14 0.1728
2.2281e-15 0.1881
1.5434e-14 0.1599
3.7031e-13 0.0415
2.3028e-12 0.0177
5.9361e-12 0.0113
7.9422e-12 0.0098
5.9186e-12 0.0113
2.3100e-12 0.0177
3.2432e-13 0.0437
1.9157e-14 0.1726
1.4512e-13 0.0647
2.2901e-12 0.0178
1.0491e-11 0.0086
2.2918e-11 0.0058
2.9195e-11 0.0051
2.2510e-11 0.0058
1.0390e-11 0.0086
2.1950e-12 0.0180
1.3728e-13 0.0662
5.2777e-13 0.0357
6.0351e-12 0.0112
2.3007e-11 0.0058
4.7381e-11 0.0039
6.0878e-11 0.0033
4.7626e-11 0.0038
2.2531e-11 0.0058
5.8810e-12 0.0113
5.0516e-13 0.0359
7.7039e-13 0.0294
7.8367e-12 0.0098
2.9161e-11 0.0051
6.0362e-11 0.0033
7.8749e-11 0.0028
6.0937e-11 0.0033
2.9181e-11 0.0051
7.8580e-12 0.0098
7.2620e-13 0.0304
5.5094e-13 0.0348
5.9745e-12 0.0112
2.2829e-11 0.0058
4.7192e-11 0.0039
6.0395e-11 0.0033
4.7370e-11 0.0039
2.2528e-11 0.0058
5.9518e-12 0.0113
5.4164e-13 0.0353
1.4075e-13 0.0651
2.2968e-12 0.0176
1.0396e-11 0.0086
2.2748e-11 0.0058
2.9243e-11 0.0050
2.2670e-11 0.0058
1.0668e-11 0.0085
2.3715e-12 0.0175
1.3271e-13 0.0668
1.3407e-14 0.1838
3.6401e-13 0.0422
2.2794e-12 0.0178
5.9166e-12 0.0113
7.9591e-12 0.0098
5.9275e-12 0.0113
2.2443e-12 0.0180
3.4124e-13 0.0438
1.2912e-14 0.1743
2.2191e-15 0.2636
1.6085e-14 0.1667
1.3905e-13 0.0645
5.3509e-13 0.0351
7.6975e-13 0.0295
5.2232e-13 0.0355
1.6035e-13 0.0607
2.1925e-14 0.1522
4.6699e-15 0.1962
4.9574e-15 0.1651
1.1370e-14 0.1750
4.1302e-14 0.1091
1.6132e-13 0.0606
2.6848e-13 0.0466
1.5412e-13 0.0594
4.4171e-14 0.1081
5.2143e-15 0.2029
3.7514e-15 0.2665
1.0292e-14 0.2110
1.0864e-13 0.0716
1.0090e-12 0.0256
3.0983e-12 0.0151
4.5105e-12 0.0127
3.0932e-12 0.0151
1.0045e-12 0.0258
1.0613e-13 0.0691
5.1716e-15 0.1887
4.1158e-14 0.1063
9.9037e-13 0.0257
6.1875e-12 0.0109
1.4962e-11 0.0071
1.9919e-11 0.0061
1.5097e-11 0.0070
6.1017e-12 0.0109
9.7463e-13 0.0261
4.2288e-14 0.1115
1.6703e-13 0.0585
3.1709e-12 0.0150
1.4888e-11 0.0071
3.3249e-11 0.0046
4.3363e-11 0.0040
3.3749e-11 0.0046
1.5052e-11 0.0070
3.0987e-12 0.0151
1.7868e-13 0.0561
2.6784e-13 0.0472
4.3378e-12 0.0129
1.9815e-11 0.0061
4.2889e-11 0.0040
5.5398e-11 0.0035
4.3334e-11 0.0040
2.0067e-11 0.0061
4.3852e-12 0.0128
2.5841e-13 0.0485
1.6890e-13 0.0580
3.0506e-12 0.0152
1.5094e-11 0.0070
3.3342e-11 0.0046
4.2714e-11 0.0040
3.3282e-11 0.0047
1.4937e-11 0.0071
3.0990e-12 0.0152
1.6411e-13 0.0579
3.8795e-14 0.1129
1.0125e-12 0.0256
6.0316e-12 0.0110
1.5086e-11 0.0070
1.9832e-11 0.0061
1.4952e-11 0.0070
6.1977e-12 0.0109
1.0215e-12 0.0255
4.4617e-14 0.1080
6.9081e-15 0.2356
1.0243e-13 0.0722
1.0132e-12 0.0259
3.1246e-12 0.0151
4.4567e-12 0.0127
3.0824e-12 0.0152
1.0434e-12 0.0254
1.2173e-13 0.0690
8.5949e-15 0.2021
2.6837e-15 0.2149
9.1774e-15 0.1838
3.8514e-14 0.1110
1.7057e-13 0.0576
2.8561e-13 0.0464
1.7413e-13 0.0563
4.8341e-14 0.1044
8.7856e-15 0.1857
5.0327e-15 0.2613
4.4924e-15 0.2034
8.8434e-15 0.2268
1.7577e-14 0.1727
4.3250e-14 0.1075
6.0141e-14 0.0919
3.8664e-14 0.1086
8.4938e-15 0.1781
7.5848e-15 0.1772
3.7261e-15 0.2176
1.0068e-14 0.2234
2.2179e-14 0.1342
2.7118e-13 0.0460
1.0890e-12 0.0243
1.6646e-12 0.0198
1.0765e-12 0.0243
2.5167e-13 0.0473
2.7963e-14 0.1349
4.5678e-15 0.2368
1.4593e-14 0.1702
2.9348e-13 0.0446
2.5750e-12 0.0163
7.5292e-12 0.0098
1.0486e-11 0.0083
7.5996e-12 0.0097
2.5851e-12 0.0162
2.7832e-13 0.0454
1.4712e-14 0.1616
3.6830e-14 0.1157
1.1015e-12 0.0238
7.4755e-12 0.0097
1.9516e-11 0.0061
2.5882e-11 0.0052
1.9484e-11 0.0061
7.5271e-12 0.0097
1.1217e-12 0.0240
3.5532e-14 0.1037
6.5806e-14 0.0925
1.6961e-12 0.0197
1.0466e-11 0.0083
2.5659e-11 0.0053
3.4040e-11 0.0045
2.5757e-11 0.0053
1.0568e-11 0.0082
1.7205e-12 0.0195
5.8232e-14 0.0923
4.0768e-14 0.1062
1.1004e-12 0.0241
7.5194e-12 0.0097
1.9337e-11 0.0061
2.5862e-11 0.0052
1.9197e-11 0.0061
7.5763e-12 0.0097
1.1070e-12 0.0241
3.6491e-14 0.1154
2.0824e-14 0.1447
2.6523e-13 0.0472
2.4484e-12 0.0165
7.4778e-12 0.0097
1.0409e-11 0.0083
7.5215e-12 0.0097
2.5330e-12 0.0163
2.6039e-13 0.0467
1.3915e-14 0.1612
7.1763e-15 0.2541
2.4847e-14 0.1308
2.7623e-13 0.0461
1.1311e-12 0.0239
1.6778e-12 0.0197
1.1271e-12 0.0240
2.6683e-13 0.0462
2.8755e-14 0.1194
1.0305e-14 0.1984
6.1243e-15 0.3310
7.7440e-15 0.2142
1.7425e-14 0.1414
4.2593e-14 0.1075
6.5002e-14 0.0863
3.7094e-14 0.1039
1.3521e-14 0.1678
7.0792e-15 0.2060
6.6877e-15 0.2010
4.5878e-15 0.2754
5.0213e-15 0.1983
1.0070e-14 0.1946
1.4182e-14 0.1497
1.4501e-14 0.1384
1.5823e-14 0.1392
9.4217e-15 0.2055
8.2077e-15 0.1672
3.3748e-15 0.1689
6.3769e-15 0.1819
1.3275e-14 0.1620
5.3678e-14 0.0964
2.1695e-13 0.0494
3.9946e-13 0.0378
2.1606e-13 0.0492
5.5020e-14 0.0886
1.4950e-14 0.1767
6.7887e-15 0.2153
1.2654e-14 0.1994
5.1920e-14 0.0969
6.4809e-13 0.0304
2.5186e-12 0.0160
3.7777e-12 0.0133
2.5023e-12 0.0160
6.2597e-13 0.0307
5.6267e-14 0.0917
1.1691e-14 0.2035
1.0684e-14 0.1619
2.5428e-13 0.0466
2.4981e-12 0.0161
8.1278e-12 0.0092
1.1505e-11 0.0077
7.9966e-12 0.0092
2.4073e-12 0.0163
2.4140e-13 0.0481
1.2087e-14 0.1721
1.6361e-14 0.1366
3.8569e-13 0.0389
3.6781e-12 0.0134
1.1412e-11 0.0078
1.6018e-11 0.0066
1.1468e-11 0.0078
3.7265e-12 0.0133
3.8517e-13 0.0380
1.5388e-14 0.1312
1.6947e-14 0.1394
2.3403e-13 0.0491
2.5285e-12 0.0161
8.0421e-12 0.0092
1.1437e-11 0.0077
7.9720e-12 0.0092
2.4177e-12 0.0163
2.4592e-13 0.0471
1.2058e-14 0.1621
1.5027e-14 0.1857
4.8350e-14 0.0951
6.3103e-13 0.0308
2.4886e-12 0.0161
3.6777e-12 0.0134
2.5072e-12 0.0162
6.5197e-13 0.0305
5.4342e-14 0.0922
1.2317e-14 0.1657
1.2539e-14 0.2175
1.3603e-14 0.1470
5.5915e-14 0.0883
2.2377e-13 0.0490
3.5779e-13 0.0395
2.1806e-13 0.0487
4.5636e-14 0.0959
1.3462e-14 0.1657
6.4639e-15 0.1847
6.8913e-15 0.2158
9.4994e-15 0.2290
9.7983e-15 0.2142
1.4539e-14 0.1536
1.7644e-14 0.1254
1.2894e-14 0.1574
1.2790e-14 0.1681
7.8898e-15 0.1988
5.1717e-15 0.2088
6.9010e-15 0.2510
7.2156e-15 0.1752
9.1449e-15 0.1699
1.4723e-14 0.1956
1.6131e-14 0.1523
1.4546e-14 0.1600
9.8417e-15 0.1630
7.9182e-15 0.2048
6.8719e-15 0.2026
6.8569e-15 0.2050
7.3751e-15 0.1794
2.2139e-14 0.1428
4.4957e-14 0.0937
5.7743e-14 0.0861
3.8454e-14 0.1005
1.8248e-14 0.1194
1.4234e-14 0.1427
6.6845e-15 0.1953
1.0452e-14 0.2364
2.0531e-14 0.1315
1.0741e-13 0.0677
4.4984e-13 0.0353
7.1431e-13 0.0283
4.4212e-13 0.0351
8.7896e-14 0.0730
2.2673e-14 0.1480
1.5548e-14 0.1756
1.6096e-14 0.1629
3.8899e-14 0.1085
4.5330e-13 0.0349
1.9699e-12 0.0176
3.1737e-12 0.0141
2.0154e-12 0.0174
4.5969e-13 0.0347
3.6368e-14 0.1096
1.4706e-14 0.1790
1.6734e-14 0.1412
5.5071e-14 0.0890
7.1187e-13 0.0284
3.0918e-12 0.0143
4.7865e-12 0.0116
3.0518e-12 0.0143
7.3867e-13 0.0275
5.9318e-14 0.0829
1.4611e-14 0.1642
1.5162e-14 0.1616
3.8963e-14 0.0998
4.7180e-13 0.0344
1.9582e-12 0.0178
3.1811e-12 0.0141
1.9465e-12 0.0177
4.3907e-13 0.0356
3.4852e-14 0.1048
1.1082e-14 0.1608
1.1059e-14 0.1813
2.2086e-14 0.1354
9.9363e-14 0.0673
4.2778e-13 0.0355
7.2650e-13 0.0281
4.4341e-13 0.0352
9.3367e-14 0.0756
1.8204e-14 0.1314
1.0293e-14 0.1543
9.6283e-15 0.2150
1.2351e-14 0.1781
2.0190e-14 0.1458
3.9371e-14 0.1019
6.0424e-14 0.0912
3.8282e-14 0.1089
2.3085e-14 0.1281
1.3626e-14 0.1758
6.5407e-15 0.2138
8.0473e-15 0.2055
8.7871e-15 0.2134
8.7059e-15 0.1718
1.1850e-14 0.1603
9.4152e-15 0.1754
1.2387e-14 0.1743
1.4516e-14 0.1703
6.4012e-15 0.1870
4.0867e-15 0.2767
4.3747e-15 0.1908
7.2654e-15 0.1951
9.4939e-15 0.1925
1.2936e-14 0.1654
1.3084e-14 0.1455
1.4827e-14 0.1665
9.4306e-15 0.1731
8.2660e-15 0.1961
5.0650e-15 0.1608
6.2574e-15 0.2760
9.3529e-15 0.1704
1.9880e-14 0.1316
2.9359e-14 0.1360
2.7240e-14 0.1205
2.5598e-14 0.1395
2.1675e-14 0.1431
1.1623e-14 0.1598
9.0309e-15 0.2117
1.6108e-14 0.1859
2.5284e-14 0.1290
3.9367e-14 0.1201
6.7438e-14 0.0809
9.8356e-14 0.0674
7.7265e-14 0.0747
3.0626e-14 0.1097
2.0882e-14 0.1422
1.4062e-14 0.1925
1.5743e-14 0.1731
2.2705e-14 0.1239
7.1408e-14 0.0787
2.5588e-13 0.0435
4.3755e-13 0.0343
2.5796e-13 0.0430
6.7860e-14 0.0847
2.3197e-14 0.1393
1.5718e-14 0.1586
1.1287e-14 0.1534
2.9140e-14 0.1247
1.0263e-13 0.0661
4.3332e-13 0.0342
7.5072e-13 0.0268
4.4474e-13 0.0337
1.1630e-13 0.0625
3.1250e-14 0.1160
1.4469e-14 0.1561
1.2522e-14 0.1865
2.1348e-14 0.1331
6.9808e-14 0.0798
2.4422e-13 0.0442
4.3916e-13 0.0341
2.4665e-13 0.0446
6.7616e-14 0.0822
2.6461e-14 0.1209
1.2240e-14 0.1609
1.2321e-14 0.1920
1.7403e-14 0.1454
3.3064e-14 0.1166
6.3280e-14 0.0829
1.0513e-13 0.0674
6.2800e-14 0.0801
3.2258e-14 0.1266
1.8013e-14 0.1280
1.1930e-14 0.1635
8.4107e-15 0.2049
1.3400e-14 0.1566
1.6798e-14 0.1408
2.7564e-14 0.1323
3.0786e-14 0.1154
2.5912e-14 0.1062
2.2307e-14 0.1466
1.3704e-14 0.1690
1.0037e-14 0.1969
6.5698e-15 0.2067
5.4975e-15 0.2540
1.0806e-14 0.1749
1.2472e-14 0.1412
1.1574e-14 0.1689
1.3643e-14 0.1603
1.2882e-14 0.1734
7.9167e-15 0.1837
5.2225e-15 0.2397
6.2354e-15 0.2646
4.7831e-15 0.1995
1.1423e-14 0.1761
9.3857e-15 0.1548
1.4312e-14 0.1543
1.1094e-14 0.1748
1.2252e-14 0.1612
7.0027e-15 0.2031
8.9463e-15 0.1956
5.9219e-15 0.2049
1.0154e-14 0.1720
1.7946e-14 0.1746
2.7113e-14 0.1316
2.9545e-14 0.1180
2.3373e-14 0.1180
2.2657e-14 0.1299
1.0743e-14 0.1759
9.5516e-15 0.1828
1.6012e-14 0.1730
2.3973e-14 0.1505
3.0390e-14 0.1217
5.1513e-14 0.0925
4.8684e-14 0.1021
5.1088e-14 0.0969
2.8028e-14 0.1327
1.7117e-14 0.1363
1.3606e-14 0.1882
1.5889e-14 0.1587
2.8171e-14 0.1255
3.6746e-14 0.1045
7.6749e-14 0.0718
1.1209e-13 0.0665
9.6194e-14 0.0762
4.2212e-14 0.1028
2.4194e-14 0.1347
1.6260e-14 0.1666
1.7840e-14 0.1638
2.2159e-14 0.1141
4.1417e-14 0.0945
1.0904e-13 0.0659
1.7227e-13 0.0537
1.1480e-13 0.0635
5.9796e-14 0.0848
2.4920e-14 0.1134
1.4703e-14 0.1601
1.1598e-14 0.1813
2.4159e-14 0.1309
4.4164e-14 0.0990
7.3318e-14 0.0737
1.1898e-13 0.0650
8.0316e-14 0.0718
4.7872e-14 0.1003
2.2371e-14 0.1279
1.2909e-14 0.1465
1.0630e-14 0.1954
1.4674e-14 0.1487
3.1943e-14 0.1254
4.4848e-14 0.1045
4.9677e-14 0.0994
4.4449e-14 0.0882
2.6261e-14 0.1320
1.5977e-14 0.1458
1.4904e-14 0.1822
1.1063e-14 0.1983
1.4393e-14 0.1675
1.7701e-14 0.1561
2.4140e-14 0.1268
2.9955e-14 0.1155
2.6324e-14 0.1297
1.8709e-14 0.1586
1.1077e-14 0.1476
8.5851e-15 0.1773
6.8290e-15 0.2275
7.5748e-15 0.2249
1.1949e-14 0.1974
1.4311e-14 0.1889
1.4699e-14 0.1495
1.2991e-14 0.1487
1.1757e-14 0.1676
8.4094e-15 0.1808
5.3602e-15 0.2144
4.7015e-15 0.2297
8.7951e-15 0.2214
1.3727e-14 0.1832
9.6519e-15 0.1690
1.4213e-14 0.1763
1.5293e-14 0.1575
1.2322e-14 0.1767
5.4227e-15 0.1970
5.9490e-15 0.2081
8.6255e-15 0.1962
1.0701e-14 0.1813
1.5619e-14 0.1398
2.3940e-14 0.1286
2.4271e-14 0.1297
2.3107e-14 0.1379
1.6943e-14 0.1481
1.0184e-14 0.1510
7.1559e-15 0.1769
1.2430e-14 0.1641
1.9422e-14 0.1479
2.7920e-14 0.1154
4.4860e-14 0.0950
4.5534e-14 0.0930
4.8182e-14 0.0966
2.8105e-14 0.1215
1.8484e-14 0.1597
1.0737e-14 0.2067
1.7691e-14 0.1678
2.5404e-14 0.1272
3.3056e-14 0.1027
6.8033e-14 0.0803
9.6066e-14 0.0749
7.2998e-14 0.0808
3.4651e-14 0.0986
2.3216e-14 0.1376
1.7960e-14 0.1455
1.6488e-14 0.1608
2.6546e-14 0.1236
4.3092e-14 0.0904
7.9469e-14 0.0746
1.2998e-13 0.0593
8.5524e-14 0.0720
5.2550e-14 0.0876
2.5302e-14 0.1242
1.1450e-14 0.1408
1.1125e-14 0.1756
1.8080e-14 0.1247
4.0440e-14 0.1040
7.9777e-14 0.0803
9.0370e-14 0.0709
7.2408e-14 0.0885
3.5035e-14 0.1097
2.2503e-14 0.1368
1.4788e-14 0.2000
1.2813e-14 0.1698
1.6660e-14 0.1551
2.5496e-14 0.1362
3.8936e-14 0.0972
4.7388e-14 0.0958
3.6831e-14 0.0946
2.9978e-14 0.1227
1.5920e-14 0.1323
1.1942e-14 0.1887
1.1736e-14 0.1803
1.4987e-14 0.1824
1.1949e-14 0.1633
3.3302e-14 0.1258
2.7578e-14 0.1161
2.7677e-14 0.1281
1.8708e-14 0.1373
1.1354e-14 0.1653
9.4053e-15 0.1886
5.1782e-15 0.2229
5.8205e-15 0.3006
1.3327e-14 0.1723
1.3141e-14 0.1630
1.2841e-14 0.1597
1.1947e-14 0.1698
1.2535e-14 0.1748
9.0440e-15 0.1933
4.9765e-15 0.2260
4.6227e-15 0.2667
6.9773e-15 0.1771
1.2355e-14 0.1800
1.2707e-14 0.1554
9.6552e-15 0.1665
1.4010e-14 0.1714
1.0032e-14 0.1645
7.2485e-15 0.1956
7.3102e-15 0.1977
9.8969e-15 0.1867
1.2389e-14 0.1897
1.9729e-14 0.1441
2.4092e-14 0.1374
3.0344e-14 0.1259
2.1109e-14 0.1408
1.7082e-14 0.1509
1.3382e-14 0.1875
1.0038e-14 0.1931
1.3590e-14 0.1660
1.7089e-14 0.1539
2.5714e-14 0.1273
3.9101e-14 0.1111
4.4526e-14 0.0993
4.3633e-14 0.1078
3.0140e-14 0.1234
1.5809e-14 0.1571
1.3181e-14 0.2210
1.8346e-14 0.1499
2.0396e-14 0.1345
3.6240e-14 0.1074
6.8922e-14 0.0819
8.6679e-14 0.0738
7.1888e-14 0.0831
3.9125e-14 0.1046
1.8178e-14 0.1453
1.4252e-14 0.1644
1.3880e-14 0.1774
2.2297e-14 0.1508
3.5304e-14 0.1020
7.5656e-14 0.0767
1.2345e-13 0.0634
8.3189e-14 0.0742
5.4210e-14 0.0961
2.9048e-14 0.1206
1.3608e-14 0.1675
1.2772e-14 0.1803
1.8080e-14 0.1374
3.9093e-14 0.0993
6.8626e-14 0.0868
9.7510e-14 0.0745
6.4263e-14 0.0858
4.0620e-14 0.1090
1.7831e-14 0.1361
1.0115e-14 0.1550
1.2516e-14 0.1915
1.7400e-14 0.1574
2.3620e-14 0.1186
3.5574e-14 0.1151
4.5751e-14 0.0982
3.2968e-14 0.1009
2.8570e-14 0.1176
1.4829e-14 0.1469
1.0327e-14 0.1750
1.1345e-14 0.1843
8.4037e-15 0.1822
1.0351e-14 0.1715
2.2375e-14 0.1200
2.5332e-14 0.1260
2.5145e-14 0.1503
1.8277e-14 0.1569
1.0461e-14 0.1585
9.0452e-15 0.2140
5.3049e-15 0.2416
8.8733e-15 0.2422
1.2681e-14 0.1734
1.2120e-14 0.1703
1.3675e-14 0.1650
1.4152e-14 0.1578
1.0058e-14 0.1785
9.0611e-15 0.2106
5.6526e-15 0.2166
