     9      9     20
d_kernel   u_kernel

0.0000e+00 1.0000
0.0000e+00 1.0000
0.0000e+00 1.0000
1.4810e-16 0.4772
0.0000e+00 1.0000
4.7159e-16 0.4790
7.1795e-16 0.3516
1.0107e-15 0.3766
3.4387e-16 0.3810
2.0292e-16 0.4617
0.0000e+00 1.0000
6.3555e-16 0.3807
3.9027e-16 0.4047
0.0000e+00 1.0000
6.1942e-16 0.3024
6.8737e-16 0.2841
9.2583e-16 0.3558
6.8688e-16 0.3090
0.0000e+00 1.0000
4.5797e-16 0.4543
6.0236e-16 0.4508
7.6573e-16 0.3205
1.6411e-15 0.4621
2.0315e-15 0.3058
1.6256e-15 0.2380
1.6554e-15 0.2983
1.1586e-15 0.2518
0.0000e+00 1.0000
5.1512e-16 0.3090
4.8847e-16 0.3512
4.7887e-16 0.3693
1.1053e-15 0.2649
2.1733e-15 0.2570
1.2812e-14 0.1929
3.8553e-14 0.1089
8.4425e-15 0.1998
0.0000e+00 1.0000
0.0000e+00 1.0000
6.8197e-16 0.4802
1.0808e-15 0.3557
1.8742e-15 0.3695
1.5066e-13 0.0593
2.4963e-12 0.0171
5.1159e-12 0.0122
2.4673e-12 0.0171
7.8488e-16 0.4521
3.0182e-16 0.3528
6.0491e-16 0.3563
1.6692e-15 0.2840
1.1413e-14 0.1879
2.5521e-12 0.0169
1.4804e-11 0.0075
2.9418e-11 0.0051
1.4754e-11 0.0076
3.6776e-16 0.4167
6.6975e-16 0.3620
6.0631e-16 0.3326
1.6229e-15 0.2716
3.0912e-14 0.1137
5.0471e-12 0.0123
2.9293e-11 0.0051
1.3155e-09 0.0002
2.9003e-11 0.0051
4.8446e-16 0.3082
4.3402e-16 0.3821
7.7583e-16 0.3062
1.1716e-15 0.2689
1.0366e-14 0.1804
2.5383e-12 0.0169
1.4958e-11 0.0075
2.9221e-11 0.0051
1.4916e-11 0.0075
0.0000e+00 1.0000
4.3959e-16 0.4071
4.5006e-16 0.4836
0.0000e+00 1.0000
2.1067e-15 0.4301
1.4989e-13 0.0587
2.4908e-12 0.0171
5.0494e-12 0.0123
2.5736e-12 0.0168
2.1831e-16 0.4613
0.0000e+00 1.0000
0.0000e+00 1.0000
0.0000e+00 1.0000
3.1296e-16 0.4722
3.6693e-16 0.4182
3.9703e-16 0.3790
8.0134e-16 0.4650
2.9243e-16 0.3894
0.0000e+00 1.0000
3.8171e-16 0.4612
2.5685e-16 0.3569
1.2405e-15 0.4668
0.0000e+00 1.0000
8.8756e-16 0.2903
8.5219e-16 0.2800
1.2661e-15 0.3120
6.2445e-16 0.2963
0.0000e+00 1.0000
3.0383e-16 0.4047
0.0000e+00 1.0000
0.0000e+00 1.0000
2.3135e-15 0.3101
9.4797e-16 0.2458
1.4855e-15 0.2618
2.0499e-15 0.2695
1.4168e-15 0.2208
6.6471e-16 0.4977
1.1512e-15 0.3001
5.1690e-16 0.4381
1.0240e-15 0.4848
1.7966e-15 0.3542
2.2454e-15 0.2941
1.0715e-14 0.1712
2.9350e-14 0.1152
9.6471e-15 0.1644
0.0000e+00 1.0000
0.0000e+00 1.0000
1.0689e-15 0.3954
1.1891e-15 0.3254
1.9458e-15 0.2644
2.1765e-13 0.0488
4.4942e-12 0.0125
1.0206e-11 0.0086
4.5747e-12 0.0124
0.0000e+00 1.0000
0.0000e+00 1.0000
7.6181e-16 0.4788
2.7158e-15 0.4832
1.0608e-14 0.1817
4.5192e-12 0.0125
4.0522e-11 0.0046
1.0557e-10 0.0026
4.0811e-11 0.0046
0.0000e+00 1.0000
1.2189e-15 0.4098
7.0660e-16 0.2885
1.5300e-15 0.2475
2.8822e-14 0.1153
1.0047e-11 0.0087
1.0592e-10 0.0026
1.1589e-09 0.0003
1.0543e-10 0.0026
3.3964e-16 0.3298
5.1043e-16 0.3446
1.0771e-15 0.4143
1.0205e-15 0.3960
1.0005e-14 0.1884
4.5928e-12 0.0124
4.0919e-11 0.0046
1.0585e-10 0.0026
4.0798e-11 0.0046
0.0000e+00 1.0000
9.8873e-16 0.3652
6.5632e-16 0.3023
8.5263e-16 0.2813
1.2938e-15 0.2809
1.9909e-13 0.0495
4.5835e-12 0.0124
1.0216e-11 0.0086
4.6390e-12 0.0124
0.0000e+00 1.0000
0.0000e+00 1.0000
1.4609e-16 0.4886
3.6246e-16 0.3757
4.6004e-16 0.4601
3.1400e-16 0.3837
3.0668e-16 0.4403
9.8645e-16 0.3610
7.8468e-16 0.3583
0.0000e+00 1.0000
3.8915e-16 0.4854
6.3356e-16 0.2914
5.9769e-16 0.3958
5.6459e-16 0.3245
0.0000e+00 1.0000
5.3564e-16 0.2729
8.5282e-16 0.3763
5.7814e-16 0.3598
0.0000e+00 1.0000
4.7851e-16 0.3756
5.1446e-16 0.3111
2.9996e-16 0.3806
4.4255e-16 0.3285
1.7179e-15 0.3955
1.0696e-15 0.2176
2.0723e-15 0.3600
1.3798e-15 0.2642
7.7054e-16 0.4523
1.2312e-15 0.3968
1.3671e-15 0.2869
1.0606e-15 0.3991
1.6957e-15 0.2371
2.2850e-15 0.2189
6.5063e-15 0.1810
1.5706e-14 0.1446
5.7706e-15 0.1776
3.5981e-16 0.3253
4.4746e-16 0.3198
6.1292e-16 0.3309
1.5196e-15 0.2613
3.2700e-15 0.2042
1.5060e-13 0.0538
5.4106e-12 0.0110
1.3928e-11 0.0072
5.5662e-12 0.0109
0.0000e+00 1.0000
0.0000e+00 1.0000
1.0354e-15 0.4020
2.2070e-15 0.2683
7.3304e-15 0.1954
5.5190e-12 0.0109
7.0651e-11 0.0034
1.7700e-10 0.0020
7.1104e-11 0.0034
4.2443e-16 0.3640
7.7850e-16 0.3885
1.2008e-15 0.2743
1.2360e-15 0.2250
1.8902e-14 0.1367
1.3697e-11 0.0072
1.7777e-10 0.0020
7.7022e-10 0.0006
1.7733e-10 0.0020
2.6726e-16 0.4224
4.8337e-16 0.3331
0.0000e+00 1.0000
2.1153e-15 0.2841
6.0421e-15 0.1807
5.5572e-12 0.0109
7.1315e-11 0.0034
1.7789e-10 0.0020
7.0905e-11 0.0034
9.3940e-16 0.4230
1.2625e-15 0.3502
1.1358e-15 0.3271
1.1499e-15 0.2306
1.8916e-15 0.2109
1.4309e-13 0.0554
5.4502e-12 0.0110
1.3818e-11 0.0072
5.4839e-12 0.0109
0.0000e+00 1.0000
0.0000e+00 1.0000
2.7898e-16 0.4981
0.0000e+00 1.0000
2.7590e-16 0.4172
0.0000e+00 1.0000
4.3630e-16 0.3909
1.0323e-15 0.4025
9.1904e-16 0.3204
2.8594e-16 0.4139
0.0000e+00 1.0000
3.9409e-16 0.4389
5.7484e-16 0.4055
8.0604e-16 0.3727
7.2298e-16 0.3517
7.9586e-16 0.3726
2.2815e-15 0.3315
1.6572e-15 0.3418
0.0000e+00 1.0000
3.4548e-16 0.4214
1.4603e-15 0.3789
8.6512e-16 0.3344
1.3287e-15 0.4086
1.4149e-15 0.3610
1.4048e-15 0.2569
2.3371e-15 0.2649
2.5758e-15 0.2453
0.0000e+00 1.0000
0.0000e+00 1.0000
8.6601e-16 0.4062
1.9762e-15 0.3282
1.7383e-15 0.3068
1.8253e-15 0.2824
5.2798e-15 0.2149
4.6453e-15 0.1835
3.9335e-15 0.1701
4.9297e-16 0.3618
8.1893e-16 0.4161
1.4012e-15 0.3194
1.8130e-15 0.2776
2.5690e-15 0.1998
5.3226e-14 0.0827
3.6295e-12 0.0126
1.0972e-11 0.0076
3.5596e-12 0.0127
0.0000e+00 1.0000
5.2465e-16 0.4903
1.2956e-15 0.2633
2.1043e-15 0.3253
3.8818e-15 0.1931
3.6171e-12 0.0126
7.3511e-11 0.0032
1.7398e-10 0.0020
7.3123e-11 0.0033
0.0000e+00 1.0000
1.8818e-15 0.4683
1.4924e-15 0.3361
3.1031e-15 0.4109
9.2271e-15 0.1735
1.1146e-11 0.0076
1.7437e-10 0.0020
4.7168e-10 0.0010
1.7398e-10 0.0020
0.0000e+00 1.0000
0.0000e+00 1.0000
1.5305e-15 0.4447
2.3511e-15 0.3101
3.7808e-15 0.1808
3.7271e-12 0.0124
7.3681e-11 0.0032
1.7433e-10 0.0020
7.3510e-11 0.0032
2.4547e-16 0.4515
2.9641e-16 0.4930
7.9146e-16 0.3060
1.1078e-15 0.2633
2.6912e-15 0.1868
5.4764e-14 0.0828
3.6909e-12 0.0124
1.1151e-11 0.0076
3.6518e-12 0.0126
3.9810e-16 0.4545
0.0000e+00 1.0000
5.0127e-16 0.3704
7.7385e-16 0.3390
3.1079e-16 0.4416
6.3908e-16 0.3755
2.7316e-16 0.4233
0.0000e+00 1.0000
4.9175e-16 0.4521
0.0000e+00 1.0000
0.0000e+00 1.0000
3.0913e-16 0.4646
0.0000e+00 1.0000
9.4282e-16 0.2971
1.2803e-15 0.4376
8.2460e-16 0.3287
9.3263e-16 0.2356
9.1515e-16 0.3458
3.0510e-16 0.3994
0.0000e+00 1.0000
6.9864e-16 0.2889
1.0523e-15 0.3451
1.0474e-15 0.3724
7.9528e-16 0.2641
1.2838e-15 0.3579
2.3342e-15 0.2605
1.8101e-15 0.2879
3.8782e-16 0.4098
2.9705e-16 0.4842
1.0254e-15 0.3332
1.2317e-15 0.3626
2.0299e-15 0.2880
3.2188e-15 0.2347
4.0055e-15 0.1713
5.9724e-15 0.1709
3.7588e-15 0.1967
0.0000e+00 1.0000
9.1473e-16 0.4047
9.7144e-16 0.3296
2.2553e-15 0.2664
3.0869e-15 0.2183
1.0782e-14 0.1513
9.7644e-13 0.0217
4.0554e-12 0.0115
9.5941e-13 0.0220
0.0000e+00 1.0000
7.9852e-16 0.3297
1.2656e-15 0.3455
2.2964e-15 0.2709
3.6076e-15 0.2302
9.5617e-13 0.0220
4.2951e-11 0.0040
1.1190e-10 0.0025
4.2727e-11 0.0040
4.1583e-16 0.4081
5.8486e-16 0.3360
1.2789e-15 0.4559
2.0773e-15 0.2432
7.1290e-15 0.1940
4.0146e-12 0.0115
1.1232e-10 0.0025
2.7464e-10 0.0015
1.1194e-10 0.0025
1.5513e-16 0.3924
1.3026e-15 0.4678
1.0739e-15 0.3523
2.9484e-15 0.2780
5.5623e-15 0.2103
9.8598e-13 0.0218
4.2954e-11 0.0040
1.1216e-10 0.0025
4.3079e-11 0.0040
2.7331e-16 0.4080
1.1640e-15 0.2811
1.4205e-15 0.2438
1.8287e-15 0.2742
2.6202e-15 0.1552
1.0942e-14 0.1672
1.0111e-12 0.0215
4.0516e-12 0.0115
9.5188e-13 0.0220
5.2421e-16 0.4407
3.8045e-16 0.3966
0.0000e+00 1.0000
3.3031e-16 0.3706
4.1588e-16 0.3474
0.0000e+00 1.0000
6.8931e-16 0.3509
7.7290e-16 0.3333
5.8756e-16 0.3804
5.9934e-16 0.4150
5.4250e-16 0.4808
5.2897e-16 0.4579
8.5934e-16 0.4233
8.4184e-16 0.3830
1.0933e-15 0.2718
6.1204e-16 0.2706
1.0078e-15 0.2731
1.4496e-15 0.3990
6.4830e-16 0.3695
8.7696e-16 0.4155
7.9272e-16 0.3569
1.2603e-15 0.3697
2.2486e-15 0.3359
1.5424e-15 0.2061
1.9643e-15 0.2665
3.8410e-15 0.3141
2.4705e-15 0.2471
0.0000e+00 1.0000
3.5107e-16 0.3513
9.6818e-16 0.3564
1.1224e-15 0.2674
3.3444e-15 0.2796
3.7743e-15 0.2706
5.2445e-15 0.2210
7.8581e-15 0.1849
4.8053e-15 0.1834
6.9508e-16 0.4016
1.2188e-15 0.4614
8.4794e-16 0.3557
2.1358e-15 0.3061
3.5474e-15 0.1862
6.8635e-15 0.1936
6.7905e-14 0.0704
3.5526e-13 0.0329
6.6511e-14 0.0702
7.0966e-16 0.4275
1.3669e-15 0.3270
1.3614e-15 0.3513
2.3452e-15 0.2467
5.2127e-15 0.1531
6.2015e-14 0.0709
1.0076e-11 0.0074
3.5172e-11 0.0042
1.0042e-11 0.0074
5.1471e-16 0.4261
6.5978e-16 0.4006
1.2149e-15 0.3199
2.8857e-15 0.2035
6.7203e-15 0.1837
3.7659e-13 0.0323
3.5223e-11 0.0041
1.0729e-10 0.0024
3.5154e-11 0.0042
0.0000e+00 1.0000
1.2101e-15 0.3873
1.5598e-15 0.4045
3.7033e-15 0.2443
6.9257e-15 0.2761
6.4809e-14 0.0691
1.0124e-11 0.0074
3.5316e-11 0.0041
1.0059e-11 0.0074
4.7842e-16 0.4048
1.0232e-15 0.3277
1.1046e-15 0.3095
1.6769e-15 0.2198
3.3244e-15 0.2966
8.5466e-15 0.2098
5.5418e-14 0.0748
3.3304e-13 0.0338
6.3429e-14 0.0704
3.8692e-16 0.4946
1.1444e-16 0.4771
0.0000e+00 1.0000
7.1139e-16 0.3588
6.3303e-16 0.3413
1.1538e-15 0.4244
7.2203e-16 0.3816
7.2204e-16 0.3401
1.1351e-15 0.2949
8.7432e-16 0.4332
2.2617e-16 0.4228
0.0000e+00 1.0000
1.1269e-15 0.4218
8.5054e-16 0.3076
2.2643e-15 0.3294
1.3614e-15 0.3237
1.4085e-15 0.2758
1.3930e-15 0.2666
2.7858e-16 0.4400
3.9160e-16 0.3490
4.7204e-16 0.4620
1.1515e-15 0.4061
2.4239e-15 0.4427
1.1712e-15 0.2293
2.8035e-15 0.3129
2.8174e-15 0.2581
2.2057e-15 0.2523
1.6911e-16 0.3788
3.2158e-16 0.4715
9.5048e-16 0.3378
1.3352e-15 0.2355
1.1184e-15 0.2341
2.5802e-15 0.1997
5.1179e-15 0.1758
8.5892e-15 0.1582
4.8199e-15 0.1940
0.0000e+00 1.0000
5.2198e-16 0.3543
7.8809e-16 0.2602
1.4923e-15 0.1926
4.1527e-15 0.1888
5.9136e-15 0.1477
1.4284e-14 0.1142
1.7499e-14 0.1076
1.4259e-14 0.1291
3.8799e-16 0.4213
9.7696e-16 0.3839
8.6050e-16 0.2542
2.8348e-15 0.2216
4.7721e-15 0.1791
1.0657e-14 0.1176
4.1946e-13 0.0292
2.3014e-12 0.0135
4.2010e-13 0.0293
3.8211e-16 0.3620
8.2532e-16 0.2812
1.9093e-15 0.3029
3.4078e-15 0.2639
6.8409e-15 0.1519
1.9568e-14 0.1193
2.3806e-12 0.0133
1.1618e-11 0.0065
2.3610e-12 0.0134
4.5385e-16 0.3599
7.0144e-16 0.2999
1.9038e-15 0.2067
2.9222e-15 0.2769
5.7057e-15 0.1769
1.5532e-14 0.1275
4.0989e-13 0.0293
2.3298e-12 0.0134
4.1387e-13 0.0293
1.4882e-16 0.4349
0.0000e+00 1.0000
8.4665e-16 0.2733
9.8782e-16 0.2324
3.9152e-15 0.1621
7.4631e-15 0.1608
1.5715e-14 0.1298
1.7550e-14 0.0985
1.2361e-14 0.1297
2.2764e-16 0.4650
0.0000e+00 1.0000
0.0000e+00 1.0000
1.0573e-15 0.4715
6.1723e-16 0.3082
0.0000e+00 1.0000
0.0000e+00 1.0000
1.3496e-15 0.3900
8.0736e-16 0.3707
0.0000e+00 1.0000
2.4712e-16 0.4460
0.0000e+00 1.0000
1.5508e-15 0.3959
1.1116e-15 0.4285
1.5287e-15 0.3858
1.5300e-15 0.3390
2.5598e-15 0.3118
2.0761e-15 0.2787
4.5044e-16 0.4249
4.9097e-16 0.3428
1.9392e-16 0.3633
1.0006e-15 0.4268
8.3873e-16 0.2928
2.1087e-15 0.2452
2.3484e-15 0.2825
4.5307e-15 0.2362
1.8499e-15 0.2223
4.8514e-16 0.3472
4.1793e-16 0.3546
4.8685e-16 0.3042
1.6016e-15 0.2435
2.4584e-15 0.2551
4.2017e-15 0.2117
6.6199e-15 0.1698
7.1629e-15 0.2233
5.8703e-15 0.2525
5.7520e-16 0.3602
8.1554e-16 0.4697
7.3164e-16 0.3284
1.9506e-15 0.2470
5.4587e-15 0.2235
9.3280e-15 0.1962
1.1342e-14 0.1338
1.6073e-14 0.1195
1.5832e-14 0.1530
9.0725e-16 0.3915
6.5076e-16 0.3498
1.6970e-15 0.2547
2.2514e-15 0.2098
6.6845e-15 0.2464
1.1763e-14 0.1455
2.4502e-14 0.0972
4.2393e-14 0.0808
3.3730e-14 0.1004
0.0000e+00 1.0000
1.0198e-15 0.3388
1.7043e-15 0.2838
3.2586e-15 0.2671
6.8665e-15 0.1654
1.6522e-14 0.1245
3.8617e-14 0.0765
1.2856e-13 0.0504
4.4412e-14 0.0798
6.9131e-16 0.3496
1.1797e-15 0.2758
1.7185e-15 0.3396
5.1640e-15 0.2818
1.0788e-14 0.2084
1.1760e-14 0.1377
3.5045e-14 0.0990
4.6404e-14 0.0727
2.3112e-14 0.0850
0.0000e+00 1.0000
6.6263e-16 0.3283
1.2323e-15 0.2574
2.4903e-15 0.3224
6.5687e-15 0.2022
6.7428e-15 0.1412
1.1962e-14 0.1385
1.7805e-14 0.1208
1.2352e-14 0.1372
0.0000e+00 1.0000
0.0000e+00 1.0000
1.1202e-15 0.4023
1.8494e-15 0.4495
0.0000e+00 1.0000
1.3175e-15 0.4109
7.9747e-16 0.4295
2.9301e-15 0.4985
4.8190e-16 0.2687
3.1308e-16 0.4168
0.0000e+00 1.0000
8.9634e-16 0.4908
0.0000e+00 1.0000
5.1485e-16 0.3850
8.1099e-16 0.3934
1.2723e-15 0.2635
1.5406e-15 0.2625
1.8476e-15 0.2692
9.3121e-16 0.3739
0.0000e+00 1.0000
5.2951e-16 0.3536
1.2088e-15 0.2930
2.1476e-15 0.2719
2.7123e-15 0.3197
4.1581e-15 0.1860
3.9133e-15 0.2282
3.0053e-15 0.3406
0.0000e+00 1.0000
4.3587e-16 0.3797
1.0260e-15 0.4099
2.2213e-15 0.2879
2.1617e-15 0.2413
4.2225e-15 0.2290
7.2457e-15 0.1632
5.0370e-15 0.2019
6.9210e-15 0.2320
5.3791e-16 0.4256
0.0000e+00 1.0000
1.8904e-15 0.3681
2.5052e-15 0.2467
3.8734e-15 0.2035
7.1937e-15 0.1722
8.2997e-15 0.1242
1.5816e-14 0.1450
1.5042e-14 0.1568
4.6282e-16 0.4064
9.5754e-16 0.3696
1.7762e-15 0.2894
2.9558e-15 0.2454
7.0129e-15 0.2139
1.2326e-14 0.1491
2.6376e-14 0.0987
3.5348e-14 0.0828
2.7072e-14 0.1023
0.0000e+00 1.0000
1.1189e-15 0.4402
2.0425e-15 0.3643
2.4721e-15 0.2157
6.6008e-15 0.1654
1.7565e-14 0.1311
3.9193e-14 0.0891
6.0897e-14 0.0743
3.5903e-14 0.0910
0.0000e+00 1.0000
1.3518e-15 0.4541
1.7432e-15 0.2966
2.7520e-15 0.2601
8.5683e-15 0.2127
1.1934e-14 0.1931
2.2895e-14 0.1236
3.9447e-14 0.0858
2.1882e-14 0.0883
8.9583e-16 0.4675
1.2185e-15 0.2506
1.0587e-15 0.2416
4.4066e-15 0.2568
4.8385e-15 0.1976
7.2211e-15 0.1918
1.3683e-14 0.1411
1.3732e-14 0.1166
9.9532e-15 0.1654
0.0000e+00 1.0000
0.0000e+00 1.0000
0.0000e+00 1.0000
0.0000e+00 1.0000
0.0000e+00 1.0000
2.9783e-16 0.3850
0.0000e+00 1.0000
1.6317e-15 0.2516
8.4410e-16 0.4148
0.0000e+00 1.0000
5.3064e-16 0.3563
8.7539e-16 0.4662
7.3118e-16 0.4139
1.6280e-15 0.3712
1.1690e-15 0.3300
2.1835e-15 0.3162
3.1391e-15 0.3070
1.8751e-15 0.3765
4.2953e-16 0.3785
4.9184e-16 0.3880
6.5907e-16 0.3614
6.6220e-16 0.2836
1.5256e-15 0.3167
3.6867e-15 0.4022
4.3507e-15 0.2194
2.9246e-15 0.2173
1.9241e-15 0.2687
1.2050e-16 0.4729
1.1221e-15 0.2918
1.9771e-15 0.3370
2.2112e-15 0.2394
3.0415e-15 0.2806
5.1053e-15 0.1828
5.9249e-15 0.2264
6.1325e-15 0.1793
8.2790e-15 0.1876
0.0000e+00 1.0000
9.5335e-16 0.3519
1.1702e-15 0.3657
3.0108e-15 0.2674
4.4141e-15 0.1874
6.7451e-15 0.2070
9.3268e-15 0.1295
1.3183e-14 0.1320
1.3135e-14 0.1661
7.4209e-16 0.3705
7.6478e-16 0.4529
2.0634e-15 0.4245
1.5125e-15 0.2241
6.5807e-15 0.1955
8.1427e-15 0.1569
2.0417e-14 0.1109
2.7731e-14 0.1012
1.9260e-14 0.1158
3.9838e-16 0.4364
1.5372e-15 0.4814
1.0595e-15 0.2478
3.0352e-15 0.2083
5.1816e-15 0.1607
1.4739e-14 0.1545
2.8206e-14 0.0940
5.4275e-14 0.0793
3.0561e-14 0.0945
6.0715e-16 0.4511
1.3251e-15 0.3073
2.5839e-15 0.3452
4.3032e-15 0.2171
7.4840e-15 0.2336
1.1048e-14 0.1489
2.4105e-14 0.1142
3.0254e-14 0.0909
1.9988e-14 0.1048
5.1160e-16 0.3483
9.9788e-16 0.3948
1.8052e-15 0.3045
3.7455e-15 0.2483
3.4147e-15 0.2431
5.3720e-15 0.1693
1.1718e-14 0.1370
1.6075e-14 0.1452
8.4582e-15 0.1351
0.0000e+00 1.0000
0.0000e+00 1.0000
2.5510e-16 0.4166
0.0000e+00 1.0000
2.8980e-16 0.4804
1.1765e-15 0.3578
2.3739e-15 0.3393
1.4811e-15 0.2964
9.7914e-16 0.4120
2.4260e-16 0.3939
2.6755e-16 0.4388
0.0000e+00 1.0000
7.4545e-16 0.2814
1.7281e-15 0.2887
1.8147e-15 0.2611
2.5977e-15 0.3074
1.7874e-15 0.2254
1.5870e-15 0.2588
3.7019e-16 0.4670
0.0000e+00 1.0000
1.0622e-15 0.2861
2.0687e-15 0.4206
1.0467e-15 0.3479
1.2059e-15 0.2625
4.3976e-15 0.2910
2.8120e-15 0.2483
4.5186e-15 0.2885
3.6514e-16 0.3523
3.8543e-16 0.3228
1.9151e-15 0.3477
2.5605e-15 0.3030
2.9793e-15 0.2394
5.4311e-15 0.2101
3.7291e-15 0.2105
6.5560e-15 0.1867
5.1140e-15 0.2052
5.2436e-16 0.4163
7.8714e-16 0.3571
1.0672e-15 0.3669
2.6871e-15 0.2137
3.8164e-15 0.2523
4.7701e-15 0.1948
8.8485e-15 0.1667
9.7641e-15 0.1352
1.3439e-14 0.1309
8.0413e-16 0.4092
7.2373e-16 0.3156
1.6146e-15 0.2421
2.6232e-15 0.2337
6.1955e-15 0.2365
1.2077e-14 0.1555
2.1117e-14 0.1166
2.6263e-14 0.0960
2.0883e-14 0.1105
1.4244e-15 0.3425
8.0117e-16 0.3856
1.9646e-15 0.3345
4.6242e-15 0.2840
7.7241e-15 0.2120
1.2210e-14 0.1309
2.2335e-14 0.0987
4.2112e-14 0.0873
2.8390e-14 0.1200
9.9805e-16 0.3863
6.5223e-16 0.3114
3.8876e-15 0.3494
6.3688e-15 0.2190
5.0004e-15 0.2151
1.0544e-14 0.1833
2.4133e-14 0.1441
2.6010e-14 0.1032
1.5350e-14 0.1245
5.8693e-16 0.3221
5.1112e-16 0.3092
1.8342e-15 0.2681
2.9035e-15 0.2162
2.5758e-15 0.1997
5.6722e-15 0.1911
1.0330e-14 0.1514
9.6416e-15 0.1282
8.9676e-15 0.1459
1.8832e-16 0.4939
2.3281e-16 0.4533
4.6166e-16 0.4434
5.2862e-16 0.3719
1.6344e-15 0.3186
1.0155e-15 0.4024
9.5227e-16 0.3562
2.0979e-15 0.2665
1.0650e-15 0.4280
5.6703e-16 0.3634
0.0000e+00 1.0000
6.0032e-16 0.4008
9.3620e-16 0.3876
1.3387e-15 0.3887
1.4440e-15 0.3202
1.7941e-15 0.3110
2.1238e-15 0.2559
1.1644e-15 0.2884
8.6020e-16 0.4860
9.0148e-16 0.3932
0.0000e+00 1.0000
3.1944e-15 0.3598
2.7743e-15 0.4043
2.9358e-15 0.3118
2.8601e-15 0.2780
2.7988e-15 0.2262
5.3185e-15 0.2956
2.2630e-16 0.4183
4.5135e-16 0.3895
1.3644e-15 0.4848
1.4314e-15 0.2510
2.7325e-15 0.2991
3.4005e-15 0.2990
4.8827e-15 0.2138
7.1311e-15 0.2969
4.2902e-15 0.2554
0.0000e+00 1.0000
1.2648e-15 0.3571
1.4006e-15 0.3465
2.1417e-15 0.2830
3.6577e-15 0.2594
4.1967e-15 0.1743
7.9307e-15 0.1677
9.8728e-15 0.1671
1.0554e-14 0.1582
1.2416e-15 0.3493
1.7686e-15 0.4241
8.8100e-16 0.2983
3.7960e-15 0.2540
6.7429e-15 0.2062
6.4380e-15 0.1393
1.9805e-14 0.1213
2.4184e-14 0.1089
1.7211e-14 0.1314
1.6974e-15 0.4967
9.4616e-16 0.2966
1.7576e-15 0.2478
3.6980e-15 0.2207
7.9130e-15 0.2060
1.2094e-14 0.1528
2.1305e-14 0.1215
3.4074e-14 0.0984
2.1407e-14 0.1118
9.7418e-16 0.3546
2.8469e-15 0.4848
3.1575e-15 0.3316
3.3130e-15 0.2493
4.9780e-15 0.2050
9.2908e-15 0.1830
1.7961e-14 0.1342
2.4052e-14 0.1172
1.6961e-14 0.1165
3.4651e-16 0.4818
7.8484e-16 0.4240
1.6249e-15 0.3093
1.6073e-15 0.2346
2.0050e-15 0.2426
6.5722e-15 0.1981
8.3493e-15 0.1428
1.0503e-14 0.1350
7.7094e-15 0.1408
1.8233e-16 0.4471
0.0000e+00 1.0000
0.0000e+00 1.0000
9.5550e-16 0.3789
1.6302e-15 0.3660
1.0174e-15 0.3647
1.1356e-15 0.3306
1.3368e-15 0.2841
8.1628e-16 0.3714
3.8659e-16 0.4422
0.0000e+00 1.0000
6.3908e-16 0.4576
0.0000e+00 1.0000
1.6947e-15 0.4525
1.4523e-15 0.2752
1.7171e-15 0.2873
3.2579e-15 0.4756
2.3498e-15 0.3429
0.0000e+00 1.0000
9.7951e-16 0.4402
1.8440e-15 0.4716
2.0533e-15 0.3882
2.5933e-15 0.3953
2.9922e-15 0.2713
2.5331e-15 0.2287
3.3496e-15 0.2426
3.5504e-15 0.2820
2.9974e-16 0.3177
6.7171e-16 0.3730
1.1819e-15 0.3134
2.0019e-15 0.2641
3.1677e-15 0.3628
3.7312e-15 0.3148
4.0617e-15 0.2173
6.3673e-15 0.2399
6.7811e-15 0.2170
9.9236e-16 0.3572
7.2714e-16 0.2764
1.4821e-15 0.3327
1.4273e-15 0.3240
3.8226e-15 0.2377
4.6392e-15 0.1704
7.7028e-15 0.1492
7.8941e-15 0.1571
1.1696e-14 0.1817
0.0000e+00 1.0000
1.5018e-15 0.3232
9.3825e-16 0.2470
4.6499e-15 0.3292
6.0066e-15 0.2086
9.0838e-15 0.1847
1.3315e-14 0.1411
1.8994e-14 0.1146
1.6457e-14 0.1362
3.4457e-16 0.4199
5.4066e-16 0.3310
1.5677e-15 0.3200
5.0997e-15 0.2505
7.7672e-15 0.1984
9.0303e-15 0.1901
1.8238e-14 0.1295
2.9765e-14 0.1114
2.1620e-14 0.1171
8.3429e-16 0.3645
1.8704e-15 0.4572
2.5172e-15 0.3692
4.4920e-15 0.2646
4.3752e-15 0.2163
7.1664e-15 0.1794
1.8736e-14 0.1322
1.7970e-14 0.1331
1.4567e-14 0.1414
1.0129e-15 0.3811
1.1002e-15 0.3279
1.3278e-15 0.3409
1.3428e-15 0.2408
2.0686e-15 0.2246
5.5426e-15 0.2452
1.1612e-14 0.2033
9.0352e-15 0.1618
5.6565e-15 0.1482
0.0000e+00 1.0000
4.1596e-16 0.4995
2.7132e-16 0.4387
6.8627e-16 0.4158
9.0014e-16 0.3125
5.6665e-16 0.3948
1.2697e-15 0.3158
1.2233e-15 0.3269
4.7882e-16 0.3851
0.0000e+00 1.0000
3.9866e-16 0.3854
7.5810e-16 0.2410
8.7789e-16 0.2806
1.4657e-15 0.4832
9.1105e-16 0.2768
3.3381e-15 0.3637
1.7065e-15 0.2283
1.9544e-15 0.2945
0.0000e+00 1.0000
1.3435e-15 0.4442
8.9562e-16 0.4322
1.9796e-15 0.2623
3.0955e-15 0.2872
3.8769e-15 0.3539
2.0344e-15 0.2303
3.5030e-15 0.2094
6.0207e-15 0.2457
0.0000e+00 1.0000
6.4152e-16 0.3144
8.6966e-16 0.3400
2.1888e-15 0.2926
2.3828e-15 0.3176
3.1754e-15 0.2734
4.0032e-15 0.2756
4.4050e-15 0.2705
5.3141e-15 0.2135
7.4692e-16 0.2847
5.1930e-16 0.2936
2.1485e-15 0.2856
2.1253e-15 0.3505
3.5909e-15 0.2138
5.8762e-15 0.2107
1.0302e-14 0.2086
8.3605e-15 0.2112
9.4972e-15 0.1746
1.2894e-15 0.3707
1.0462e-15 0.4152
3.3022e-15 0.3376
3.5888e-15 0.2918
5.3377e-15 0.2280
6.1609e-15 0.1660
1.6025e-14 0.1373
1.6272e-14 0.1500
1.3348e-14 0.1444
1.7888e-16 0.3961
4.3511e-16 0.4004
2.7218e-15 0.3930
4.5321e-15 0.2973
6.3992e-15 0.2058
8.5405e-15 0.1670
1.5175e-14 0.1508
2.3428e-14 0.1246
1.7865e-14 0.1326
0.0000e+00 1.0000
1.8051e-15 0.3226
1.8131e-15 0.2668
3.3439e-15 0.3603
6.0182e-15 0.2158
9.7058e-15 0.1584
1.2850e-14 0.1299
1.6008e-14 0.1387
1.3362e-14 0.1421
6.8654e-16 0.3466
1.2497e-15 0.3676
1.3386e-15 0.3421
1.4118e-15 0.3658
1.5779e-15 0.2175
6.1577e-15 0.2246
9.2595e-15 0.2230
7.9380e-15 0.1729
6.9491e-15 0.1940
5.8520e-16 0.4533
3.8248e-16 0.3914
0.0000e+00 1.0000
4.6523e-16 0.3753
1.8255e-15 0.4174
5.5758e-16 0.3288
2.6268e-15 0.3284
9.4893e-16 0.3118
6.6705e-16 0.3470
0.0000e+00 1.0000
3.6622e-16 0.4761
3.1316e-15 0.4906
7.3118e-16 0.4312
1.1590e-15 0.4336
1.1687e-15 0.3878
1.7025e-15 0.3900
1.3728e-15 0.2360
2.8124e-15 0.3093
3.0656e-16 0.3235
0.0000e+00 1.0000
9.1302e-16 0.2907
1.7080e-15 0.3313
3.6684e-15 0.3670
1.6690e-15 0.2967
1.8795e-15 0.3254
3.6270e-15 0.2477
2.6562e-15 0.2825
0.0000e+00 1.0000
8.9939e-16 0.2815
1.0118e-15 0.3262
1.4046e-15 0.4166
2.2386e-15 0.3636
3.5096e-15 0.2426
3.7155e-15 0.1914
4.1537e-15 0.2566
5.2803e-15 0.2506
6.8654e-16 0.2868
9.6953e-16 0.2865
2.0068e-15 0.2999
1.3407e-15 0.2312
2.4350e-15 0.2184
5.0277e-15 0.2759
7.5161e-15 0.1753
8.0197e-15 0.1845
7.6052e-15 0.1908
4.6884e-16 0.3824
1.1325e-15 0.2867
2.3298e-15 0.3024
3.5369e-15 0.3686
5.9287e-15 0.2605
7.3402e-15 0.1891
1.1944e-14 0.1488
1.3206e-14 0.1347
1.3751e-14 0.1825
4.3638e-16 0.3227
2.0323e-15 0.3285
1.8557e-15 0.2336
4.0041e-15 0.2800
7.5851e-15 0.2440
6.8937e-15 0.1512
1.6605e-14 0.1634
2.0501e-14 0.1268
1.6814e-14 0.1461
1.0784e-15 0.3843
2.7253e-15 0.4497
1.3228e-15 0.2832
2.4014e-15 0.2495
4.2290e-15 0.2791
7.7799e-15 0.1738
1.8170e-14 0.1398
1.7579e-14 0.1597
1.2334e-14 0.1664
8.3801e-16 0.3890
1.1584e-15 0.4112
1.3261e-15 0.4867
1.4137e-15 0.3018
2.8675e-15 0.3207
4.6521e-15 0.2408
9.2307e-15 0.1664
9.2513e-15 0.1559
7.7758e-15 0.1945
5.7212e-16 0.3939
1.3671e-15 0.4596
0.0000e+00 1.0000
8.9689e-16 0.4468
2.9703e-16 0.4334
6.7063e-16 0.4078
1.3556e-15 0.3950
1.6436e-15 0.4386
7.9910e-16 0.2396
0.0000e+00 1.0000
0.0000e+00 1.0000
6.9209e-16 0.4911
1.0689e-15 0.3144
1.7175e-15 0.3570
1.6592e-15 0.3867
1.2739e-15 0.3325
1.9049e-15 0.2620
2.9282e-15 0.3104
6.2154e-16 0.4880
5.3842e-16 0.3173
1.2319e-15 0.3545
2.1626e-15 0.2842
2.0304e-15 0.2582
3.5039e-15 0.3145
1.6868e-15 0.2538
4.1663e-15 0.2389
2.2151e-15 0.2478
1.4157e-15 0.3962
7.6548e-16 0.3650
9.0536e-16 0.2857
1.7311e-15 0.4954
1.6062e-15 0.2840
2.0194e-15 0.2575
4.4187e-15 0.3119
4.1271e-15 0.2273
4.4969e-15 0.2604
3.8931e-16 0.4093
1.1917e-15 0.4844
1.2149e-15 0.2818
2.8416e-15 0.3056
2.7128e-15 0.3072
4.7799e-15 0.2103
8.9773e-15 0.1978
8.7984e-15 0.1829
7.9572e-15 0.1976
4.5803e-16 0.4098
6.7332e-16 0.3541
2.0131e-15 0.3152
4.6466e-15 0.2733
5.2809e-15 0.2119
6.2395e-15 0.2140
1.1987e-14 0.1452
1.2018e-14 0.1355
1.2953e-14 0.1960
8.6364e-16 0.4589
0.0000e+00 1.0000
3.3013e-15 0.3446
4.3698e-15 0.2866
3.2670e-15 0.2163
6.9191e-15 0.1686
1.0559e-14 0.1806
2.1035e-14 0.1266
1.1834e-14 0.1597
1.9522e-15 0.4170
0.0000e+00 1.0000
1.8421e-15 0.2832
2.4011e-15 0.3291
5.0210e-15 0.2486
6.9454e-15 0.1883
1.0552e-14 0.1506
1.0376e-14 0.1284
1.0278e-14 0.1787
1.2992e-15 0.4476
8.8094e-16 0.3230
1.0585e-15 0.2696
2.9001e-15 0.3294
4.5582e-15 0.3456
5.7106e-15 0.2489
1.1016e-14 0.2422
1.0118e-14 0.1614
5.3706e-15 0.1898
4.2226e-16 0.3014
0.0000e+00 1.0000
1.7463e-16 0.4196
0.0000e+00 1.0000
0.0000e+00 1.0000
7.8656e-16 0.3641
1.6756e-15 0.4032
8.4948e-16 0.3269
1.3672e-15 0.2531
6.8320e-16 0.3240
7.5878e-16 0.4217
0.0000e+00 1.0000
2.1044e-15 0.2947
1.9244e-15 0.4364
1.6796e-15 0.4283
2.9101e-15 0.3317
2.8004e-15 0.2706
2.5810e-15 0.3964
0.0000e+00 1.0000
6.3313e-16 0.3518
1.0057e-15 0.3585
3.1326e-15 0.4518
2.5607e-15 0.3068
3.0724e-15 0.3202
2.7413e-15 0.2651
2.2404e-15 0.2927
1.8822e-15 0.2569
6.8519e-16 0.3959
0.0000e+00 1.0000
6.7740e-16 0.2650
2.5954e-15 0.2811
2.2796e-15 0.2784
2.4173e-15 0.2604
5.6141e-15 0.3959
4.0346e-15 0.2089
4.7571e-15 0.2620
6.5619e-16 0.3642
1.7417e-15 0.3281
1.6318e-15 0.3810
2.3421e-15 0.2780
1.9050e-15 0.2254
4.8456e-15 0.1998
4.9473e-15 0.1798
6.4440e-15 0.2414
6.9302e-15 0.2139
4.6944e-16 0.4955
1.3093e-15 0.4660
3.9208e-15 0.3385
2.8551e-15 0.3867
5.5977e-15 0.2834
5.6062e-15 0.2142
1.3165e-14 0.1503
9.0507e-15 0.1741
7.7231e-15 0.1512
5.1991e-16 0.3507
2.0062e-15 0.2925
1.4249e-15 0.3056
2.9686e-15 0.4029
6.0670e-15 0.2544
5.4325e-15 0.1569
1.2063e-14 0.1732
1.7219e-14 0.1605
1.5594e-14 0.1605
2.1920e-15 0.2987
2.4514e-15 0.3180
1.8670e-15 0.3674
3.0689e-15 0.3110
3.0253e-15 0.2799
6.4796e-15 0.1873
1.3990e-14 0.1916
1.0496e-14 0.1729
1.0429e-14 0.1713
1.4413e-15 0.4904
5.1774e-16 0.2841
2.7621e-15 0.4182
2.3086e-15 0.2758
2.6955e-15 0.2449
4.0700e-15 0.2274
7.9037e-15 0.1846
8.8040e-15 0.1844
6.2359e-15 0.2472
2.4589e-16 0.4682
2.7048e-16 0.4349
2.6160e-16 0.4249
1.4661e-15 0.4268
1.1271e-15 0.4207
7.3169e-16 0.3448
2.3763e-15 0.3512
1.5117e-15 0.3800
1.4195e-15 0.4457
0.0000e+00 1.0000
1.2554e-15 0.4451
7.8632e-16 0.3257
0.0000e+00 1.0000
1.5389e-15 0.3542
8.7204e-16 0.3276
1.7495e-15 0.3396
2.5959e-15 0.2739
5.3311e-16 0.3088
4.6672e-16 0.3719
6.5287e-16 0.3639
1.3351e-15 0.3247
1.4018e-15 0.4443
2.0670e-15 0.3023
1.5214e-15 0.2513
2.2512e-15 0.2895
1.4889e-15 0.2838
1.0886e-15 0.2558
0.0000e+00 1.0000
6.1891e-16 0.4462
9.6489e-16 0.4647
7.5287e-16 0.2646
1.7223e-15 0.2523
2.6181e-15 0.2590
2.5025e-15 0.2262
4.8063e-15 0.2282
6.5749e-15 0.2528
1.1341e-15 0.4843
1.5069e-15 0.3944
0.0000e+00 1.0000
2.0223e-15 0.2975
2.4180e-15 0.2428
4.8361e-15 0.2457
5.8188e-15 0.2177
5.4711e-15 0.1927
4.7621e-15 0.1695
9.2702e-16 0.3317
1.4574e-15 0.3225
3.5853e-15 0.3566
3.3443e-15 0.3404
3.5907e-15 0.2142
5.5067e-15 0.2212
1.1810e-14 0.1454
9.0263e-15 0.1761
9.9157e-15 0.1618
9.0748e-16 0.3819
1.1523e-15 0.2918
1.5698e-15 0.4444
2.8178e-15 0.4137
4.3740e-15 0.2530
6.4830e-15 0.2075
6.0974e-15 0.1826
1.4205e-14 0.1445
1.0207e-14 0.1691
1.9274e-15 0.4248
1.7373e-15 0.2847
1.4915e-15 0.3843
1.7454e-15 0.2118
3.8274e-15 0.2941
7.0201e-15 0.2306
1.2283e-14 0.1608
1.1327e-14 0.1604
9.9388e-15 0.1822
6.9094e-16 0.3456
1.3828e-15 0.3746
1.8825e-15 0.3398
3.4586e-15 0.3530
6.4425e-15 0.2689
5.3682e-15 0.2451
8.0508e-15 0.1864
7.6886e-15 0.2047
5.0599e-15 0.1961
0.0000e+00 1.0000
0.0000e+00 1.0000
9.9350e-16 0.4126
1.7563e-15 0.4343
1.0165e-15 0.3139
8.5034e-16 0.3590
1.6526e-15 0.4028
1.6707e-15 0.3612
9.9639e-16 0.4316
3.9397e-16 0.4447
1.3748e-15 0.4242
1.2851e-15 0.3079
0.0000e+00 1.0000
1.7039e-15 0.4137
9.8520e-16 0.4182
1.4319e-15 0.3776
2.7447e-15 0.3773
1.1124e-15 0.3651
2.0658e-16 0.4289
7.4502e-16 0.4373
1.0317e-15 0.3569
6.8673e-16 0.3971
2.5210e-15 0.3350
2.6248e-15 0.4825
2.6052e-15 0.2684
1.2457e-15 0.3147
3.1983e-15 0.3109
3.3460e-16 0.3991
5.8710e-16 0.4488
1.7058e-15 0.3539
1.8230e-15 0.3227
1.0493e-15 0.2652
3.0688e-15 0.2690
3.0898e-15 0.2572
2.3949e-15 0.1903
1.9317e-15 0.2271
0.0000e+00 1.0000
0.0000e+00 1.0000
1.6733e-15 0.3660
3.0192e-15 0.3001
3.7028e-15 0.2834
4.1608e-15 0.2758
6.0258e-15 0.1933
8.4076e-15 0.2212
6.3062e-15 0.2523
1.4627e-15 0.4518
7.2924e-16 0.3780
2.5876e-15 0.3659
4.0206e-15 0.2932
4.8703e-15 0.3008
6.0967e-15 0.2458
8.9933e-15 0.1997
8.0398e-15 0.1590
7.8237e-15 0.2028
8.6179e-16 0.3750
1.2226e-15 0.3986
1.6511e-15 0.4095
2.2166e-15 0.3848
2.6216e-15 0.3313
5.2579e-15 0.1778
9.1045e-15 0.1868
1.2545e-14 0.1602
1.2903e-14 0.1692
1.6324e-15 0.4912
8.8593e-16 0.2887
1.8645e-15 0.3904
2.7389e-15 0.2632
2.6727e-15 0.2717
4.9094e-15 0.1867
8.2439e-15 0.2173
1.1946e-14 0.1847
8.9832e-15 0.2050
9.9127e-16 0.3585
0.0000e+00 1.0000
1.1392e-15 0.3703
2.3657e-15 0.3656
4.7307e-15 0.3047
4.8622e-15 0.2738
7.3474e-15 0.2092
5.2069e-15 0.1785
5.7874e-15 0.2240
0.0000e+00 1.0000
8.6039e-16 0.4368
0.0000e+00 1.0000
0.0000e+00 1.0000
1.1256e-15 0.3880
1.0208e-15 0.4945
6.5655e-16 0.4739
1.0918e-15 0.3130
1.4399e-15 0.4242
8.3503e-16 0.3481
6.1107e-16 0.3457
5.3638e-16 0.3284
9.5536e-16 0.3959
1.6803e-15 0.4305
1.0586e-15 0.2396
1.1896e-15 0.3439
1.8314e-15 0.3718
0.0000e+00 1.0000
3.7265e-16 0.3796
2.1500e-16 0.3865
0.0000e+00 1.0000
1.3145e-15 0.3064
1.3180e-15 0.2961
1.2418e-15 0.2844
2.1812e-15 0.3316
2.8631e-15 0.3851
2.9308e-15 0.2518
8.8164e-16 0.4030
1.9725e-16 0.4241
1.3751e-15 0.3020
4.7783e-16 0.3183
8.8786e-16 0.2361
2.6632e-15 0.3212
3.5986e-15 0.2556
3.1353e-15 0.2723
3.6728e-15 0.2575
1.5331e-15 0.3170
1.0859e-15 0.3162
1.6931e-15 0.3823
1.3230e-15 0.3020
2.0244e-15 0.2838
3.4888e-15 0.2480
8.3511e-15 0.2217
3.5856e-15 0.2559
5.1890e-15 0.2859
3.5382e-16 0.3569
2.0298e-15 0.3917
0.0000e+00 1.0000
3.7807e-15 0.3076
5.4047e-15 0.2574
4.7063e-15 0.2302
1.0834e-14 0.1810
7.2091e-15 0.2168
8.4110e-15 0.2115
0.0000e+00 1.0000
1.2811e-15 0.4846
1.7855e-15 0.3536
2.5609e-15 0.2824
3.0280e-15 0.2530
5.4906e-15 0.2227
8.3965e-15 0.2450
1.3627e-14 0.1623
1.1526e-14 0.1997
1.3243e-15 0.3457
0.0000e+00 1.0000
2.6837e-15 0.3156
3.3381e-15 0.2996
2.8793e-15 0.2638
6.9408e-15 0.2357
8.9618e-15 0.1984
1.0343e-14 0.2043
6.8436e-15 0.1830
9.4826e-16 0.3307
1.6598e-15 0.3274
1.9908e-15 0.3717
3.1043e-15 0.4078
2.7052e-15 0.3366
5.7043e-15 0.2621
7.9485e-15 0.2430
8.0093e-15 0.2232
4.2459e-15 0.2141
