     9      9     20
d_kernel   u_kernel

0.0000e+00 1.0000
0.0000e+00 1.0000
0.0000e+00 1.0000
0.0000e+00 1.0000
2.4265e-16 0.4637
0.0000e+00 1.0000
0.0000e+00 1.0000
3.7591e-16 0.4249
5.5600e-16 0.4803
0.0000e+00 1.0000
0.0000e+00 1.0000
0.0000e+00 1.0000
0.0000e+00 1.0000
6.8527e-16 0.4909
6.6290e-16 0.4449
7.5900e-16 0.3888
5.9986e-16 0.3687
3.5487e-16 0.3739
1.2609e-16 0.4944
0.0000e+00 1.0000
4.0404e-16 0.4672
0.0000e+00 1.0000
9.7430e-16 0.4654
1.0940e-15 0.4242
8.1392e-16 0.3575
8.0554e-16 0.3597
9.7638e-16 0.2914
0.0000e+00 1.0000
4.8349e-16 0.4801
2.6595e-16 0.3828
4.0246e-16 0.3481
4.6669e-16 0.3296
1.5514e-15 0.3467
2.1678e-15 0.3078
2.1064e-15 0.2891
1.7698e-15 0.2246
4.1188e-16 0.3997
5.4190e-16 0.3695
7.4149e-16 0.4665
5.8327e-16 0.3193
1.2539e-15 0.2411
2.2751e-15 0.2102
1.5157e-13 0.0490
1.0885e-12 0.0207
1.5762e-13 0.0504
0.0000e+00 1.0000
4.8372e-16 0.3187
4.6774e-16 0.3546
9.9532e-16 0.2687
1.4640e-15 0.2589
1.4354e-13 0.0518
2.4808e-11 0.0056
8.0406e-11 0.0031
2.4906e-11 0.0056
0.0000e+00 1.0000
0.0000e+00 1.0000
1.6110e-16 0.4877
1.2121e-15 0.3739
1.7989e-15 0.3171
1.1022e-12 0.0206
8.0963e-11 0.0031
1.4086e-09 0.0003
8.0608e-11 0.0031
0.0000e+00 1.0000
0.0000e+00 1.0000
4.1532e-16 0.3774
4.9533e-16 0.2839
1.1109e-15 0.2664
1.5762e-13 0.0501
2.5025e-11 0.0055
8.0689e-11 0.0031
2.4820e-11 0.0056
4.4571e-16 0.3979
3.8398e-16 0.4135
2.8852e-16 0.3262
7.3704e-16 0.3661
1.4802e-15 0.3082
2.7479e-15 0.2150
1.6234e-13 0.0504
1.0937e-12 0.0209
1.5284e-13 0.0502
0.0000e+00 1.0000
0.0000e+00 1.0000
5.2518e-16 0.4827
0.0000e+00 1.0000
4.3212e-16 0.4235
3.0320e-16 0.4689
4.8970e-16 0.3957
3.4490e-16 0.4896
3.4070e-16 0.4189
1.8275e-16 0.4984
0.0000e+00 1.0000
0.0000e+00 1.0000
0.0000e+00 1.0000
0.0000e+00 1.0000
0.0000e+00 1.0000
7.9889e-16 0.3631
5.7297e-16 0.3532
4.6916e-16 0.3962
0.0000e+00 1.0000
0.0000e+00 1.0000
4.8464e-16 0.4839
1.0251e-15 0.3216
4.8111e-16 0.3222
9.7677e-16 0.3661
9.1319e-16 0.3281
1.3284e-15 0.3249
1.3431e-15 0.4649
0.0000e+00 1.0000
3.2862e-16 0.3730
3.7860e-16 0.4428
5.1648e-16 0.3630
1.5530e-15 0.3260
1.8271e-15 0.3098
2.2920e-15 0.4439
3.6744e-15 0.2634
1.5263e-15 0.2409
0.0000e+00 1.0000
3.2304e-16 0.4293
6.7543e-16 0.3413
9.9594e-16 0.2746
1.4747e-15 0.2408
3.2629e-15 0.1972
1.0036e-13 0.0583
8.6578e-13 0.0219
9.4088e-14 0.0605
0.0000e+00 1.0000
0.0000e+00 1.0000
1.1520e-15 0.2906
1.2982e-15 0.2606
2.3152e-15 0.2072
9.5284e-14 0.0596
4.2274e-11 0.0041
1.6913e-10 0.0021
4.2421e-11 0.0041
0.0000e+00 1.0000
0.0000e+00 1.0000
7.1335e-16 0.4654
9.8934e-16 0.3405
3.8617e-15 0.3782
8.7854e-13 0.0217
1.6919e-10 0.0021
1.0532e-09 0.0005
1.6904e-10 0.0021
0.0000e+00 1.0000
2.2170e-16 0.4120
4.8836e-16 0.3490
9.9302e-16 0.2240
1.9940e-15 0.2080
1.0227e-13 0.0570
4.2214e-11 0.0041
1.6853e-10 0.0021
4.2453e-11 0.0041
4.0584e-16 0.3778
4.6442e-16 0.2900
0.0000e+00 1.0000
1.0606e-15 0.2822
2.7561e-15 0.3196
4.1487e-15 0.2670
9.2156e-14 0.0609
8.4245e-13 0.0221
9.8887e-14 0.0574
2.8028e-16 0.4196
0.0000e+00 1.0000
4.5420e-16 0.4319
0.0000e+00 1.0000
1.9170e-16 0.4942
0.0000e+00 1.0000
0.0000e+00 1.0000
0.0000e+00 1.0000
6.4939e-16 0.3714
1.3608e-16 0.4766
0.0000e+00 1.0000
0.0000e+00 1.0000
0.0000e+00 1.0000
3.1359e-16 0.4306
0.0000e+00 1.0000
5.5988e-16 0.4429
1.3312e-15 0.4094
1.4832e-15 0.3511
0.0000e+00 1.0000
0.0000e+00 1.0000
0.0000e+00 1.0000
7.4318e-16 0.4953
3.6521e-16 0.3329
1.0147e-15 0.3346
8.2128e-16 0.3736
1.8063e-15 0.2827
1.5721e-15 0.2726
0.0000e+00 1.0000
4.0130e-16 0.3873
4.1601e-16 0.4393
0.0000e+00 1.0000
1.3380e-15 0.3832
1.7869e-15 0.2830
1.9521e-15 0.2498
2.8581e-15 0.2814
2.3455e-15 0.2030
0.0000e+00 1.0000
3.2536e-16 0.4340
4.5044e-16 0.4165
8.9274e-16 0.4575
1.6696e-15 0.3162
3.5266e-15 0.2399
1.5768e-14 0.1300
1.4993e-13 0.0459
1.2293e-14 0.1254
0.0000e+00 1.0000
0.0000e+00 1.0000
7.9643e-16 0.3458
1.3383e-15 0.2726
2.0117e-15 0.2122
1.5497e-14 0.1286
2.7814e-11 0.0046
1.3596e-10 0.0022
2.8242e-11 0.0046
0.0000e+00 1.0000
0.0000e+00 1.0000
1.7464e-15 0.4601
1.7233e-15 0.4485
1.0133e-15 0.2646
1.2598e-13 0.0501
1.3672e-10 0.0022
6.0255e-10 0.0009
1.3614e-10 0.0022
3.8623e-16 0.3944
4.6358e-16 0.3573
0.0000e+00 1.0000
1.3544e-15 0.2524
1.8914e-15 0.2538
1.3444e-14 0.1279
2.7966e-11 0.0046
1.3662e-10 0.0022
2.8140e-11 0.0046
3.3532e-16 0.4401
7.0778e-16 0.3844
9.8046e-16 0.4428
1.3138e-15 0.3982
9.5533e-16 0.2611
3.9418e-15 0.2333
1.3596e-14 0.1234
1.4112e-13 0.0468
1.6183e-14 0.1192
0.0000e+00 1.0000
2.5784e-16 0.4586
7.3015e-17 0.4886
0.0000e+00 1.0000
2.8716e-16 0.4603
1.4797e-16 0.4790
0.0000e+00 1.0000
3.4727e-16 0.4045
9.0584e-16 0.3465
0.0000e+00 1.0000
1.4718e-16 0.4921
3.7495e-16 0.4544
2.3732e-16 0.4882
0.0000e+00 1.0000
0.0000e+00 1.0000
0.0000e+00 1.0000
6.0267e-16 0.4701
7.3811e-16 0.2714
0.0000e+00 1.0000
0.0000e+00 1.0000
3.1087e-16 0.4826
8.9812e-16 0.4100
3.7576e-16 0.3961
2.9888e-15 0.4581
1.0710e-15 0.2579
1.5367e-15 0.4065
1.1964e-15 0.3088
0.0000e+00 1.0000
0.0000e+00 1.0000
0.0000e+00 1.0000
8.5792e-16 0.2917
6.5526e-16 0.2809
2.7039e-15 0.4376
3.3275e-15 0.3207
2.8646e-15 0.1875
2.5966e-15 0.2123
4.1685e-16 0.4350
0.0000e+00 1.0000
1.4364e-15 0.4334
9.4022e-16 0.3893
1.8760e-15 0.2605
3.9130e-15 0.2238
6.9019e-15 0.1761
8.5965e-15 0.1203
7.2710e-15 0.1587
0.0000e+00 1.0000
0.0000e+00 1.0000
5.2618e-16 0.3202
1.0489e-15 0.2348
2.9866e-15 0.2322
7.2590e-15 0.1959
4.2559e-12 0.0100
3.3090e-11 0.0040
4.3275e-12 0.0099
0.0000e+00 1.0000
1.3248e-16 0.4708
3.8400e-16 0.3682
7.4174e-16 0.3631
2.5947e-15 0.2309
9.0064e-15 0.1611
3.3309e-11 0.0039
2.0140e-10 0.0017
3.3415e-11 0.0039
0.0000e+00 1.0000
4.9397e-16 0.3833
8.1200e-16 0.3648
9.3635e-16 0.2508
2.5757e-15 0.1952
6.3243e-15 0.1884
4.2711e-12 0.0100
3.3234e-11 0.0040
4.2851e-12 0.0100
3.9842e-16 0.3566
1.9683e-16 0.4213
4.2905e-16 0.3999
3.8267e-16 0.4774
1.8721e-15 0.2790
4.5608e-15 0.2577
8.4968e-15 0.1478
1.1435e-14 0.1354
7.0941e-15 0.2126
0.0000e+00 1.0000
2.8285e-16 0.4217
0.0000e+00 1.0000
0.0000e+00 1.0000
0.0000e+00 1.0000
1.1766e-16 0.4858
0.0000e+00 1.0000
3.4266e-16 0.4206
3.3201e-16 0.3836
0.0000e+00 1.0000
0.0000e+00 1.0000
0.0000e+00 1.0000
2.7899e-16 0.4619
0.0000e+00 1.0000
1.2610e-15 0.3832
4.5691e-16 0.4712
8.2947e-16 0.3915
1.1078e-15 0.3411
0.0000e+00 1.0000
3.0596e-16 0.4735
0.0000e+00 1.0000
2.9796e-16 0.4093
5.4977e-16 0.4870
1.7065e-15 0.3949
1.3402e-15 0.2777
1.5243e-15 0.2174
1.9561e-15 0.2865
3.3736e-16 0.4118
9.4835e-16 0.4646
3.6441e-16 0.3733
5.2104e-16 0.4023
1.3023e-15 0.4267
2.1940e-15 0.2614
2.5373e-15 0.2413
3.0405e-15 0.2080
3.2302e-15 0.1991
0.0000e+00 1.0000
2.7704e-16 0.3777
6.0950e-16 0.4455
1.4253e-15 0.3197
2.6062e-15 0.3965
3.6259e-15 0.2477
5.9900e-15 0.1491
8.3912e-15 0.1272
8.2521e-15 0.1389
0.0000e+00 1.0000
0.0000e+00 1.0000
9.2189e-16 0.3800
9.4037e-16 0.2476
2.8836e-15 0.2263
5.6457e-15 0.1449
4.1884e-14 0.0717
5.3753e-13 0.0231
4.3468e-14 0.0698
0.0000e+00 1.0000
0.0000e+00 1.0000
5.7081e-16 0.4244
1.4651e-15 0.3522
2.4197e-15 0.1841
8.2856e-15 0.1633
5.5443e-13 0.0229
8.2307e-12 0.0067
5.5906e-13 0.0230
1.2903e-16 0.3748
2.9194e-16 0.3368
6.9857e-16 0.3385
1.9026e-15 0.2937
3.3079e-15 0.2634
5.8375e-15 0.1952
3.9488e-14 0.0704
5.7459e-13 0.0228
4.5822e-14 0.0689
4.2176e-16 0.4416
0.0000e+00 1.0000
7.5287e-16 0.4020
1.9614e-15 0.3656
2.8036e-15 0.2865
2.9981e-15 0.2274
6.3307e-15 0.1373
1.3215e-14 0.1545
6.7006e-15 0.1673
0.0000e+00 1.0000
0.0000e+00 1.0000
0.0000e+00 1.0000
0.0000e+00 1.0000
0.0000e+00 1.0000
2.4669e-16 0.4440
2.1821e-16 0.3904
7.1147e-16 0.3305
0.0000e+00 1.0000
0.0000e+00 1.0000
0.0000e+00 1.0000
0.0000e+00 1.0000
1.8000e-16 0.4947
0.0000e+00 1.0000
6.8072e-16 0.3450
4.8505e-16 0.3762
1.0607e-15 0.3208
8.0096e-16 0.2742
0.0000e+00 1.0000
0.0000e+00 1.0000
0.0000e+00 1.0000
0.0000e+00 1.0000
8.6552e-16 0.3175
1.3701e-15 0.3228
1.1215e-15 0.2607
1.3014e-15 0.2332
1.8636e-15 0.2466
3.3080e-16 0.4862
4.4301e-16 0.4518
2.8931e-16 0.4406
1.1643e-15 0.2798
9.2832e-16 0.2926
1.9286e-15 0.2415
3.8537e-15 0.3040
3.9634e-15 0.2297
3.0772e-15 0.1882
1.6557e-16 0.4510
8.1502e-16 0.3767
0.0000e+00 1.0000
1.9343e-15 0.3270
2.3600e-15 0.3742
3.5737e-15 0.1971
6.3994e-15 0.1532
1.0751e-14 0.1336
6.9513e-15 0.1443
0.0000e+00 1.0000
4.5378e-16 0.3953
5.0566e-16 0.2996
1.3614e-15 0.3884
3.2638e-15 0.2629
6.2826e-15 0.1474
1.5407e-14 0.1048
2.9870e-14 0.0838
2.0332e-14 0.1153
1.7968e-16 0.4138
0.0000e+00 1.0000
5.0328e-16 0.3288
1.4720e-15 0.3527
2.8790e-15 0.1927
7.7973e-15 0.1539
3.0905e-14 0.0889
5.6166e-14 0.0631
2.9046e-14 0.0761
3.6886e-16 0.4556
5.2596e-16 0.4049
7.9355e-16 0.2669
1.3637e-15 0.2411
4.1107e-15 0.3008
6.4291e-15 0.1605
1.6491e-14 0.1220
2.3302e-14 0.0799
1.7232e-14 0.0984
3.1222e-16 0.4292
3.8777e-16 0.4076
8.2767e-16 0.3051
2.4123e-15 0.3041
1.4170e-15 0.2683
3.9640e-15 0.1619
6.6386e-15 0.1857
1.1889e-14 0.1596
5.2841e-15 0.1559
0.0000e+00 1.0000
0.0000e+00 1.0000
0.0000e+00 1.0000
0.0000e+00 1.0000
0.0000e+00 1.0000
8.9044e-16 0.4713
5.0578e-16 0.4587
5.9577e-16 0.3847
5.9611e-16 0.3997
0.0000e+00 1.0000
0.0000e+00 1.0000
0.0000e+00 1.0000
0.0000e+00 1.0000
1.0970e-15 0.4212
1.5177e-15 0.3675
7.8637e-16 0.3393
9.4930e-16 0.3075
6.8360e-16 0.3444
1.4752e-16 0.3992
0.0000e+00 1.0000
8.5538e-16 0.4369
4.4630e-16 0.3685
3.4423e-16 0.4514
1.8258e-15 0.2759
1.0902e-15 0.4577
2.0569e-15 0.2338
1.4189e-15 0.2573
6.4485e-16 0.4711
0.0000e+00 1.0000
8.1125e-16 0.4886
1.1243e-15 0.4049
8.1924e-16 0.3739
1.7039e-15 0.2368
3.3103e-15 0.2076
3.1933e-15 0.1811
2.9468e-15 0.3248
3.6274e-16 0.3985
0.0000e+00 1.0000
4.6242e-16 0.3748
1.6651e-15 0.3077
2.3717e-15 0.3155
3.2447e-15 0.1890
6.5081e-15 0.2022
9.1330e-15 0.1278
8.0216e-15 0.1431
0.0000e+00 1.0000
4.9362e-16 0.4241
7.5838e-16 0.3999
1.5609e-15 0.2973
2.1694e-15 0.2308
6.3885e-15 0.1668
1.5062e-14 0.1296
2.3793e-14 0.1017
1.4097e-14 0.1252
1.6247e-16 0.4509
9.1127e-16 0.4107
6.4721e-16 0.3224
8.6617e-16 0.3345
3.9313e-15 0.2591
7.3746e-15 0.1490
2.2589e-14 0.1042
4.1641e-14 0.0752
2.4931e-14 0.0976
0.0000e+00 1.0000
5.3611e-16 0.3019
1.1158e-15 0.3300
1.9295e-15 0.4170
3.6124e-15 0.3594
4.9470e-15 0.1704
1.7422e-14 0.1260
1.9177e-14 0.0921
1.6499e-14 0.1227
0.0000e+00 1.0000
7.4392e-16 0.3515
5.7745e-16 0.2840
7.7751e-16 0.3015
9.1917e-16 0.2764
4.0061e-15 0.1678
6.9665e-15 0.1703
7.5111e-15 0.1266
7.6689e-15 0.2093
0.0000e+00 1.0000
1.8151e-16 0.4929
1.8031e-16 0.4357
5.3724e-16 0.4623
7.8416e-16 0.3610
0.0000e+00 1.0000
0.0000e+00 1.0000
6.9943e-16 0.4661
1.3882e-16 0.4510
0.0000e+00 1.0000
3.0419e-16 0.4974
1.6380e-16 0.4886
0.0000e+00 1.0000
5.7779e-16 0.3794
1.4523e-15 0.4534
5.5540e-16 0.4519
0.0000e+00 1.0000
9.0531e-16 0.3665
0.0000e+00 1.0000
1.4601e-16 0.4332
4.7887e-16 0.4118
2.7503e-16 0.4082
1.4012e-15 0.2876
2.2588e-15 0.3501
2.3374e-15 0.3454
2.0073e-15 0.2507
2.1998e-15 0.2903
0.0000e+00 1.0000
1.8749e-16 0.4558
1.5595e-15 0.4635
6.0809e-16 0.4627
5.8341e-16 0.3113
1.8781e-15 0.2494
2.6410e-15 0.2124
2.7801e-15 0.2338
3.4165e-15 0.2309
2.8062e-16 0.4993
0.0000e+00 1.0000
9.0810e-16 0.3049
1.1074e-15 0.3126
1.7603e-15 0.2289
2.7937e-15 0.1714
5.3185e-15 0.1785
1.0799e-14 0.1451
6.9982e-15 0.1635
4.0620e-16 0.4838
2.3657e-16 0.4432
1.0626e-15 0.3682
1.3647e-15 0.2943
2.3644e-15 0.2724
5.5251e-15 0.1709
1.4135e-14 0.1251
1.6445e-14 0.1045
1.4764e-14 0.1348
3.4144e-16 0.4420
4.4485e-16 0.3321
3.3398e-16 0.3981
1.4766e-15 0.3530
3.3708e-15 0.1920
8.7774e-15 0.1474
1.8559e-14 0.1158
3.0307e-14 0.0948
1.8044e-14 0.1000
0.0000e+00 1.0000
1.2320e-15 0.3823
1.5239e-15 0.4217
2.2489e-15 0.3490
2.4410e-15 0.2099
6.1853e-15 0.1950
1.1520e-14 0.1137
1.6253e-14 0.1127
1.4814e-14 0.1280
4.3233e-16 0.3645
4.7515e-16 0.3728
6.6286e-16 0.3466
7.3575e-16 0.2787
1.1869e-15 0.2709
3.1191e-15 0.1902
6.5510e-15 0.1507
7.3365e-15 0.1472
6.2542e-15 0.1724
0.0000e+00 1.0000
0.0000e+00 1.0000
0.0000e+00 1.0000
0.0000e+00 1.0000
1.0622e-15 0.3759
5.2203e-16 0.3913
5.9722e-16 0.3395
5.2066e-16 0.4725
5.5872e-16 0.4580
0.0000e+00 1.0000
4.5426e-16 0.3677
0.0000e+00 1.0000
0.0000e+00 1.0000
5.2944e-16 0.4806
8.1249e-16 0.3265
7.7838e-16 0.2539
9.0152e-16 0.3450
1.4732e-15 0.3274
0.0000e+00 1.0000
0.0000e+00 1.0000
0.0000e+00 1.0000
2.4114e-16 0.4388
1.2861e-15 0.3557
1.1641e-15 0.4573
1.2926e-15 0.2291
1.0624e-15 0.2533
2.1460e-15 0.2672
0.0000e+00 1.0000
5.3018e-16 0.4271
8.3008e-16 0.3920
5.3882e-16 0.3977
2.2793e-15 0.2812
1.7522e-15 0.2376
3.5817e-15 0.2336
5.0277e-15 0.2615
2.4694e-15 0.2337
1.8352e-16 0.4631
5.7017e-16 0.4877
6.9778e-16 0.4047
7.2104e-16 0.2939
1.7559e-15 0.2207
3.1162e-15 0.2064
7.4104e-15 0.1773
5.5276e-15 0.1322
6.5887e-15 0.1783
2.1114e-16 0.4559
7.0182e-16 0.4488
5.8225e-16 0.3808
2.1587e-15 0.4525
2.3259e-15 0.2680
5.5155e-15 0.1669
1.0893e-14 0.1390
1.1985e-14 0.1206
8.8205e-15 0.1646
4.8411e-16 0.3516
6.9617e-16 0.3270
6.2421e-16 0.4440
1.3777e-15 0.2457
3.9269e-15 0.2104
9.7611e-15 0.1598
1.4257e-14 0.1174
2.4416e-14 0.1044
1.4872e-14 0.1079
6.4904e-16 0.3520
6.8179e-16 0.4120
1.2723e-15 0.4005
2.1982e-15 0.3417
2.5746e-15 0.2418
4.9121e-15 0.1635
1.1949e-14 0.1706
1.3650e-14 0.1164
1.3094e-14 0.1374
2.3059e-16 0.4351
2.8562e-16 0.3216
5.0660e-16 0.2896
6.0262e-16 0.2977
1.2978e-15 0.2760
2.5092e-15 0.1938
5.1756e-15 0.1441
6.5883e-15 0.1595
5.2934e-15 0.2334
0.0000e+00 1.0000
0.0000e+00 1.0000
0.0000e+00 1.0000
1.6556e-16 0.4120
0.0000e+00 1.0000
9.5435e-16 0.3384
3.2608e-16 0.3719
1.0993e-15 0.3576
0.0000e+00 1.0000
6.9176e-17 0.4560
0.0000e+00 1.0000
2.4625e-16 0.3769
0.0000e+00 1.0000
8.5059e-16 0.3378
6.7408e-16 0.4211
1.1868e-15 0.3077
9.5756e-16 0.3623
1.3517e-15 0.3420
0.0000e+00 1.0000
0.0000e+00 1.0000
0.0000e+00 1.0000
3.2176e-16 0.4096
9.3718e-16 0.3773
1.5936e-15 0.2983
1.8978e-15 0.2488
9.8932e-16 0.2934
9.5866e-16 0.2762
4.1510e-16 0.4588
8.0359e-16 0.4371
4.1211e-16 0.3162
6.6528e-16 0.3258
2.5172e-15 0.2957
1.8241e-15 0.2121
2.9601e-15 0.1970
3.5163e-15 0.2009
4.0345e-15 0.2146
6.2240e-16 0.4201
6.9040e-16 0.3776
1.1383e-15 0.4171
9.3721e-16 0.2962
2.7356e-15 0.2852
3.0289e-15 0.2178
4.9787e-15 0.1809
6.8192e-15 0.1587
4.7471e-15 0.1552
4.0626e-16 0.4636
1.4330e-15 0.3692
8.9819e-16 0.3742
1.8433e-15 0.3693
2.3220e-15 0.2713
4.7847e-15 0.1825
1.0181e-14 0.1678
1.2452e-14 0.1307
8.1404e-15 0.1500
4.7439e-16 0.3217
3.5491e-16 0.4035
9.4988e-16 0.3006
1.5998e-15 0.3034
3.2867e-15 0.2124
7.8684e-15 0.1668
1.0379e-14 0.1462
1.8625e-14 0.1223
1.3854e-14 0.1300
3.2166e-16 0.3746
9.8855e-16 0.4657
1.0378e-15 0.3152
1.8307e-15 0.2907
2.1785e-15 0.1847
4.6674e-15 0.1815
8.1053e-15 0.1923
9.4683e-15 0.1192
1.2685e-14 0.1674
2.6746e-16 0.4042
3.4927e-16 0.4302
6.2485e-16 0.3274
1.1579e-15 0.3386
3.2191e-15 0.2839
3.1164e-15 0.1924
6.4013e-15 0.2377
5.6599e-15 0.1651
6.1252e-15 0.1966
0.0000e+00 1.0000
0.0000e+00 1.0000
0.0000e+00 1.0000
2.4954e-16 0.4727
0.0000e+00 1.0000
3.8731e-16 0.3410
5.4485e-16 0.4101
1.2250e-15 0.2717
1.0435e-15 0.3354
2.0021e-16 0.4897
0.0000e+00 1.0000
0.0000e+00 1.0000
0.0000e+00 1.0000
4.6578e-16 0.3293
1.5135e-15 0.3007
8.7988e-16 0.3322
5.8653e-16 0.3326
5.1137e-16 0.3105
0.0000e+00 1.0000
7.8471e-16 0.4837
3.0180e-16 0.3675
0.0000e+00 1.0000
1.8263e-15 0.3477
1.5016e-15 0.2675
2.2743e-15 0.3209
1.6066e-15 0.3131
1.8937e-15 0.3385
4.0304e-16 0.3547
5.1866e-16 0.3929
4.2089e-16 0.4356
4.9608e-16 0.3024
1.3919e-15 0.3620
1.8750e-15 0.2971
2.1945e-15 0.1933
4.3781e-15 0.2526
3.2928e-15 0.2114
3.2592e-16 0.3804
7.1613e-16 0.3443
7.6890e-16 0.4471
9.2543e-16 0.2953
2.3625e-15 0.3534
3.4162e-15 0.2177
7.0732e-15 0.2428
6.6112e-15 0.1916
4.5989e-15 0.1802
8.3369e-16 0.3961
6.6110e-16 0.3241
1.2977e-15 0.2749
9.1201e-16 0.3388
3.0623e-15 0.2695
5.0261e-15 0.2011
8.0730e-15 0.2356
1.2601e-14 0.1881
9.1095e-15 0.1635
2.0544e-16 0.4934
0.0000e+00 1.0000
1.2413e-15 0.3020
0.0000e+00 1.0000
2.8425e-15 0.2744
7.0054e-15 0.1697
9.4194e-15 0.1527
1.9430e-14 0.1290
8.1269e-15 0.1428
0.0000e+00 1.0000
7.1193e-16 0.3104
1.7257e-15 0.3032
1.4311e-15 0.2933
2.9061e-15 0.2386
3.9504e-15 0.2297
7.8005e-15 0.1639
9.3032e-15 0.1616
9.5238e-15 0.1638
0.0000e+00 1.0000
5.0128e-16 0.3613
4.5336e-16 0.3279
1.3698e-15 0.3059
2.3952e-15 0.2807
3.3472e-15 0.1816
5.8614e-15 0.2122
4.2599e-15 0.1701
5.4637e-15 0.2369
0.0000e+00 1.0000
1.5467e-16 0.4598
2.2055e-16 0.4182
5.2118e-16 0.3540
5.5248e-16 0.4113
0.0000e+00 1.0000
0.0000e+00 1.0000
6.2797e-16 0.3276
6.6166e-16 0.3416
0.0000e+00 1.0000
0.0000e+00 1.0000
3.3060e-16 0.4988
0.0000e+00 1.0000
9.1648e-16 0.3066
7.5481e-16 0.3642
1.7228e-15 0.3834
4.8937e-16 0.4086
1.1707e-15 0.3269
0.0000e+00 1.0000
0.0000e+00 1.0000
3.9361e-16 0.4557
1.3051e-15 0.4332
7.1403e-16 0.3017
1.5566e-15 0.2856
1.9696e-15 0.3956
1.5213e-15 0.2681
1.4602e-15 0.2455
0.0000e+00 1.0000
6.9368e-16 0.4044
4.0432e-16 0.3995
1.0265e-15 0.4433
4.2192e-16 0.2924
2.9796e-15 0.3715
1.8773e-15 0.2132
2.9617e-15 0.1669
3.8524e-15 0.2694
4.4378e-16 0.4218
5.3715e-16 0.3349
8.6763e-16 0.4069
1.4027e-15 0.2975
1.8002e-15 0.2217
4.2444e-15 0.2883
4.6414e-15 0.1756
4.3874e-15 0.1964
3.2566e-15 0.1736
3.6778e-16 0.3070
4.9933e-16 0.4056
1.8966e-15 0.3645
2.0149e-15 0.2933
2.3893e-15 0.2007
4.6400e-15 0.2154
7.0552e-15 0.1775
7.5053e-15 0.1596
7.6337e-15 0.1746
0.0000e+00 1.0000
1.0479e-15 0.4588
5.6101e-16 0.2744
1.0605e-15 0.4109
2.9430e-15 0.2132
5.1200e-15 0.2408
7.3004e-15 0.1715
1.5746e-14 0.1355
9.6489e-15 0.1664
0.0000e+00 1.0000
6.2984e-16 0.4483
5.6159e-16 0.3473
1.1337e-15 0.2423
2.1247e-15 0.2964
3.1534e-15 0.2276
9.0903e-15 0.1907
8.1359e-15 0.1596
6.8653e-15 0.1659
0.0000e+00 1.0000
1.3344e-15 0.4814
0.0000e+00 1.0000
1.1358e-15 0.2765
2.3788e-15 0.2572
4.5772e-15 0.2348
5.6772e-15 0.2173
4.0274e-15 0.1871
5.7484e-15 0.2305
0.0000e+00 1.0000
0.0000e+00 1.0000
0.0000e+00 1.0000
2.9518e-16 0.4653
1.0851e-15 0.4993
7.6642e-16 0.3639
0.0000e+00 1.0000
4.3064e-16 0.4787
4.9333e-16 0.3491
1.4644e-16 0.3799
3.6832e-16 0.3787
0.0000e+00 1.0000
1.1400e-15 0.3768
6.5073e-16 0.3567
6.6865e-16 0.4103
0.0000e+00 1.0000
7.5670e-16 0.3992
9.5864e-16 0.3032
1.9977e-16 0.3895
2.2092e-16 0.4451
3.8805e-16 0.3029
8.2066e-16 0.3994
8.2868e-16 0.2657
1.4368e-15 0.3261
2.0402e-15 0.3425
2.4683e-15 0.2956
3.2744e-15 0.2900
0.0000e+00 1.0000
2.2945e-16 0.3849
5.3759e-16 0.3291
9.9182e-16 0.2529
8.0337e-16 0.3057
1.7956e-15 0.2398
1.8932e-15 0.2367
3.6106e-15 0.3561
2.9571e-15 0.3660
2.6610e-16 0.3865
7.0236e-16 0.3510
4.6541e-16 0.3532
1.3226e-15 0.3536
1.8695e-15 0.2635
2.7311e-15 0.2665
5.2606e-15 0.2267
3.0576e-15 0.1462
3.6213e-15 0.2752
1.7161e-16 0.4584
1.9448e-15 0.4234
7.4653e-16 0.3100
1.8632e-15 0.3314
2.0575e-15 0.2504
3.7429e-15 0.2056
6.2838e-15 0.1869
9.1775e-15 0.1758
8.0417e-15 0.2167
4.8298e-16 0.4052
4.9592e-16 0.3727
8.8285e-16 0.2955
2.2147e-15 0.4053
1.9689e-15 0.3016
6.2743e-15 0.2056
6.1083e-15 0.1412
8.9052e-15 0.1446
6.4695e-15 0.1600
0.0000e+00 1.0000
9.0826e-16 0.4014
4.2277e-16 0.2979
1.0197e-15 0.2711
9.7482e-16 0.2171
2.8662e-15 0.2038
7.6928e-15 0.1765
6.2275e-15 0.1922
8.3799e-15 0.2213
1.4973e-15 0.4277
1.1098e-15 0.4957
0.0000e+00 1.0000
9.0709e-16 0.2785
4.2411e-15 0.2731
3.0923e-15 0.1989
4.3302e-15 0.2311
4.8052e-15 0.1741
3.5647e-15 0.1875
0.0000e+00 1.0000
0.0000e+00 1.0000
0.0000e+00 1.0000
3.5679e-16 0.3293
3.7895e-16 0.4242
0.0000e+00 1.0000
5.3855e-16 0.3455
3.3857e-16 0.3606
4.5871e-16 0.4329
0.0000e+00 1.0000
1.8318e-16 0.4168
5.4834e-16 0.4020
6.8277e-16 0.3491
4.2331e-16 0.3952
1.0310e-15 0.4444
7.5380e-16 0.3376
1.3519e-15 0.4332
5.7311e-16 0.2888
0.0000e+00 1.0000
3.5696e-16 0.4249
0.0000e+00 1.0000
3.9621e-16 0.4632
3.9834e-16 0.3861
1.1938e-15 0.3479
1.2642e-15 0.2738
2.2282e-15 0.2948
2.2893e-15 0.3121
3.6090e-16 0.4974
4.1789e-17 0.4322
1.0685e-15 0.3088
0.0000e+00 1.0000
1.2968e-15 0.2942
1.9250e-15 0.3436
1.7660e-15 0.3113
4.5985e-15 0.2470
3.1764e-15 0.2448
0.0000e+00 1.0000
2.2818e-16 0.4024
6.6555e-16 0.3447
1.5235e-15 0.3445
1.3138e-15 0.3206
3.5183e-15 0.3490
5.5315e-15 0.2273
2.8204e-15 0.2510
2.4466e-15 0.2148
0.0000e+00 1.0000
8.6014e-16 0.4315
1.9360e-15 0.4742
6.4235e-16 0.3061
2.2772e-15 0.3151
3.7734e-15 0.2662
4.2015e-15 0.1978
4.7105e-15 0.1617
7.2246e-15 0.2128
4.2099e-16 0.4711
8.5588e-16 0.2767
7.4657e-16 0.3626
1.4193e-15 0.3054
2.7779e-15 0.2953
4.7647e-15 0.1795
5.3814e-15 0.2080
1.2325e-14 0.1369
6.6169e-15 0.1762
9.9548e-16 0.3327
2.1775e-16 0.4089
6.3474e-16 0.2958
1.5728e-15 0.2007
1.3879e-15 0.2954
2.9702e-15 0.3588
7.0069e-15 0.2065
5.0552e-15 0.2083
6.8800e-15 0.1960
0.0000e+00 1.0000
0.0000e+00 1.0000
5.2914e-16 0.3075
1.3134e-15 0.2762
2.4047e-15 0.3314
2.4118e-15 0.2258
4.6704e-15 0.2469
2.7690e-15 0.2065
4.4489e-15 0.2433
0.0000e+00 1.0000
0.0000e+00 1.0000
0.0000e+00 1.0000
4.2890e-16 0.3233
8.2990e-16 0.3749
6.6323e-16 0.3122
8.5460e-16 0.4158
0.0000e+00 1.0000
6.0368e-16 0.3999
0.0000e+00 1.0000
2.3568e-16 0.4861
0.0000e+00 1.0000
3.8930e-16 0.4108
3.1980e-16 0.3594
9.2649e-16 0.4066
6.7514e-16 0.3858
1.1043e-15 0.3905
1.4325e-15 0.3211
0.0000e+00 1.0000
5.0255e-16 0.4949
0.0000e+00 1.0000
2.6293e-16 0.3188
6.9263e-16 0.3072
9.6064e-16 0.3372
1.4891e-15 0.3026
1.8784e-15 0.3073
1.6566e-15 0.2502
7.6536e-17 0.4577
3.5288e-16 0.3775
7.7922e-16 0.3532
6.9054e-16 0.3343
9.0229e-16 0.2731
3.4277e-15 0.2597
1.6772e-15 0.2339
1.8961e-15 0.2385
1.5356e-15 0.2297
0.0000e+00 1.0000
0.0000e+00 1.0000
3.4321e-16 0.2654
1.2100e-15 0.3176
1.7108e-15 0.2724
3.8477e-15 0.2424
5.3150e-15 0.2507
3.2411e-15 0.2564
4.2051e-15 0.2682
0.0000e+00 1.0000
7.8744e-16 0.4031
9.2867e-16 0.4395
7.2911e-16 0.2828
2.2803e-15 0.2312
3.8058e-15 0.2420
5.5856e-15 0.2007
6.1158e-15 0.1906
7.4727e-15 0.1995
7.6973e-16 0.4022
4.0078e-16 0.3421
8.6483e-16 0.4863
1.3276e-15 0.2925
3.6159e-15 0.2663
5.3625e-15 0.2207
4.7419e-15 0.1991
7.8658e-15 0.1581
6.6555e-15 0.1989
5.3382e-16 0.4459
5.0277e-16 0.3572
7.4798e-16 0.2288
8.0667e-16 0.2901
1.9732e-15 0.2303
3.0626e-15 0.3139
5.2062e-15 0.2092
5.3816e-15 0.1583
7.7995e-15 0.1872
6.1583e-16 0.4008
0.0000e+00 1.0000
6.6174e-16 0.3867
1.3506e-15 0.3822
1.9590e-15 0.3379
2.5436e-15 0.2293
2.2282e-15 0.3541
3.5899e-15 0.2144
4.1774e-15 0.2596
0.0000e+00 1.0000
6.2223e-16 0.4696
7.0268e-16 0.3644
4.8977e-16 0.4454
6.5963e-16 0.3979
2.6114e-16 0.4103
8.1329e-16 0.3680
3.5003e-16 0.4211
4.2590e-16 0.4706
0.0000e+00 1.0000
0.0000e+00 1.0000
0.0000e+00 1.0000
5.0357e-16 0.3441
0.0000e+00 1.0000
5.9076e-16 0.3704
1.2223e-15 0.3178
2.3189e-15 0.3768
2.1202e-15 0.3929
0.0000e+00 1.0000
6.6664e-16 0.4316
3.1298e-16 0.3303
4.2293e-16 0.4203
0.0000e+00 1.0000
4.6397e-16 0.3160
1.1452e-15 0.2376
1.6476e-15 0.4166
1.9351e-15 0.3937
0.0000e+00 1.0000
5.5165e-16 0.4012
6.1897e-16 0.3622
7.9647e-16 0.3507
1.5648e-15 0.2978
2.2952e-15 0.3542
3.1032e-15 0.3047
3.3866e-15 0.3449
1.2557e-15 0.2372
9.9440e-16 0.4606
0.0000e+00 1.0000
7.4358e-16 0.3221
1.5824e-15 0.3277
1.6253e-15 0.3303
2.0582e-15 0.2192
5.4701e-15 0.2489
3.2634e-15 0.2223
3.8109e-15 0.3221
1.2252e-15 0.3575
6.9089e-16 0.4249
0.0000e+00 1.0000
1.2021e-15 0.3400
3.4524e-15 0.3036
3.2753e-15 0.3164
3.9700e-15 0.2173
4.5785e-15 0.1994
6.3003e-15 0.2070
3.9596e-16 0.3841
4.2435e-16 0.3778
1.2518e-15 0.4222
1.1864e-15 0.3917
4.4531e-15 0.2463
3.4115e-15 0.2064
2.7296e-15 0.1869
1.0671e-14 0.1854
4.2607e-15 0.1892
0.0000e+00 1.0000
1.6706e-16 0.4387
5.7896e-16 0.3453
1.3607e-15 0.3620
1.3120e-15 0.2335
3.9848e-15 0.3820
4.7483e-15 0.1876
4.8183e-15 0.2169
5.0066e-15 0.2245
0.0000e+00 1.0000
3.3200e-16 0.4384
6.7189e-16 0.2559
1.2178e-15 0.3572
2.0354e-15 0.4100
2.4992e-15 0.4306
3.7249e-15 0.2714
3.4790e-15 0.2513
2.8024e-15 0.2573
0.0000e+00 1.0000
2.6795e-16 0.4113
0.0000e+00 1.0000
4.4426e-16 0.3324
6.6792e-16 0.4477
5.6506e-16 0.3534
0.0000e+00 1.0000
7.3333e-16 0.4461
9.3372e-16 0.3759
0.0000e+00 1.0000
0.0000e+00 1.0000
2.2672e-16 0.4269
2.1664e-16 0.4115
7.9506e-16 0.4370
0.0000e+00 1.0000
1.5324e-15 0.3569
6.8732e-16 0.3632
2.2094e-15 0.3915
1.8522e-16 0.4865
5.9914e-16 0.2903
4.5189e-16 0.3182
2.5038e-16 0.4725
7.7492e-16 0.4585
3.4587e-16 0.3639
1.6122e-15 0.3696
1.6429e-15 0.3325
1.9415e-15 0.2697
0.0000e+00 1.0000
3.1426e-16 0.4012
4.7062e-16 0.3781
8.0422e-16 0.3609
1.9930e-15 0.3811
2.3802e-15 0.3416
1.6277e-15 0.3100
1.5996e-15 0.4196
1.7115e-15 0.2784
0.0000e+00 1.0000
6.5833e-16 0.4190
7.2731e-16 0.4993
1.1241e-15 0.3043
1.8215e-15 0.4154
2.1778e-15 0.3204
2.9245e-15 0.2838
2.8381e-15 0.2350
3.3291e-15 0.2341
7.7723e-16 0.3549
3.8492e-16 0.3377
3.6534e-16 0.3148
1.7499e-15 0.2839
1.3235e-15 0.2492
1.7247e-15 0.3238
4.6618e-15 0.3737
5.7867e-15 0.2178
3.5839e-15 0.2143
4.5221e-16 0.3005
0.0000e+00 1.0000
1.7444e-15 0.4523
9.2363e-16 0.2696
2.0866e-15 0.2821
3.7035e-15 0.2461
3.6918e-15 0.1861
6.6069e-15 0.2115
4.3326e-15 0.2298
1.3858e-16 0.4988
2.0019e-16 0.3863
1.1043e-15 0.3002
6.9832e-16 0.2915
1.7330e-15 0.2399
3.0699e-15 0.2834
6.3342e-15 0.2182
4.7867e-15 0.2268
5.1132e-15 0.2367
0.0000e+00 1.0000
1.5603e-16 0.3509
4.2613e-16 0.4454
1.8128e-15 0.3686
1.7402e-15 0.3194
1.0325e-15 0.2351
2.2083e-15 0.2856
2.2064e-15 0.2305
3.7560e-15 0.2355
0.0000e+00 1.0000
0.0000e+00 1.0000
0.0000e+00 1.0000
4.4833e-16 0.3853
1.4484e-15 0.4107
3.6230e-16 0.3800
1.0813e-15 0.3604
8.4667e-16 0.4001
8.7390e-16 0.2960
1.7772e-16 0.3871
0.0000e+00 1.0000
2.7382e-16 0.4926
3.6907e-16 0.3981
5.2035e-16 0.4168
4.8262e-16 0.3214
8.4111e-16 0.3265
0.0000e+00 1.0000
8.3332e-16 0.3299
0.0000e+00 1.0000
6.2855e-16 0.3270
2.9895e-16 0.3809
0.0000e+00 1.0000
7.7331e-16 0.3303
1.6720e-15 0.4565
8.3305e-16 0.2543
1.7782e-15 0.3062
1.3850e-15 0.2687
0.0000e+00 1.0000
5.3588e-16 0.2950
5.5074e-16 0.3393
4.0036e-16 0.3411
1.1403e-15 0.3820
3.3294e-15 0.3269
3.4851e-15 0.3465
1.2906e-15 0.3727
1.4749e-15 0.2744
0.0000e+00 1.0000
4.4594e-16 0.4015
7.7666e-16 0.4197
8.0020e-16 0.3695
1.4342e-15 0.4080
1.7584e-15 0.3341
4.7306e-15 0.2925
3.2462e-15 0.2306
2.2377e-15 0.2402
5.3606e-16 0.3797
1.7333e-15 0.4504
1.1946e-15 0.2999
1.6426e-15 0.3007
2.6438e-15 0.3814
2.4385e-15 0.3319
3.7330e-15 0.2117
2.4408e-15 0.2208
4.7186e-15 0.2283
3.9434e-16 0.3405
0.0000e+00 1.0000
1.3419e-15 0.4379
1.9900e-15 0.3519
3.1562e-15 0.3346
2.2580e-15 0.2852
3.3852e-15 0.2100
6.6178e-15 0.2157
4.3545e-15 0.2563
5.2282e-16 0.4147
5.1167e-16 0.3583
6.1053e-16 0.3654
5.1257e-16 0.3453
1.4730e-15 0.2928
3.4598e-15 0.2451
3.3942e-15 0.2704
3.6253e-15 0.2359
3.0859e-15 0.2598
0.0000e+00 1.0000
5.6213e-16 0.2997
5.0773e-16 0.3400
1.3434e-15 0.3474
1.3470e-15 0.3215
1.3765e-15 0.2761
2.7066e-15 0.2791
2.4016e-15 0.2372
2.0767e-15 0.2251
0.0000e+00 1.0000
0.0000e+00 1.0000
2.2832e-16 0.4341
3.2072e-16 0.3684
0.0000e+00 1.0000
0.0000e+00 1.0000
9.6831e-16 0.4520
1.0395e-15 0.3982
1.6925e-15 0.3659
0.0000e+00 1.0000
2.9535e-16 0.3572
0.0000e+00 1.0000
6.2771e-16 0.3543
0.0000e+00 1.0000
6.8947e-17 0.3649
7.2308e-16 0.3383
1.8420e-15 0.3413
5.7211e-16 0.3757
4.2513e-16 0.4253
0.0000e+00 1.0000
3.2624e-16 0.4643
1.5247e-16 0.4639
1.5137e-15 0.3946
1.0058e-15 0.2295
1.2090e-15 0.3955
1.0607e-15 0.2497
0.0000e+00 1.0000
0.0000e+00 1.0000
6.8468e-16 0.4599
5.8557e-16 0.4823
4.2034e-16 0.4312
1.9741e-15 0.3957
1.6613e-15 0.2947
1.6169e-15 0.2426
1.3640e-15 0.2319
8.8199e-16 0.2726
0.0000e+00 1.0000
1.3050e-15 0.4961
1.2148e-15 0.3796
0.0000e+00 1.0000
1.4950e-15 0.3822
2.8274e-15 0.3751
2.0766e-15 0.4005
4.4123e-15 0.2519
3.6654e-15 0.2447
4.0969e-16 0.4889
1.0758e-15 0.4602
2.6971e-16 0.3236
1.2939e-15 0.3154
1.2917e-15 0.3728
2.6306e-15 0.3236
2.8323e-15 0.2667
4.2604e-15 0.3054
3.5565e-15 0.2951
7.6438e-16 0.4946
0.0000e+00 1.0000
1.0046e-15 0.4070
1.2720e-15 0.2688
3.7236e-15 0.2982
2.6668e-15 0.3081
3.5502e-15 0.2871
4.2681e-15 0.2187
2.1680e-15 0.1968
5.9619e-16 0.3803
0.0000e+00 1.0000
6.3570e-16 0.3655
1.1440e-15 0.3981
2.9479e-15 0.2892
3.1822e-15 0.3855
4.0456e-15 0.2586
3.7804e-15 0.2377
4.1730e-15 0.3379
1.7674e-16 0.4081
5.4954e-16 0.3666
7.2554e-16 0.3083
6.3331e-16 0.3533
1.0803e-15 0.3373
1.1852e-15 0.2970
1.9444e-15 0.2913
1.4686e-15 0.3173
3.9339e-15 0.2781
0.0000e+00 1.0000
0.0000e+00 1.0000
3.2848e-16 0.4264
0.0000e+00 1.0000
0.0000e+00 1.0000
2.9139e-16 0.4692
1.2317e-15 0.4081
0.0000e+00 1.0000
0.0000e+00 1.0000
6.3440e-16 0.4512
0.0000e+00 1.0000
1.5004e-16 0.4108
4.4469e-16 0.4916
6.7317e-16 0.3560
2.4943e-16 0.3889
7.0196e-16 0.2760
8.2383e-16 0.3785
5.0985e-16 0.3366
0.0000e+00 1.0000
4.0549e-16 0.3887
1.2137e-16 0.4982
7.4909e-16 0.3097
8.4987e-16 0.4249
1.8900e-15 0.3822
6.6813e-16 0.3006
3.3146e-15 0.3435
6.5600e-16 0.3122
0.0000e+00 1.0000
0.0000e+00 1.0000
0.0000e+00 1.0000
5.5487e-16 0.3070
9.3229e-16 0.3205
0.0000e+00 1.0000
3.0578e-15 0.3416
1.3646e-15 0.4305
8.2699e-16 0.3613
2.2171e-16 0.4176
0.0000e+00 1.0000
6.1432e-16 0.3393
0.0000e+00 1.0000
1.0202e-15 0.3319
1.5083e-15 0.2961
2.4226e-15 0.3035
2.4687e-15 0.2986
3.6124e-15 0.2301
0.0000e+00 1.0000
3.2362e-16 0.4780
4.4979e-16 0.3774
2.0036e-15 0.3510
6.6517e-16 0.2528
1.9627e-15 0.3122
2.2998e-15 0.2250
4.1521e-15 0.2865
3.3476e-15 0.2540
1.2343e-16 0.4436
1.1497e-15 0.4224
8.2871e-16 0.3613
2.6322e-15 0.3303
2.0944e-15 0.3529
1.7724e-15 0.3623
3.3698e-15 0.2599
5.2746e-15 0.2174
2.9440e-15 0.2470
2.5548e-16 0.3646
7.6089e-16 0.3583
4.7563e-16 0.3332
0.0000e+00 1.0000
2.4427e-15 0.4099
2.6606e-15 0.2597
3.5860e-15 0.2612
3.5127e-15 0.2819
3.2990e-15 0.2735
3.3466e-16 0.4253
2.9246e-16 0.4032
5.1936e-16 0.3664
1.1873e-15 0.3677
6.6981e-16 0.2949
2.8395e-15 0.3679
2.2711e-15 0.2873
1.3931e-15 0.2884
2.0557e-15 0.3788
