     9      9     21
d_kernel   u_kernel

2.1359e-15 0.3292
1.2022e-14 0.2171
4.3087e-14 0.1306
7.5114e-14 0.0996
1.0575e-13 0.0855
8.1659e-14 0.1014
3.7571e-14 0.1367
1.6601e-14 0.2133
6.1565e-16 0.3013
1.1849e-14 0.2414
6.1088e-14 0.1095
1.5799e-13 0.0702
2.4016e-13 0.0567
2.6544e-13 0.0556
2.2538e-13 0.0586
1.6424e-13 0.0699
7.1571e-14 0.1073
8.7479e-15 0.2570
4.4349e-14 0.1290
1.8268e-13 0.0670
2.8817e-13 0.0504
3.5565e-13 0.0473
3.7696e-13 0.0448
3.3941e-13 0.0466
2.8170e-13 0.0523
1.4552e-13 0.0713
4.0370e-14 0.1374
7.7844e-14 0.0980
2.4783e-13 0.0561
4.0047e-13 0.0449
6.2159e-13 0.0351
1.2775e-12 0.0233
5.8678e-13 0.0355
3.5125e-13 0.0463
2.7914e-13 0.0545
7.5944e-14 0.0955
8.9746e-14 0.0888
2.7613e-13 0.0536
3.7009e-13 0.0455
1.2709e-12 0.0232
1.1518e-09 0.0002
1.2402e-12 0.0234
3.9868e-13 0.0439
2.6711e-13 0.0545
1.0821e-13 0.0846
8.6479e-14 0.0951
2.5003e-13 0.0550
3.5567e-13 0.0470
5.7833e-13 0.0366
1.2197e-12 0.0235
5.8266e-13 0.0361
3.3492e-13 0.0474
2.2934e-13 0.0589
7.8576e-14 0.1010
4.1049e-14 0.1315
1.6859e-13 0.0677
3.1669e-13 0.0504
3.7562e-13 0.0453
3.8456e-13 0.0442
3.4673e-13 0.0465
2.7623e-13 0.0519
1.6203e-13 0.0698
5.0460e-14 0.1284
1.2108e-14 0.2454
6.9258e-14 0.1071
1.8395e-13 0.0669
2.5856e-13 0.0553
2.7364e-13 0.0541
2.5931e-13 0.0569
1.7173e-13 0.0688
7.2935e-14 0.1007
1.8549e-14 0.2050
2.9899e-15 0.4613
1.3438e-14 0.2232
4.4106e-14 0.1290
9.1159e-14 0.0935
1.0888e-13 0.0847
8.3596e-14 0.0914
4.4425e-14 0.1274
1.5432e-14 0.2391
7.5836e-16 0.3073
1.6479e-15 0.3796
1.7218e-14 0.2033
8.5527e-14 0.0973
1.5785e-13 0.0710
1.9366e-13 0.0664
1.4893e-13 0.0718
9.0211e-14 0.0929
2.6050e-14 0.1540
4.1798e-15 0.3989
3.1617e-14 0.1565
1.2856e-13 0.0772
3.0968e-13 0.0495
4.5376e-13 0.0423
5.1941e-13 0.0384
4.7564e-13 0.0415
3.2769e-13 0.0506
1.4203e-13 0.0769
1.9315e-14 0.1869
7.3081e-14 0.0998
3.0923e-13 0.0510
5.6622e-13 0.0373
7.5152e-13 0.0326
7.9692e-13 0.0309
6.9884e-13 0.0334
5.8475e-13 0.0377
3.1758e-13 0.0501
8.3148e-14 0.1007
1.4288e-13 0.0741
4.6782e-13 0.0414
7.7850e-13 0.0321
1.6660e-12 0.0217
4.7853e-12 0.0120
1.5709e-12 0.0222
7.4045e-13 0.0333
4.8909e-13 0.0411
1.3468e-13 0.0731
1.7385e-13 0.0663
4.5841e-13 0.0410
7.9330e-13 0.0315
4.7106e-12 0.0121
1.2216e-09 0.0002
4.6613e-12 0.0122
8.1627e-13 0.0308
5.0126e-13 0.0393
1.9845e-13 0.0666
1.7644e-13 0.0693
4.5791e-13 0.0416
7.1918e-13 0.0333
1.6333e-12 0.0220
4.6961e-12 0.0121
1.5966e-12 0.0225
7.3899e-13 0.0329
4.5905e-13 0.0415
1.3880e-13 0.0750
7.4318e-14 0.0990
3.2402e-13 0.0505
6.1424e-13 0.0360
7.8000e-13 0.0327
8.7679e-13 0.0299
7.7911e-13 0.0322
5.5068e-13 0.0379
3.2819e-13 0.0494
9.0537e-14 0.0956
1.7940e-14 0.1971
1.2081e-13 0.0812
3.5284e-13 0.0483
5.0587e-13 0.0400
5.3543e-13 0.0391
4.8031e-13 0.0409
3.3728e-13 0.0495
1.2739e-13 0.0802
2.3663e-14 0.1828
3.3487e-15 0.4699
2.6774e-14 0.1728
9.1324e-14 0.0920
1.5397e-13 0.0699
1.6767e-13 0.0664
1.6332e-13 0.0686
8.3624e-14 0.0965
2.0988e-14 0.1972
1.7315e-15 0.4401
1.3167e-15 0.4889
3.4485e-14 0.1469
1.4291e-13 0.0778
2.4913e-13 0.0557
3.0752e-13 0.0517
2.5346e-13 0.0550
1.2279e-13 0.0799
3.2621e-14 0.1432
3.1294e-15 0.3493
3.7540e-14 0.1431
2.3310e-13 0.0601
5.6014e-13 0.0376
8.3253e-13 0.0307
9.7861e-13 0.0287
9.0999e-13 0.0303
5.7130e-13 0.0382
2.0205e-13 0.0627
2.5058e-14 0.1654
1.3413e-13 0.0759
5.7813e-13 0.0376
1.0947e-12 0.0269
1.5071e-12 0.0231
1.8695e-12 0.0207
1.5162e-12 0.0231
1.0723e-12 0.0272
5.6325e-13 0.0381
1.1778e-13 0.0793
2.4700e-13 0.0559
8.4458e-13 0.0306
1.5619e-12 0.0231
4.3630e-12 0.0135
1.5522e-11 0.0064
4.1916e-12 0.0136
1.5212e-12 0.0231
8.5250e-13 0.0306
2.4903e-13 0.0579
3.1297e-13 0.0495
9.6103e-13 0.0285
1.8566e-12 0.0211
1.5438e-11 0.0064
1.2344e-09 0.0003
1.5502e-11 0.0064
1.8429e-12 0.0209
9.5872e-13 0.0288
2.9577e-13 0.0522
2.7739e-13 0.0534
8.7298e-13 0.0305
1.4979e-12 0.0234
4.3496e-12 0.0134
1.5490e-11 0.0064
4.2379e-12 0.0136
1.5120e-12 0.0232
8.6203e-13 0.0309
2.3951e-13 0.0570
1.2679e-13 0.0790
5.4167e-13 0.0386
1.1108e-12 0.0270
1.4977e-12 0.0235
1.8420e-12 0.0207
1.5276e-12 0.0228
1.1229e-12 0.0273
5.5466e-13 0.0382
1.3130e-13 0.0797
3.0558e-14 0.1502
2.0025e-13 0.0641
5.6409e-13 0.0374
8.5351e-13 0.0305
9.6696e-13 0.0286
8.9709e-13 0.0303
5.5911e-13 0.0372
2.0123e-13 0.0634
3.7912e-14 0.1411
2.5229e-15 0.3694
2.8191e-14 0.1513
1.3915e-13 0.0763
2.5474e-13 0.0562
3.0781e-13 0.0510
2.4640e-13 0.0561
1.2528e-13 0.0795
2.5386e-14 0.1607
2.8315e-15 0.3902
2.3328e-15 0.2517
5.2321e-14 0.1199
1.8262e-13 0.0660
3.6039e-13 0.0462
4.6947e-13 0.0407
4.0395e-13 0.0437
1.7294e-13 0.0659
3.6168e-14 0.1354
1.6944e-15 0.4011
4.6932e-14 0.1239
3.4007e-13 0.0489
9.7227e-13 0.0294
1.5148e-12 0.0233
1.7289e-12 0.0216
1.5268e-12 0.0231
9.3209e-13 0.0297
2.9630e-13 0.0532
2.6627e-14 0.1703
1.7899e-13 0.0654
9.4802e-13 0.0297
2.1419e-12 0.0197
3.1594e-12 0.0162
3.8755e-12 0.0145
3.1314e-12 0.0162
2.0228e-12 0.0202
9.4085e-13 0.0295
1.7695e-13 0.0639
3.7630e-13 0.0455
1.5183e-12 0.0232
3.1485e-12 0.0161
1.1788e-11 0.0080
5.0122e-11 0.0034
1.1695e-11 0.0080
3.2192e-12 0.0159
1.5677e-12 0.0230
3.9101e-13 0.0449
5.1557e-13 0.0406
1.8110e-12 0.0213
3.9065e-12 0.0144
5.0027e-11 0.0034
1.1290e-09 0.0003
5.0096e-11 0.0034
3.9195e-12 0.0144
1.8548e-12 0.0213
5.1529e-13 0.0392
3.9260e-13 0.0445
1.6078e-12 0.0228
3.1787e-12 0.0161
1.1631e-11 0.0080
5.0381e-11 0.0034
1.1760e-11 0.0080
3.1627e-12 0.0161
1.5536e-12 0.0232
4.1303e-13 0.0443
1.7000e-13 0.0679
9.4313e-13 0.0293
2.0401e-12 0.0199
3.1621e-12 0.0163
3.9350e-12 0.0143
3.2071e-12 0.0161
2.0246e-12 0.0203
9.2259e-13 0.0301
1.6386e-13 0.0677
3.9604e-14 0.1332
3.2156e-13 0.0500
9.3916e-13 0.0295
1.5577e-12 0.0232
1.7900e-12 0.0215
1.5405e-12 0.0231
9.1035e-13 0.0300
3.0922e-13 0.0512
3.7382e-14 0.1326
3.6942e-15 0.3787
4.2600e-14 0.1275
1.6799e-13 0.0654
4.2196e-13 0.0446
5.3130e-13 0.0393
3.8055e-13 0.0454
1.8474e-13 0.0649
3.4355e-14 0.1390
2.4858e-15 0.3255
3.8587e-15 0.2774
4.7947e-14 0.1214
2.5162e-13 0.0551
5.4219e-13 0.0380
7.4349e-13 0.0329
5.5886e-13 0.0373
2.6662e-13 0.0543
3.5759e-14 0.1341
2.8269e-15 0.2815
3.7687e-14 0.1394
4.7259e-13 0.0416
1.4984e-12 0.0232
2.6553e-12 0.0178
3.0841e-12 0.0164
2.6260e-12 0.0178
1.5155e-12 0.0234
4.2731e-13 0.0424
4.0695e-14 0.1227
2.2916e-13 0.0574
1.4641e-12 0.0238
3.7628e-12 0.0150
6.5145e-12 0.0113
8.4593e-12 0.0098
6.5080e-12 0.0113
3.6782e-12 0.0151
1.5395e-12 0.0233
2.4203e-13 0.0569
5.7204e-13 0.0375
2.6313e-12 0.0179
6.5760e-12 0.0113
2.8709e-11 0.0050
1.0482e-10 0.0023
2.8926e-11 0.0050
6.5358e-12 0.0113
2.6318e-12 0.0179
5.8990e-13 0.0364
7.2965e-13 0.0330
3.1752e-12 0.0162
8.5529e-12 0.0098
1.0514e-10 0.0023
8.8441e-10 0.0005
1.0496e-10 0.0023
8.5446e-12 0.0097
3.0590e-12 0.0164
7.2282e-13 0.0328
5.8703e-13 0.0364
2.6647e-12 0.0178
6.4150e-12 0.0114
2.8842e-11 0.0050
1.0530e-10 0.0023
2.8923e-11 0.0050
6.4789e-12 0.0113
2.7346e-12 0.0175
6.0119e-13 0.0365
2.5254e-13 0.0564
1.4911e-12 0.0234
3.7631e-12 0.0151
6.5518e-12 0.0113
8.5736e-12 0.0097
6.4162e-12 0.0113
3.5723e-12 0.0153
1.4372e-12 0.0240
2.2252e-13 0.0564
4.5380e-14 0.1195
4.4789e-13 0.0422
1.4699e-12 0.0237
2.6935e-12 0.0176
3.2296e-12 0.0161
2.6413e-12 0.0179
1.4618e-12 0.0237
4.3600e-13 0.0428
4.3391e-14 0.1180
3.1403e-15 0.3417
4.7109e-14 0.1177
2.4493e-13 0.0554
5.7991e-13 0.0367
7.4558e-13 0.0331
5.7483e-13 0.0375
2.6149e-13 0.0542
3.9083e-14 0.1292
2.4580e-15 0.4300
2.3745e-15 0.4059
5.3788e-14 0.1136
3.0308e-13 0.0499
7.5259e-13 0.0321
9.9311e-13 0.0286
7.2842e-13 0.0329
2.8677e-13 0.0505
4.7217e-14 0.1193
2.9176e-15 0.2931
4.3765e-14 0.1174
5.7041e-13 0.0370
2.2084e-12 0.0194
4.1427e-12 0.0142
5.0994e-12 0.0129
4.0750e-12 0.0144
2.1887e-12 0.0197
5.5316e-13 0.0379
3.9624e-14 0.1251
2.7017e-13 0.0523
2.1400e-12 0.0198
6.2977e-12 0.0117
1.2078e-11 0.0083
1.6615e-11 0.0070
1.2260e-11 0.0083
6.2839e-12 0.0117
2.2178e-12 0.0194
3.0415e-13 0.0502
7.6409e-13 0.0321
4.1508e-12 0.0143
1.2190e-11 0.0082
5.2309e-11 0.0036
1.4323e-10 0.0020
5.2509e-11 0.0036
1.2239e-11 0.0083
4.2016e-12 0.0144
7.7123e-13 0.0322
9.7064e-13 0.0284
5.0700e-12 0.0129
1.6488e-11 0.0070
1.4414e-10 0.0020
6.2613e-10 0.0007
1.4423e-10 0.0020
1.6716e-11 0.0069
5.1245e-12 0.0128
1.0430e-12 0.0277
7.6057e-13 0.0324
4.1342e-12 0.0143
1.2199e-11 0.0082
5.2646e-11 0.0036
1.4365e-10 0.0020
5.2267e-11 0.0036
1.2333e-11 0.0082
4.1424e-12 0.0143
7.8207e-13 0.0318
2.8997e-13 0.0516
2.1857e-12 0.0196
6.2719e-12 0.0116
1.2220e-11 0.0082
1.6736e-11 0.0069
1.2323e-11 0.0082
6.1711e-12 0.0117
2.1458e-12 0.0196
2.7657e-13 0.0527
4.2413e-14 0.1252
5.3856e-13 0.0374
2.2371e-12 0.0195
4.1961e-12 0.0142
5.1541e-12 0.0128
4.1761e-12 0.0143
2.1640e-12 0.0198
5.4920e-13 0.0383
4.2585e-14 0.1220
2.5201e-15 0.3437
4.1779e-14 0.1217
3.1163e-13 0.0498
7.7285e-13 0.0318
9.9679e-13 0.0282
7.5296e-13 0.0327
2.6551e-13 0.0511
4.7428e-14 0.1176
7.0584e-16 0.2614
1.8760e-15 0.2252
3.4103e-14 0.1256
2.9379e-13 0.0489
9.0407e-13 0.0294
1.1883e-12 0.0257
8.5999e-13 0.0297
3.0728e-13 0.0490
3.6075e-14 0.1267
2.6956e-15 0.3995
4.1837e-14 0.1215
6.0109e-13 0.0351
2.8113e-12 0.0172
5.9263e-12 0.0121
7.4308e-12 0.0107
5.8169e-12 0.0120
2.8618e-12 0.0172
6.0270e-13 0.0356
3.9523e-14 0.1255
3.0708e-13 0.0481
2.8342e-12 0.0171
9.2843e-12 0.0096
1.9600e-11 0.0065
2.6683e-11 0.0054
1.9506e-11 0.0065
9.0890e-12 0.0097
2.7135e-12 0.0176
3.0848e-13 0.0484
8.7081e-13 0.0297
5.8783e-12 0.0120
1.9684e-11 0.0065
7.1815e-11 0.0031
1.5284e-10 0.0019
7.1574e-11 0.0031
1.9536e-11 0.0065
5.8848e-12 0.0121
8.6515e-13 0.0297
1.1605e-12 0.0261
7.3235e-12 0.0108
2.7004e-11 0.0054
1.5355e-10 0.0019
4.2915e-10 0.0009
1.5361e-10 0.0019
2.6964e-11 0.0054
7.4463e-12 0.0107
1.1641e-12 0.0255
8.8287e-13 0.0296
5.9268e-12 0.0120
1.9525e-11 0.0065
7.1865e-11 0.0031
1.5353e-10 0.0019
7.1683e-11 0.0031
1.9593e-11 0.0065
5.9564e-12 0.0120
8.9041e-13 0.0292
2.9087e-13 0.0482
2.7598e-12 0.0175
9.4032e-12 0.0096
1.9812e-11 0.0064
2.6838e-11 0.0054
1.9629e-11 0.0065
9.3255e-12 0.0096
2.8644e-12 0.0170
2.9503e-13 0.0481
3.6506e-14 0.1218
6.3957e-13 0.0351
2.8448e-12 0.0172
5.9108e-12 0.0120
7.4901e-12 0.0106
5.8870e-12 0.0120
2.8192e-12 0.0172
6.3529e-13 0.0347
3.9363e-14 0.1208
1.3356e-15 0.2556
3.8943e-14 0.1251
2.9440e-13 0.0501
8.4363e-13 0.0298
1.2045e-12 0.0255
8.8954e-13 0.0299
2.8798e-13 0.0501
3.9541e-14 0.1218
1.4801e-15 0.4382
2.3876e-15 0.2156
2.8915e-14 0.1430
2.3962e-13 0.0519
8.5808e-13 0.0294
1.2213e-12 0.0248
8.1993e-13 0.0295
2.4706e-13 0.0531
2.1873e-14 0.1507
2.4447e-15 0.2091
2.8621e-14 0.1396
6.0291e-13 0.0345
3.1245e-12 0.0161
7.1442e-12 0.0108
9.2913e-12 0.0095
7.2504e-12 0.0108
3.0979e-12 0.0162
5.4431e-13 0.0363
1.9761e-14 0.1662
2.3633e-13 0.0525
3.0974e-12 0.0162
1.1894e-11 0.0084
2.6076e-11 0.0055
3.5523e-11 0.0047
2.6446e-11 0.0055
1.1889e-11 0.0084
3.0265e-12 0.0163
2.5701e-13 0.0514
8.0000e-13 0.0304
7.2364e-12 0.0108
2.6313e-11 0.0055
8.0810e-11 0.0029
1.4241e-10 0.0020
8.0867e-11 0.0029
2.6089e-11 0.0056
7.0968e-12 0.0109
8.5502e-13 0.0292
1.1845e-12 0.0254
9.2216e-12 0.0095
3.5951e-11 0.0046
1.4261e-10 0.0020
2.9629e-10 0.0012
1.4267e-10 0.0020
3.5598e-11 0.0047
9.2917e-12 0.0095
1.2095e-12 0.0250
8.0875e-13 0.0302
7.2138e-12 0.0108
2.6470e-11 0.0055
8.1135e-11 0.0029
1.4317e-10 0.0020
8.0938e-11 0.0029
2.6515e-11 0.0055
7.2380e-12 0.0107
8.9354e-13 0.0290
2.3073e-13 0.0540
3.1395e-12 0.0162
1.2071e-11 0.0084
2.6549e-11 0.0055
3.5716e-11 0.0046
2.6288e-11 0.0055
1.2068e-11 0.0084
3.1405e-12 0.0160
2.7388e-13 0.0516
2.2009e-14 0.1546
5.4036e-13 0.0367
3.0739e-12 0.0161
7.3798e-12 0.0107
9.2838e-12 0.0095
7.1555e-12 0.0108
3.1527e-12 0.0161
5.8205e-13 0.0353
2.2454e-14 0.1406
2.8102e-15 0.3037
1.9959e-14 0.1678
2.3503e-13 0.0524
7.9607e-13 0.0304
1.1920e-12 0.0252
7.7853e-13 0.0300
2.4288e-13 0.0530
3.0474e-14 0.1382
1.4044e-15 0.3058
2.1984e-15 0.2146
1.1808e-14 0.1816
1.5346e-13 0.0623
6.4210e-13 0.0327
9.8739e-13 0.0268
6.2853e-13 0.0329
1.5184e-13 0.0627
1.0940e-14 0.1980
2.3639e-15 0.2824
1.6524e-14 0.1747
4.2854e-13 0.0402
2.8326e-12 0.0166
7.3605e-12 0.0105
9.8926e-12 0.0091
7.5610e-12 0.0104
2.8701e-12 0.0165
4.1181e-13 0.0404
1.0708e-14 0.2013
1.5843e-13 0.0628
2.9269e-12 0.0164
1.3190e-11 0.0079
2.9856e-11 0.0052
3.9607e-11 0.0044
2.9850e-11 0.0052
1.3136e-11 0.0080
2.8881e-12 0.0164
1.6549e-13 0.0617
6.2931e-13 0.0333
7.3911e-12 0.0104
2.9926e-11 0.0052
7.9867e-11 0.0029
1.2303e-10 0.0022
7.9626e-11 0.0029
2.9650e-11 0.0052
7.4716e-12 0.0104
6.4267e-13 0.0330
9.5462e-13 0.0273
9.8871e-12 0.0091
4.0080e-11 0.0044
1.2319e-10 0.0022
2.0966e-10 0.0015
1.2326e-10 0.0022
3.9972e-11 0.0044
9.8862e-12 0.0091
9.1318e-13 0.0277
6.3815e-13 0.0331
7.4552e-12 0.0104
2.9999e-11 0.0051
7.9734e-11 0.0029
1.2325e-10 0.0022
8.0247e-11 0.0029
2.9753e-11 0.0052
7.4161e-12 0.0105
6.2522e-13 0.0329
1.6620e-13 0.0604
2.8792e-12 0.0165
1.3171e-11 0.0080
3.0016e-11 0.0051
4.0262e-11 0.0044
2.9433e-11 0.0052
1.3153e-11 0.0080
2.8974e-12 0.0164
1.5579e-13 0.0615
1.0356e-14 0.2113
3.8495e-13 0.0415
2.8790e-12 0.0165
7.4281e-12 0.0104
1.0090e-11 0.0090
7.5228e-12 0.0105
2.8712e-12 0.0165
4.1446e-13 0.0404
1.1753e-14 0.1940
2.1141e-15 0.2609
1.0695e-14 0.1972
1.5763e-13 0.0615
6.3634e-13 0.0330
9.8476e-13 0.0269
6.5139e-13 0.0330
1.5827e-13 0.0608
1.6639e-14 0.1629
1.5395e-15 0.2282
1.8225e-15 0.2779
6.8017e-15 0.2331
6.7872e-14 0.0887
3.3514e-13 0.0431
5.5463e-13 0.0343
3.6159e-13 0.0422
6.5895e-14 0.0896
7.6244e-15 0.2195
2.4093e-15 0.2034
5.3383e-15 0.2536
2.1411e-13 0.0529
2.1248e-12 0.0186
6.1965e-12 0.0112
8.5854e-12 0.0096
6.3114e-12 0.0111
2.0298e-12 0.0189
2.2275e-13 0.0523
7.1728e-15 0.2603
7.8017e-14 0.0867
2.1117e-12 0.0186
1.2098e-11 0.0081
2.8776e-11 0.0052
3.8107e-11 0.0045
2.8845e-11 0.0052
1.1722e-11 0.0082
2.1764e-12 0.0184
8.2391e-14 0.0840
3.6643e-13 0.0420
6.2622e-12 0.0112
2.8930e-11 0.0052
7.1527e-11 0.0031
1.0129e-10 0.0025
7.1488e-11 0.0031
2.8838e-11 0.0052
6.3674e-12 0.0110
3.7078e-13 0.0415
5.6419e-13 0.0337
8.7594e-12 0.0095
3.8648e-11 0.0044
1.0129e-10 0.0025
1.5176e-10 0.0019
1.0123e-10 0.0025
3.8333e-11 0.0045
8.7838e-12 0.0095
5.9995e-13 0.0333
3.6820e-13 0.0413
6.2932e-12 0.0111
2.9095e-11 0.0052
7.1427e-11 0.0031
1.0147e-10 0.0025
7.1840e-11 0.0031
2.8776e-11 0.0052
6.3066e-12 0.0111
3.5782e-13 0.0425
8.3661e-14 0.0825
2.1042e-12 0.0187
1.2107e-11 0.0081
2.9125e-11 0.0052
3.8757e-11 0.0044
2.8915e-11 0.0052
1.1978e-11 0.0082
2.1325e-12 0.0184
7.3795e-14 0.0853
5.4964e-15 0.1980
2.2755e-13 0.0532
2.1302e-12 0.0183
6.2666e-12 0.0111
8.6716e-12 0.0095
6.2562e-12 0.0112
2.1095e-12 0.0187
2.2553e-13 0.0524
4.6290e-15 0.2201
2.1888e-15 0.2627
5.3715e-15 0.2276
7.3011e-14 0.0862
3.9595e-13 0.0409
5.8249e-13 0.0337
3.6195e-13 0.0418
8.1684e-14 0.0805
5.9243e-15 0.2088
3.0440e-15 0.3806
4.2467e-15 0.2663
6.9688e-15 0.2365
2.9499e-14 0.1310
1.1594e-13 0.0667
2.3193e-13 0.0499
1.3090e-13 0.0652
1.9836e-14 0.1583
6.4943e-15 0.1778
5.2169e-15 0.2529
4.3605e-15 0.2482
7.4902e-14 0.0832
1.1396e-12 0.0243
4.0615e-12 0.0134
6.0050e-12 0.0112
3.9889e-12 0.0135
1.0796e-12 0.0248
8.4775e-14 0.0791
4.5683e-15 0.1993
3.0438e-14 0.1275
1.1549e-12 0.0241
8.6336e-12 0.0094
2.3237e-11 0.0058
3.1303e-11 0.0049
2.3316e-11 0.0058
8.6208e-12 0.0094
1.1411e-12 0.0243
3.2027e-14 0.1228
1.3084e-13 0.0664
4.0974e-12 0.0133
2.3226e-11 0.0057
5.7906e-11 0.0035
7.8942e-11 0.0029
5.8015e-11 0.0035
2.3259e-11 0.0057
4.1682e-12 0.0132
1.6409e-13 0.0605
2.5885e-13 0.0491
6.0327e-12 0.0111
3.1557e-11 0.0049
7.9359e-11 0.0029
1.1023e-10 0.0024
7.9207e-11 0.0029
3.1553e-11 0.0049
6.0768e-12 0.0110
2.2820e-13 0.0507
1.3149e-13 0.0649
4.1204e-12 0.0133
2.3285e-11 0.0057
5.7591e-11 0.0035
7.9200e-11 0.0029
5.7955e-11 0.0035
2.3123e-11 0.0058
4.1632e-12 0.0133
1.4549e-13 0.0618
2.8374e-14 0.1434
1.0750e-12 0.0248
8.7646e-12 0.0093
2.3589e-11 0.0057
3.1681e-11 0.0049
2.3583e-11 0.0057
8.6702e-12 0.0094
1.1322e-12 0.0242
2.8805e-14 0.1328
4.6892e-15 0.1885
8.6138e-14 0.0801
1.1521e-12 0.0243
4.0919e-12 0.0134
6.0707e-12 0.0111
4.0495e-12 0.0134
1.0993e-12 0.0247
8.2589e-14 0.0822
7.5503e-15 0.2292
2.8003e-15 0.2290
5.7046e-15 0.1813
2.5620e-14 0.1331
1.4918e-13 0.0621
2.2900e-13 0.0494
1.1004e-13 0.0705
2.8881e-14 0.1267
3.4630e-15 0.1972
3.0523e-15 0.2691
3.7233e-15 0.2650
7.8163e-15 0.2153
6.9481e-15 0.1890
3.4111e-14 0.1182
7.3897e-14 0.0848
3.0834e-14 0.1194
8.9640e-15 0.1843
6.3253e-15 0.2462
2.8484e-15 0.2452
3.9401e-15 0.2170
2.2729e-14 0.1318
4.0125e-13 0.0383
1.8607e-12 0.0189
2.8998e-12 0.0153
1.7867e-12 0.0192
3.9164e-13 0.0395
1.9347e-14 0.1434
5.8018e-15 0.1946
8.5838e-15 0.1868
3.9879e-13 0.0386
4.5683e-12 0.0124
1.4823e-11 0.0071
2.0865e-11 0.0060
1.4922e-11 0.0071
4.6070e-12 0.0124
3.7149e-13 0.0399
1.0816e-14 0.1564
2.9944e-14 0.1230
1.8912e-12 0.0187
1.4723e-11 0.0071
4.0738e-11 0.0042
5.5578e-11 0.0036
4.0253e-11 0.0042
1.4928e-11 0.0070
1.8609e-12 0.0189
3.8493e-14 0.1091
6.2248e-14 0.0837
3.0217e-12 0.0152
2.1122e-11 0.0060
5.5587e-11 0.0036
7.6182e-11 0.0030
5.5604e-11 0.0036
2.1130e-11 0.0059
2.9661e-12 0.0152
5.6175e-14 0.0941
3.7163e-14 0.1113
1.8913e-12 0.0188
1.4778e-11 0.0071
4.0312e-11 0.0042
5.5697e-11 0.0036
4.0771e-11 0.0042
1.4848e-11 0.0071
1.8209e-12 0.0191
2.8679e-14 0.1168
1.0828e-14 0.1936
4.0114e-13 0.0388
4.5490e-12 0.0124
1.4846e-11 0.0071
2.1031e-11 0.0059
1.5142e-11 0.0070
4.5898e-12 0.0124
4.0906e-13 0.0383
8.8084e-15 0.1714
6.5625e-15 0.2723
2.2922e-14 0.1413
3.8483e-13 0.0394
1.7925e-12 0.0192
2.9238e-12 0.0153
1.8368e-12 0.0190
3.6383e-13 0.0397
1.6865e-14 0.1376
6.4267e-15 0.3231
4.4578e-15 0.2695
3.1458e-15 0.1953
1.1284e-14 0.1741
3.2073e-14 0.1169
5.9456e-14 0.0902
3.4745e-14 0.1147
1.0512e-14 0.1613
5.0337e-15 0.2207
3.2316e-15 0.3571
3.8287e-15 0.2121
4.0793e-15 0.2164
9.7378e-15 0.1705
1.5156e-14 0.1601
1.7816e-14 0.1398
9.3724e-15 0.1494
5.9834e-15 0.1688
6.9587e-15 0.2544
4.0954e-15 0.2240
4.5602e-15 0.2284
1.0642e-14 0.1813
8.4559e-14 0.0754
5.0714e-13 0.0333
8.6397e-13 0.0263
5.0456e-13 0.0345
7.3009e-14 0.0784
7.7388e-15 0.1820
5.9223e-15 0.2124
6.1862e-15 0.2769
8.2749e-14 0.0750
1.5598e-12 0.0202
6.7405e-12 0.0101
1.0081e-11 0.0083
6.7330e-12 0.0101
1.5746e-12 0.0201
7.7375e-14 0.0778
9.7071e-15 0.1948
1.0303e-14 0.2038
5.1497e-13 0.0333
6.7064e-12 0.0102
2.2226e-11 0.0057
3.1981e-11 0.0047
2.2327e-11 0.0057
6.7319e-12 0.0101
5.1275e-13 0.0337
8.0830e-15 0.1738
1.6324e-14 0.1432
8.9320e-13 0.0259
1.0185e-11 0.0083
3.2246e-11 0.0047
4.5310e-11 0.0039
3.2042e-11 0.0047
1.0116e-11 0.0083
9.1214e-13 0.0258
1.4594e-14 0.1815
1.3171e-14 0.1797
5.1566e-13 0.0336
6.5812e-12 0.0102
2.2374e-11 0.0057
3.2048e-11 0.0047
2.2384e-11 0.0057
6.5363e-12 0.0103
5.0280e-13 0.0337
9.8431e-15 0.1418
9.2663e-15 0.2246
8.3975e-14 0.0784
1.5050e-12 0.0204
6.3726e-12 0.0104
1.0284e-11 0.0083
6.7016e-12 0.0101
1.5059e-12 0.0202
7.5570e-14 0.0794
8.9359e-15 0.2043
6.8580e-15 0.2530
1.0582e-14 0.1926
8.3065e-14 0.0787
4.5582e-13 0.0349
8.9644e-13 0.0258
5.1460e-13 0.0338
9.0115e-14 0.0760
9.1484e-15 0.2167
3.9484e-15 0.2302
3.8270e-15 0.2264
3.7011e-15 0.2200
9.5769e-15 0.2104
1.2664e-14 0.1610
1.3266e-14 0.1630
1.2347e-14 0.1494
9.8200e-15 0.1628
5.7690e-15 0.2189
3.1087e-15 0.2137
4.6435e-15 0.2284
6.1382e-15 0.2554
8.5251e-15 0.2187
1.1557e-14 0.1693
1.1699e-14 0.1652
1.0892e-14 0.1501
4.9183e-15 0.1547
7.3694e-15 0.2142
3.4687e-15 0.2375
6.2862e-15 0.2566
8.9350e-15 0.1976
1.6300e-14 0.1478
6.8022e-14 0.0797
1.2038e-13 0.0639
6.9076e-14 0.0788
1.5686e-14 0.1482
1.0807e-14 0.2043
4.9988e-15 0.1760
5.8546e-15 0.2289
1.8000e-14 0.1414
2.5119e-13 0.0451
1.7333e-12 0.0187
2.8615e-12 0.0148
1.6559e-12 0.0189
2.8631e-13 0.0427
1.7568e-14 0.1474
7.7176e-15 0.1758
9.4013e-15 0.2044
7.6848e-14 0.0748
1.7624e-12 0.0185
7.9582e-12 0.0091
1.2707e-11 0.0073
8.1203e-12 0.0091
1.7238e-12 0.0187
6.9720e-14 0.0793
9.6486e-15 0.2137
1.4718e-14 0.1794
1.3818e-13 0.0608
2.9557e-12 0.0146
1.2824e-11 0.0073
1.9552e-11 0.0059
1.2682e-11 0.0073
2.9113e-12 0.0147
1.4336e-13 0.0579
9.9323e-15 0.1763
1.0956e-14 0.2009
7.7494e-14 0.0783
1.6733e-12 0.0190
7.9869e-12 0.0091
1.2873e-11 0.0073
8.1328e-12 0.0090
1.7168e-12 0.0188
7.7208e-14 0.0742
9.9924e-15 0.1484
8.8726e-15 0.2116
1.7833e-14 0.1468
2.5096e-13 0.0452
1.6211e-12 0.0191
2.9423e-12 0.0146
1.6808e-12 0.0190
2.6413e-13 0.0440
1.4290e-14 0.1405
8.0515e-15 0.1787
9.3969e-15 0.2339
7.3800e-15 0.1546
1.8426e-14 0.1368
6.4684e-14 0.0803
1.3133e-13 0.0604
6.7063e-14 0.0790
2.1390e-14 0.1376
9.1214e-15 0.1749
5.4144e-15 0.3352
3.2205e-15 0.2940
6.7362e-15 0.2385
1.0641e-14 0.1873
9.9417e-15 0.1655
7.9298e-15 0.1808
9.7975e-15 0.1763
5.2770e-15 0.1878
1.0145e-14 0.2319
3.1088e-15 0.3017
3.3977e-15 0.1978
4.7617e-15 0.2362
9.3168e-15 0.1998
9.2548e-15 0.1658
9.8631e-15 0.2186
9.3650e-15 0.1858
7.6483e-15 0.2004
5.8945e-15 0.1990
4.9328e-15 0.2571
6.6180e-15 0.2325
8.8182e-15 0.1632
1.5340e-14 0.1423
2.0982e-14 0.1303
2.0232e-14 0.1105
2.1377e-14 0.1311
1.2609e-14 0.1632
1.2853e-14 0.1511
9.3632e-15 0.2465
8.0567e-15 0.2243
1.4454e-14 0.1479
4.1579e-14 0.0935
1.9233e-13 0.0493
3.5092e-13 0.0373
2.0728e-13 0.0480
3.8128e-14 0.0936
1.3149e-14 0.1520
9.8048e-15 0.1901
1.1294e-14 0.1553
1.9910e-14 0.1232
1.8838e-13 0.0500
1.4142e-12 0.0199
2.6349e-12 0.0151
1.4230e-12 0.0198
2.0621e-13 0.0476
1.9771e-14 0.1287
8.5520e-15 0.1728
1.1538e-14 0.2174
2.3172e-14 0.1304
3.9822e-13 0.0358
2.6413e-12 0.0150
4.7553e-12 0.0113
2.6402e-12 0.0149
3.9426e-13 0.0359
2.6520e-14 0.1192
1.2139e-14 0.1486
9.7720e-15 0.1756
2.1267e-14 0.1272
2.1709e-13 0.0465
1.3968e-12 0.0200
2.6305e-12 0.0150
1.4298e-12 0.0199
1.9143e-13 0.0498
2.1565e-14 0.1228
6.9463e-15 0.1680
8.8841e-15 0.1920
1.7507e-14 0.1729
3.5518e-14 0.0974
1.8475e-13 0.0502
3.9075e-13 0.0360
2.0580e-13 0.0491
3.3978e-14 0.1045
1.5699e-14 0.1687
8.1786e-15 0.2262
6.3243e-15 0.1797
8.7628e-15 0.1850
1.4880e-14 0.1453
1.9350e-14 0.1174
2.3504e-14 0.1303
2.0343e-14 0.1359
1.3236e-14 0.1619
1.1459e-14 0.1775
6.9366e-15 0.2356
5.2765e-15 0.2473
3.7693e-15 0.1835
9.1051e-15 0.1619
9.7562e-15 0.1534
1.2701e-14 0.1981
9.9866e-15 0.1697
8.5381e-15 0.1765
7.6026e-15 0.1745
3.0289e-15 0.2904
6.4021e-15 0.2269
5.1218e-15 0.2446
7.9191e-15 0.1856
1.1029e-14 0.2036
1.2011e-14 0.1744
1.0260e-14 0.1844
7.9101e-15 0.1857
5.2164e-15 0.1898
5.1906e-15 0.3263
9.7551e-15 0.1920
7.5067e-15 0.2073
1.6106e-14 0.1816
1.5658e-14 0.1329
1.8675e-14 0.1366
1.7477e-14 0.1326
1.2212e-14 0.1537
9.6859e-15 0.1870
7.4173e-15 0.2030
8.5284e-15 0.1898
1.0878e-14 0.1415
2.3016e-14 0.1197
3.6847e-14 0.1137
5.7350e-14 0.0896
4.4753e-14 0.1015
2.4029e-14 0.1187
1.5433e-14 0.1726
9.5175e-15 0.1728
1.0006e-14 0.1466
1.9022e-14 0.1471
3.6281e-14 0.1046
1.4174e-13 0.0564
2.3032e-13 0.0444
1.3894e-13 0.0570
4.5780e-14 0.0976
2.0461e-14 0.1205
7.7456e-15 0.1682
9.3102e-15 0.1971
2.3441e-14 0.1327
5.6250e-14 0.0925
2.4972e-13 0.0428
5.0768e-13 0.0311
2.5081e-13 0.0422
5.3363e-14 0.0854
1.5480e-14 0.1256
1.0019e-14 0.1978
9.2978e-15 0.1822
1.7876e-14 0.1356
3.5317e-14 0.0907
1.3969e-13 0.0573
2.4543e-13 0.0435
1.4498e-13 0.0579
3.7877e-14 0.0976
1.8624e-14 0.1538
1.0208e-14 0.1713
9.1679e-15 0.1626
1.7846e-14 0.1528
2.4691e-14 0.1267
3.4676e-14 0.1032
5.0658e-14 0.0888
3.5068e-14 0.1001
2.3415e-14 0.1257
1.8861e-14 0.1552
8.1948e-15 0.1671
7.1566e-15 0.2351
9.7298e-15 0.2429
1.3175e-14 0.1304
1.7987e-14 0.1692
2.1865e-14 0.1286
1.6416e-14 0.1301
1.2392e-14 0.1477
9.7403e-15 0.2253
7.9927e-15 0.2142
3.5468e-15 0.2728
6.2758e-15 0.2018
9.2520e-15 0.1758
9.7068e-15 0.1596
1.1363e-14 0.1688
8.2022e-15 0.1498
9.0020e-15 0.1862
9.0570e-15 0.1879
4.9284e-15 0.2505
4.2166e-15 0.2186
4.8043e-15 0.2747
7.9111e-15 0.2131
8.9062e-15 0.1780
1.1005e-14 0.1762
1.1879e-14 0.1855
8.2041e-15 0.1850
6.5364e-15 0.2090
4.8852e-15 0.1937
6.7326e-15 0.1957
8.2291e-15 0.2257
1.3646e-14 0.1663
1.9826e-14 0.1399
1.9357e-14 0.1418
2.2636e-14 0.1401
1.3019e-14 0.1788
8.8472e-15 0.1624
5.6385e-15 0.1987
1.2312e-14 0.1845
1.4195e-14 0.1662
2.0833e-14 0.1432
3.3112e-14 0.1107
3.8274e-14 0.0954
3.4102e-14 0.1103
2.2236e-14 0.1405
1.5271e-14 0.1936
8.8818e-15 0.2450
1.1733e-14 0.1694
1.7938e-14 0.1336
2.9332e-14 0.1118
6.3551e-14 0.0836
8.2281e-14 0.0735
6.5895e-14 0.0764
3.6626e-14 0.1120
2.0900e-14 0.1262
1.0027e-14 0.1886
1.0774e-14 0.1593
2.2514e-14 0.1459
4.1011e-14 0.1075
8.7099e-14 0.0764
1.3082e-13 0.0596
7.9179e-14 0.0728
4.3956e-14 0.0974
1.9405e-14 0.1327
9.5694e-15 0.1655
1.3244e-14 0.1794
1.9419e-14 0.1381
3.3232e-14 0.1105
6.7197e-14 0.0811
8.0356e-14 0.0692
5.8915e-14 0.0801
3.1392e-14 0.1083
1.9520e-14 0.1417
7.7807e-15 0.1805
7.2711e-15 0.1751
1.3921e-14 0.1824
2.0969e-14 0.1209
2.8279e-14 0.1098
3.5652e-14 0.0963
3.3509e-14 0.1085
2.5113e-14 0.1275
1.4796e-14 0.1421
7.6536e-15 0.2208
6.2629e-15 0.2006
1.0099e-14 0.1868
1.5276e-14 0.1398
1.6942e-14 0.1540
2.0452e-14 0.1273
1.6623e-14 0.1509
1.3507e-14 0.1529
8.9345e-15 0.1940
4.9932e-15 0.2519
3.3810e-15 0.2022
1.1182e-14 0.2388
7.1300e-15 0.2112
9.2972e-15 0.1635
1.3241e-14 0.1602
1.2908e-14 0.1541
8.7807e-15 0.1791
7.0326e-15 0.1841
6.3669e-15 0.2608
4.4827e-15 0.2797
6.1267e-15 0.2029
7.2334e-15 0.1971
9.7830e-15 0.1732
1.0235e-14 0.1665
1.1410e-14 0.1608
7.7107e-15 0.1664
5.3119e-15 0.2237
9.2502e-15 0.2317
5.1963e-15 0.2897
9.4018e-15 0.2325
1.4562e-14 0.1568
1.3190e-14 0.1532
1.7584e-14 0.1354
1.7008e-14 0.1434
1.3929e-14 0.1430
5.1465e-15 0.1553
6.4995e-15 0.1891
8.5106e-15 0.1698
1.2411e-14 0.1748
1.9647e-14 0.1304
3.5186e-14 0.1131
4.0908e-14 0.0990
3.5225e-14 0.1117
2.6757e-14 0.1269
1.2785e-14 0.1932
9.6159e-15 0.1747
8.5627e-15 0.1985
2.2713e-14 0.1318
2.8613e-14 0.1164
5.2827e-14 0.0833
7.1023e-14 0.0783
6.0123e-14 0.0833
3.1186e-14 0.1105
1.9780e-14 0.1542
8.5864e-15 0.2151
1.1397e-14 0.1907
2.1173e-14 0.1501
3.4843e-14 0.1035
7.3823e-14 0.0764
1.0960e-13 0.0655
8.1727e-14 0.0741
3.6676e-14 0.1025
2.0676e-14 0.1380
8.4368e-15 0.1626
1.3655e-14 0.1779
1.3493e-14 0.1559
3.4615e-14 0.1212
5.8832e-14 0.0873
6.8575e-14 0.0814
6.2758e-14 0.0884
3.8485e-14 0.1056
1.7072e-14 0.1648
1.0987e-14 0.1849
6.3007e-15 0.1611
1.3059e-14 0.1547
2.3838e-14 0.1270
3.1159e-14 0.1089
3.0035e-14 0.1130
3.1681e-14 0.1180
2.6323e-14 0.1242
1.3278e-14 0.1715
7.5229e-15 0.2099
5.4803e-15 0.2223
9.8336e-15 0.1774
1.4702e-14 0.1537
1.6783e-14 0.1364
1.9692e-14 0.1260
1.8093e-14 0.1512
1.4079e-14 0.1732
1.1807e-14 0.1823
4.1640e-15 0.2886
5.2214e-15 0.2790
8.2970e-15 0.1912
1.0271e-14 0.1870
1.4020e-14 0.1894
1.0223e-14 0.1685
1.1092e-14 0.1805
1.0156e-14 0.1753
8.7665e-15 0.2159
4.5314e-15 0.2175
4.1348e-15 0.2698
7.5517e-15 0.2162
1.1174e-14 0.2304
1.0991e-14 0.1527
1.0865e-14 0.1985
8.6060e-15 0.1814
7.7297e-15 0.1784
5.8650e-15 0.1874
5.9115e-15 0.2413
6.9217e-15 0.2759
1.0284e-14 0.1746
1.1237e-14 0.1525
1.4177e-14 0.1511
1.9110e-14 0.1612
1.7081e-14 0.1464
1.3409e-14 0.1696
8.9100e-15 0.1766
5.4411e-15 0.1855
8.2287e-15 0.2060
1.4515e-14 0.1878
1.8256e-14 0.1553
3.7698e-14 0.1123
3.6058e-14 0.1128
3.2505e-14 0.1190
2.3549e-14 0.1212
1.0208e-14 0.1553
9.6101e-15 0.2051
1.3642e-14 0.1965
2.2200e-14 0.1489
2.4626e-14 0.1114
5.7022e-14 0.0879
5.9580e-14 0.0846
5.2429e-14 0.0906
2.8404e-14 0.1170
1.8388e-14 0.1408
9.1942e-15 0.1896
1.1543e-14 0.1615
2.1140e-14 0.1317
3.2614e-14 0.1116
6.2598e-14 0.0787
1.0199e-13 0.0716
6.2103e-14 0.0823
3.2775e-14 0.1121
2.1101e-14 0.1375
9.3361e-15 0.1661
1.0984e-14 0.1747
1.3374e-14 0.1522
3.7471e-14 0.1155
5.1635e-14 0.0867
6.6076e-14 0.0857
5.4831e-14 0.0915
4.1845e-14 0.1046
1.6617e-14 0.1476
1.1450e-14 0.2011
6.4824e-15 0.1740
1.3171e-14 0.1790
1.9939e-14 0.1446
2.7535e-14 0.1138
2.8934e-14 0.1195
2.8117e-14 0.1283
2.5479e-14 0.1314
1.1831e-14 0.1642
9.4686e-15 0.2011
8.6097e-15 0.1915
7.7619e-15 0.1670
1.4099e-14 0.1499
1.4842e-14 0.1667
2.1633e-14 0.1448
1.9691e-14 0.1551
1.2366e-14 0.1925
9.4145e-15 0.2030
4.6844e-15 0.1973
5.6589e-15 0.2615
8.5155e-15 0.1666
9.9966e-15 0.2305
1.0426e-14 0.1866
1.0291e-14 0.1714
1.1889e-14 0.2311
8.8512e-15 0.2068
5.5413e-15 0.1556
5.8500e-15 0.2155
5.3117e-15 0.2426
7.8660e-15 0.2021
6.8182e-15 0.2165
8.9329e-15 0.1607
9.4548e-15 0.2334
1.1492e-14 0.1586
5.9498e-15 0.2038
4.0049e-15 0.1848
6.7282e-15 0.2255
5.5813e-15 0.2591
7.9904e-15 0.1747
1.2916e-14 0.1714
1.4223e-14 0.1603
1.6258e-14 0.1524
1.7229e-14 0.1546
1.3590e-14 0.1597
1.1503e-14 0.1948
5.5458e-15 0.2241
4.8156e-15 0.2053
1.5319e-14 0.1911
1.8920e-14 0.1558
2.7032e-14 0.1188
3.3044e-14 0.1176
2.9462e-14 0.1192
2.2554e-14 0.1309
1.7672e-14 0.1566
7.8706e-15 0.1792
1.1015e-14 0.1796
1.6885e-14 0.1494
3.0975e-14 0.1120
5.7412e-14 0.0995
5.5649e-14 0.0828
5.2354e-14 0.0972
3.4359e-14 0.1262
1.8455e-14 0.1461
6.4091e-15 0.2119
1.2613e-14 0.2080
1.8494e-14 0.1389
2.9386e-14 0.1142
6.2857e-14 0.0846
8.3146e-14 0.0735
6.5850e-14 0.0828
3.3470e-14 0.1174
1.9863e-14 0.1571
7.7801e-15 0.1509
1.3268e-14 0.2162
1.2615e-14 0.1670
2.8005e-14 0.1143
4.3057e-14 0.0974
5.9863e-14 0.0864
4.7111e-14 0.0894
3.4004e-14 0.1220
1.5929e-14 0.1455
8.2221e-15 0.1776
5.6940e-15 0.1898
1.3693e-14 0.1599
2.1065e-14 0.1359
2.6860e-14 0.1250
2.2364e-14 0.1075
3.1309e-14 0.1253
2.5282e-14 0.1227
1.1638e-14 0.1443
7.6076e-15 0.2262
6.2875e-15 0.2096
7.8605e-15 0.2311
1.2460e-14 0.1688
1.3273e-14 0.1910
1.6579e-14 0.1355
1.8487e-14 0.1618
1.5955e-14 0.1739
1.1891e-14 0.1810
6.9759e-15 0.2470
5.4937e-15 0.2726
5.9420e-15 0.2050
1.0824e-14 0.2002
8.2943e-15 0.1629
1.0582e-14 0.1951
1.1739e-14 0.1791
6.5605e-15 0.2033
5.9563e-15 0.2179
3.7677e-15 0.2403
5.5876e-15 0.2460
6.1124e-15 0.2036
9.0847e-15 0.2084
8.9208e-15 0.1765
1.0777e-14 0.1975
1.0974e-14 0.2171
7.5208e-15 0.2124
5.5363e-15 0.2258
4.3899e-15 0.2462
3.2172e-15 0.2178
7.9151e-15 0.1905
9.2653e-15 0.1829
1.6622e-14 0.1447
1.8479e-14 0.1422
1.5610e-14 0.1677
1.4191e-14 0.1480
5.2346e-15 0.1828
5.0204e-15 0.2432
7.7044e-15 0.2020
1.2252e-14 0.1676
1.5723e-14 0.1456
3.2574e-14 0.1264
3.1420e-14 0.1271
2.8112e-14 0.1261
1.7813e-14 0.1315
1.4248e-14 0.1740
1.2776e-14 0.1864
1.0146e-14 0.1538
1.8632e-14 0.1619
2.8896e-14 0.1175
4.8722e-14 0.1045
5.1214e-14 0.0873
4.3172e-14 0.1012
2.6547e-14 0.1310
1.7248e-14 0.1639
7.1816e-15 0.1732
9.7995e-15 0.1705
2.0902e-14 0.1476
2.7051e-14 0.1258
6.7708e-14 0.0943
6.8407e-14 0.0766
4.7012e-14 0.0866
2.3896e-14 0.1154
1.9637e-14 0.1579
1.1450e-14 0.2021
7.6181e-15 0.1922
1.4990e-14 0.1455
2.6555e-14 0.1304
4.2200e-14 0.1019
5.5542e-14 0.0885
4.4606e-14 0.1046
3.0720e-14 0.1234
1.6177e-14 0.1497
1.0728e-14 0.1961
7.8020e-15 0.1880
1.0246e-14 0.1584
2.1362e-14 0.1434
2.3128e-14 0.1384
2.6333e-14 0.1199
3.0123e-14 0.1263
2.6297e-14 0.1469
1.6788e-14 0.1674
9.4142e-15 0.2140
6.8953e-15 0.1738
7.5742e-15 0.1833
1.3402e-14 0.1520
1.4019e-14 0.1729
1.4980e-14 0.1349
1.3176e-14 0.1812
1.1699e-14 0.1941
9.0768e-15 0.1878
9.3234e-15 0.1957
4.4742e-15 0.2872
4.3616e-15 0.1827
9.4056e-15 0.1727
1.1005e-14 0.2083
8.0603e-15 0.2045
6.1867e-15 0.1838
7.6550e-15 0.2071
7.9836e-15 0.1989
7.3215e-15 0.2178
