     9      9     20
d_kernel   u_kernel

0.0000e+00 1.0000
0.0000e+00 1.0000
3.5458e-16 0.4623
5.7392e-16 0.4141
3.0412e-16 0.4881
0.0000e+00 1.0000
0.0000e+00 1.0000
3.1992e-16 0.4200
0.0000e+00 1.0000
0.0000e+00 1.0000
0.0000e+00 1.0000
3.3757e-16 0.4129
8.5401e-16 0.4005
4.7120e-16 0.3859
6.8776e-16 0.4553
1.3242e-16 0.4582
6.0357e-16 0.3955
6.8165e-16 0.4188
3.4933e-16 0.4638
2.8321e-16 0.4982
0.0000e+00 1.0000
5.7206e-16 0.4445
1.7641e-15 0.3301
8.8911e-16 0.2774
8.9447e-16 0.3681
1.2285e-15 0.3033
1.2692e-15 0.3811
3.6790e-16 0.3758
0.0000e+00 1.0000
0.0000e+00 1.0000
6.5529e-16 0.3741
1.1331e-15 0.2663
1.9587e-15 0.2484
2.5300e-15 0.2329
3.1722e-15 0.2279
2.1201e-15 0.2170
3.2982e-16 0.3967
0.0000e+00 1.0000
6.5068e-16 0.3684
1.2356e-15 0.4504
1.8334e-15 0.3025
3.0125e-14 0.1142
1.5977e-12 0.0197
4.3894e-12 0.0126
1.6168e-12 0.0197
1.6678e-16 0.4254
1.6095e-16 0.4291
1.3771e-15 0.3946
7.1799e-16 0.3425
3.2368e-15 0.3206
1.5679e-12 0.0198
2.0088e-11 0.0065
4.3291e-11 0.0042
1.9814e-11 0.0065
0.0000e+00 1.0000
5.5826e-16 0.3506
6.0950e-16 0.3774
8.0462e-16 0.3572
3.7993e-15 0.2297
4.2690e-12 0.0127
4.3192e-11 0.0042
1.3422e-09 0.0003
4.3656e-11 0.0042
3.1075e-16 0.3255
3.0470e-16 0.4809
6.8451e-16 0.4546
8.7935e-16 0.2967
2.3115e-15 0.2624
1.6167e-12 0.0198
1.9751e-11 0.0065
4.3357e-11 0.0042
1.9962e-11 0.0065
1.5338e-16 0.4481
5.0189e-16 0.4496
4.9642e-16 0.3207
5.2758e-16 0.3768
1.0842e-15 0.2826
2.4970e-14 0.1203
1.5914e-12 0.0198
4.3562e-12 0.0125
1.5715e-12 0.0198
0.0000e+00 1.0000
0.0000e+00 1.0000
0.0000e+00 1.0000
4.1524e-16 0.4462
0.0000e+00 1.0000
1.1468e-16 0.4010
0.0000e+00 1.0000
3.8984e-16 0.3836
4.9665e-16 0.4079
0.0000e+00 1.0000
0.0000e+00 1.0000
3.0511e-16 0.4380
0.0000e+00 1.0000
0.0000e+00 1.0000
3.7503e-16 0.3702
8.7993e-16 0.3050
7.2236e-16 0.3071
6.4295e-16 0.3398
2.6488e-16 0.4704
2.4597e-16 0.4460
4.4617e-16 0.4273
2.7726e-16 0.4570
1.7616e-15 0.4042
1.2061e-15 0.2788
1.2347e-15 0.3044
1.6967e-15 0.2942
9.1478e-16 0.3219
4.9955e-16 0.4592
4.7627e-16 0.4938
0.0000e+00 1.0000
8.2099e-16 0.4332
2.7506e-15 0.3371
3.1596e-15 0.3405
2.2488e-15 0.2507
3.8176e-15 0.1782
2.8068e-15 0.2745
0.0000e+00 1.0000
9.8643e-16 0.4231
9.7809e-16 0.3117
1.3348e-15 0.4220
1.4393e-15 0.3480
2.4953e-14 0.1185
2.4232e-12 0.0156
7.4438e-12 0.0094
2.3813e-12 0.0157
2.3808e-16 0.4423
3.0721e-16 0.3747
7.0753e-16 0.2601
1.5814e-15 0.3041
3.9476e-15 0.2640
2.4224e-12 0.0156
4.8438e-11 0.0042
1.3436e-10 0.0024
4.8978e-11 0.0042
3.3811e-16 0.3072
3.4012e-16 0.4237
2.0331e-16 0.4700
6.8912e-16 0.2955
2.3638e-15 0.1992
7.4572e-12 0.0094
1.3382e-10 0.0024
1.1235e-09 0.0004
1.3430e-10 0.0024
1.6819e-16 0.4532
0.0000e+00 1.0000
5.6890e-16 0.3493
1.4088e-15 0.2534
2.8507e-15 0.2175
2.3758e-12 0.0157
4.8505e-11 0.0042
1.3457e-10 0.0024
4.8794e-11 0.0042
4.6192e-16 0.4134
5.2877e-16 0.4176
1.0574e-15 0.3000
1.0084e-15 0.2677
1.9096e-15 0.2382
2.5426e-14 0.1192
2.4069e-12 0.0157
7.4111e-12 0.0094
2.3606e-12 0.0158
0.0000e+00 1.0000
1.9564e-16 0.4432
1.3635e-16 0.4630
3.9732e-16 0.4551
9.9392e-16 0.4793
3.0879e-16 0.4111
4.4397e-16 0.3802
4.7912e-16 0.3640
9.0514e-16 0.4982
0.0000e+00 1.0000
0.0000e+00 1.0000
0.0000e+00 1.0000
3.2413e-16 0.4939
6.3618e-16 0.3271
1.7274e-15 0.4447
1.0098e-15 0.3403
1.0042e-15 0.4250
1.1194e-15 0.2854
5.3550e-16 0.4575
4.0891e-16 0.3969
4.4538e-16 0.3646
0.0000e+00 1.0000
4.3683e-16 0.4360
1.6889e-15 0.4178
1.2920e-15 0.3273
2.2360e-15 0.3475
1.2842e-15 0.2817
0.0000e+00 1.0000
0.0000e+00 1.0000
6.9438e-16 0.4852
7.4882e-16 0.3152
1.4347e-15 0.3222
1.9249e-15 0.2152
2.8037e-15 0.2167
3.7890e-15 0.2133
2.2357e-15 0.2203
2.3073e-16 0.4259
0.0000e+00 1.0000
4.5224e-16 0.3645
1.3643e-15 0.3093
1.4830e-15 0.2286
1.2665e-14 0.1692
1.8932e-12 0.0166
7.2696e-12 0.0091
1.9316e-12 0.0166
0.0000e+00 1.0000
1.3192e-15 0.4907
1.1350e-15 0.4245
1.7521e-15 0.2913
3.7055e-15 0.1947
1.8524e-12 0.0167
6.7260e-11 0.0034
1.8616e-10 0.0020
6.7101e-11 0.0034
0.0000e+00 1.0000
2.7997e-16 0.3536
3.9923e-16 0.3341
1.2203e-15 0.2624
3.6463e-15 0.2949
7.1999e-12 0.0090
1.8609e-10 0.0020
7.1322e-10 0.0007
1.8719e-10 0.0020
0.0000e+00 1.0000
0.0000e+00 1.0000
5.3571e-16 0.3558
1.0063e-15 0.3193
3.8009e-15 0.1894
1.9337e-12 0.0165
6.7269e-11 0.0034
1.8679e-10 0.0020
6.7388e-11 0.0034
0.0000e+00 1.0000
4.3769e-16 0.4045
9.5832e-16 0.3009
1.3708e-15 0.2457
2.3034e-15 0.2681
1.3405e-14 0.1514
1.9271e-12 0.0164
7.1491e-12 0.0091
1.9084e-12 0.0165
0.0000e+00 1.0000
0.0000e+00 1.0000
0.0000e+00 1.0000
5.2795e-16 0.4383
9.2444e-16 0.3652
6.7673e-16 0.4134
1.0622e-15 0.3276
0.0000e+00 1.0000
8.5359e-16 0.4158
0.0000e+00 1.0000
4.1559e-16 0.3666
3.0619e-16 0.4952
4.3066e-16 0.3886
3.3171e-16 0.3372
8.4007e-16 0.3380
1.2034e-15 0.2420
4.2628e-16 0.3641
7.9475e-16 0.3428
0.0000e+00 1.0000
2.0822e-16 0.3928
3.4041e-16 0.4370
1.3890e-15 0.4882
0.0000e+00 1.0000
1.4420e-15 0.3023
1.4406e-15 0.2431
1.3589e-15 0.2398
1.9582e-15 0.2879
0.0000e+00 1.0000
5.0377e-16 0.4083
4.2296e-16 0.3427
8.9476e-16 0.3266
1.6238e-15 0.2927
1.5546e-15 0.2214
1.9833e-15 0.2132
3.7880e-15 0.2442
3.2288e-15 0.2024
0.0000e+00 1.0000
0.0000e+00 1.0000
9.2078e-16 0.4649
1.2714e-15 0.2847
2.3538e-15 0.3168
5.8542e-15 0.2110
5.4537e-13 0.0278
2.9406e-12 0.0130
5.6452e-13 0.0275
6.5297e-16 0.3878
9.8365e-16 0.4377
1.1278e-15 0.3547
2.7579e-15 0.3304
3.8882e-15 0.1993
5.6595e-13 0.0274
4.8358e-11 0.0038
1.4412e-10 0.0022
4.8144e-11 0.0038
6.5423e-16 0.3542
2.9758e-16 0.3441
9.3056e-16 0.2467
3.1361e-15 0.3841
6.0732e-15 0.2484
2.9429e-12 0.0129
1.4426e-10 0.0022
4.1892e-10 0.0011
1.4521e-10 0.0022
4.1192e-16 0.3132
6.5651e-16 0.2976
9.8605e-16 0.4711
2.3212e-15 0.4013
5.1273e-15 0.2334
5.7972e-13 0.0270
4.8474e-11 0.0038
1.4501e-10 0.0022
4.8043e-11 0.0038
0.0000e+00 1.0000
0.0000e+00 1.0000
5.9281e-16 0.3718
8.7228e-16 0.2554
1.8777e-15 0.2718
5.0466e-15 0.1773
5.9913e-13 0.0268
2.8746e-12 0.0131
5.9078e-13 0.0269
1.8679e-16 0.4393
7.7852e-16 0.4575
3.2879e-16 0.3788
0.0000e+00 1.0000
3.1877e-16 0.4359
8.1499e-16 0.3846
4.6571e-16 0.4379
8.2074e-16 0.2659
3.5300e-16 0.4823
1.4454e-16 0.4820
3.3042e-16 0.3939
0.0000e+00 1.0000
6.5133e-16 0.4371
8.3126e-16 0.3511
7.3285e-16 0.4296
6.6837e-16 0.3135
1.0242e-15 0.3337
1.1386e-15 0.3209
2.5683e-16 0.4267
3.2920e-16 0.4652
7.1466e-16 0.3652
0.0000e+00 1.0000
7.7737e-16 0.3098
5.3284e-16 0.2787
1.0317e-15 0.2859
1.3972e-15 0.2384
2.5081e-15 0.2447
0.0000e+00 1.0000
0.0000e+00 1.0000
0.0000e+00 1.0000
1.3167e-15 0.3418
2.1669e-15 0.3524
3.0581e-15 0.2131
4.8398e-15 0.2068
5.2538e-15 0.1595
3.5608e-15 0.2082
0.0000e+00 1.0000
6.3313e-16 0.4798
7.6905e-16 0.4529
2.6291e-15 0.4645
3.8709e-15 0.2649
6.2390e-15 0.1593
3.8313e-14 0.0889
2.5559e-13 0.0370
3.7425e-14 0.0842
0.0000e+00 1.0000
5.2343e-16 0.3677
7.2313e-16 0.4054
1.9471e-15 0.2085
4.2968e-15 0.2091
3.7093e-14 0.0833
1.3715e-11 0.0063
5.4550e-11 0.0034
1.3809e-11 0.0063
0.0000e+00 1.0000
1.9151e-15 0.4917
2.1078e-15 0.4207
2.8162e-15 0.2441
4.4959e-15 0.2122
2.6745e-13 0.0362
5.4460e-11 0.0034
1.8478e-10 0.0018
5.4691e-11 0.0034
3.1041e-16 0.3742
4.1855e-16 0.3295
1.3850e-15 0.2733
1.6563e-15 0.1933
7.7688e-15 0.2504
3.8806e-14 0.0891
1.3699e-11 0.0063
5.4906e-11 0.0034
1.3718e-11 0.0063
0.0000e+00 1.0000
2.2075e-16 0.4366
6.7601e-16 0.2964
2.4731e-15 0.3103
2.7608e-15 0.2666
4.3100e-15 0.1786
4.1923e-14 0.0840
2.4799e-13 0.0373
3.6684e-14 0.0864
2.0653e-16 0.3986
0.0000e+00 1.0000
0.0000e+00 1.0000
5.3883e-16 0.4260
3.8750e-16 0.3331
4.7424e-16 0.3290
0.0000e+00 1.0000
4.5075e-16 0.3174
4.9535e-16 0.3850
3.8046e-16 0.3510
2.6601e-16 0.4018
5.1781e-16 0.4418
6.0645e-16 0.4030
1.8889e-16 0.3659
6.4965e-16 0.3704
1.0160e-15 0.3928
8.9299e-16 0.2836
1.6158e-15 0.3110
0.0000e+00 1.0000
3.9529e-16 0.3948
1.0013e-15 0.3488
2.4763e-15 0.4717
1.0464e-15 0.3235
1.9606e-15 0.3368
3.5908e-15 0.3254
2.3354e-15 0.2465
2.0786e-15 0.2192
0.0000e+00 1.0000
1.1543e-15 0.4696
1.1189e-15 0.3492
1.0031e-15 0.2695
2.5216e-15 0.2972
4.1882e-15 0.2107
3.3470e-15 0.1569
4.6931e-15 0.1817
4.9121e-15 0.2022
2.4875e-16 0.3764
7.7556e-16 0.4612
6.7370e-16 0.4110
1.7446e-15 0.3572
2.4313e-15 0.1995
7.4810e-15 0.1738
1.1963e-14 0.1334
1.3462e-14 0.1143
1.0127e-14 0.1225
9.1874e-16 0.3699
8.4231e-16 0.3687
1.0076e-15 0.3194
3.3874e-15 0.2359
3.4525e-15 0.1539
8.0397e-15 0.1599
6.6734e-13 0.0233
4.5577e-12 0.0097
6.5333e-13 0.0234
0.0000e+00 1.0000
1.8153e-15 0.4372
9.6701e-16 0.2625
2.2425e-15 0.2275
6.6198e-15 0.2027
1.5377e-14 0.1175
4.4828e-12 0.0098
2.5572e-11 0.0044
4.5151e-12 0.0098
3.3430e-16 0.3891
4.4087e-16 0.3504
1.4358e-15 0.3685
2.9829e-15 0.2760
5.8212e-15 0.1844
1.3293e-14 0.1585
6.8807e-13 0.0229
4.5326e-12 0.0098
6.7381e-13 0.0233
0.0000e+00 1.0000
5.6983e-16 0.2812
2.7612e-15 0.3997
2.5444e-15 0.2792
2.6363e-15 0.2240
6.3423e-15 0.1533
1.1060e-14 0.1634
1.3644e-14 0.1204
8.7178e-15 0.1227
0.0000e+00 1.0000
2.8624e-16 0.4204
0.0000e+00 1.0000
2.1007e-16 0.4176
2.9531e-16 0.4724
5.8558e-16 0.3320
5.1687e-16 0.4729
7.3291e-16 0.3125
7.7665e-16 0.3232
0.0000e+00 1.0000
0.0000e+00 1.0000
2.2694e-16 0.4245
0.0000e+00 1.0000
0.0000e+00 1.0000
1.5590e-15 0.3313
2.8734e-15 0.3683
0.0000e+00 1.0000
9.7737e-16 0.3837
0.0000e+00 1.0000
5.8805e-16 0.3915
6.7293e-16 0.3890
1.1105e-15 0.3695
2.1059e-15 0.3605
2.4322e-15 0.2728
1.1744e-15 0.2381
3.2851e-15 0.3099
2.4621e-15 0.3894
0.0000e+00 1.0000
0.0000e+00 1.0000
8.8547e-16 0.3669
1.5772e-15 0.3808
1.8075e-15 0.2529
5.3984e-15 0.2621
4.4698e-15 0.2376
4.2920e-15 0.2120
4.2071e-15 0.1893
4.3036e-16 0.4783
6.8344e-16 0.3290
1.2344e-15 0.2669
1.6276e-15 0.2769
2.8945e-15 0.1965
5.6926e-15 0.1464
1.2449e-14 0.1437
1.2649e-14 0.1238
9.3415e-15 0.1367
7.2994e-16 0.4774
0.0000e+00 1.0000
2.2898e-15 0.2873
2.1960e-15 0.2445
4.5279e-15 0.2033
1.0908e-14 0.1593
2.8154e-14 0.0977
4.5469e-14 0.0753
2.4590e-14 0.0989
1.2137e-15 0.4432
5.8745e-16 0.2860
1.2026e-15 0.3139
2.1063e-15 0.2499
5.8721e-15 0.1693
1.4612e-14 0.1450
4.3438e-14 0.0727
1.8047e-13 0.0392
4.3811e-14 0.0823
2.7213e-16 0.3635
9.0335e-16 0.3092
1.4089e-15 0.3393
1.1558e-15 0.2437
5.5028e-15 0.2114
8.7934e-15 0.1491
3.0854e-14 0.0944
4.9737e-14 0.0737
2.7967e-14 0.1024
0.0000e+00 1.0000
2.3591e-15 0.4425
1.8402e-15 0.4128
3.0370e-15 0.2760
1.9538e-15 0.2577
7.3408e-15 0.1986
9.8843e-15 0.1573
1.2560e-14 0.1188
8.4248e-15 0.1618
0.0000e+00 1.0000
0.0000e+00 1.0000
2.0844e-16 0.4603
2.8769e-16 0.3742
0.0000e+00 1.0000
1.1481e-15 0.3891
9.3104e-16 0.3582
0.0000e+00 1.0000
5.7151e-16 0.2792
4.8670e-16 0.4949
4.4670e-16 0.3883
0.0000e+00 1.0000
4.5107e-16 0.3289
0.0000e+00 1.0000
9.4822e-16 0.3523
8.3234e-16 0.3312
1.1105e-15 0.3056
1.2080e-15 0.3221
3.6427e-16 0.3738
2.4486e-16 0.4365
3.5590e-16 0.3097
9.9040e-16 0.2900
2.4340e-15 0.3119
1.7884e-15 0.2525
1.8301e-15 0.1944
1.8232e-15 0.2347
1.6865e-15 0.2635
0.0000e+00 1.0000
3.8242e-16 0.4356
7.0064e-16 0.3868
1.2519e-15 0.3129
4.0659e-15 0.2949
3.7872e-15 0.1842
4.7131e-15 0.2427
4.6807e-15 0.1968
3.2635e-15 0.1833
3.7661e-16 0.4571
7.3034e-16 0.2843
1.1627e-15 0.2831
1.5845e-15 0.2712
2.7987e-15 0.2138
7.3648e-15 0.1757
1.2088e-14 0.1581
1.2477e-14 0.1296
8.3228e-15 0.1348
4.4238e-16 0.4028
1.2879e-15 0.3208
1.9407e-15 0.2936
2.1769e-15 0.2302
4.2940e-15 0.1981
9.3593e-15 0.1444
2.1966e-14 0.1168
3.3946e-14 0.0960
2.1563e-14 0.0962
3.1518e-16 0.4277
7.1458e-16 0.2989
2.1032e-15 0.4335
3.3965e-15 0.1897
4.7361e-15 0.1715
1.1575e-14 0.1526
2.8998e-14 0.0860
5.6503e-14 0.0708
3.1742e-14 0.1052
0.0000e+00 1.0000
8.5830e-16 0.3869
1.0589e-15 0.2855
3.3756e-15 0.3178
4.3821e-15 0.1890
1.0176e-14 0.1632
2.5596e-14 0.1099
3.1334e-14 0.1073
2.6825e-14 0.1146
1.7137e-15 0.4233
1.5213e-15 0.3857
2.4948e-15 0.4653
2.0134e-15 0.3409
2.6162e-15 0.2158
6.4640e-15 0.1893
1.0932e-14 0.1716
1.4130e-14 0.1280
9.9856e-15 0.1384
7.8714e-16 0.3921
7.0181e-16 0.4878
4.0414e-16 0.3753
5.7454e-16 0.3644
4.8982e-16 0.3576
6.7250e-16 0.3138
4.1060e-16 0.3953
8.1734e-16 0.4559
8.6714e-16 0.3745
0.0000e+00 1.0000
2.0033e-16 0.4997
1.0280e-15 0.4176
8.3607e-16 0.4488
7.5807e-16 0.4433
5.5172e-16 0.2872
1.3508e-15 0.3749
8.9071e-16 0.3063
8.3577e-16 0.2879
0.0000e+00 1.0000
5.8015e-16 0.3823
6.7577e-16 0.2971
1.2205e-15 0.3187
2.9133e-15 0.2913
1.3709e-15 0.2208
1.8725e-15 0.2097
2.1326e-15 0.2197
2.0350e-15 0.2310
3.4114e-16 0.3948
5.8953e-16 0.4632
8.3813e-16 0.2553
1.1125e-15 0.2141
3.3953e-15 0.2870
2.7141e-15 0.2362
4.8803e-15 0.2303
4.6325e-15 0.1880
3.4168e-15 0.2128
5.1185e-16 0.3420
1.3936e-15 0.3910
1.4493e-15 0.3349
1.5540e-15 0.3085
2.2396e-15 0.1864
4.5315e-15 0.1575
1.0238e-14 0.1597
1.2905e-14 0.1494
9.5474e-15 0.1677
5.9130e-16 0.4235
1.6257e-15 0.3932
1.7080e-15 0.2873
2.4826e-15 0.2163
5.2004e-15 0.2219
1.2107e-14 0.1854
1.6202e-14 0.1130
2.4668e-14 0.1046
2.2157e-14 0.1050
2.7094e-16 0.3636
1.6940e-15 0.3645
1.8097e-15 0.2447
3.2736e-15 0.2731
5.1664e-15 0.2492
1.2358e-14 0.1602
2.2967e-14 0.0998
4.6739e-14 0.0806
2.5651e-14 0.0925
7.7711e-16 0.3284
7.4559e-16 0.3233
9.7448e-16 0.2620
4.2285e-15 0.2639
3.7761e-15 0.2219
1.0381e-14 0.1465
2.2021e-14 0.1081
2.2489e-14 0.0992
1.8033e-14 0.1075
6.1082e-16 0.4107
1.2173e-15 0.4159
1.2359e-15 0.4507
1.8711e-15 0.2753
4.4880e-15 0.2783
5.0648e-15 0.1788
8.6320e-15 0.1378
1.1937e-14 0.1768
8.4967e-15 0.1559
1.4643e-16 0.4179
8.3536e-16 0.3580
1.3199e-15 0.4342
0.0000e+00 1.0000
5.6279e-16 0.4083
2.5962e-16 0.3771
6.5939e-16 0.3496
5.1138e-16 0.4047
9.0899e-16 0.4271
8.1655e-17 0.4090
1.6664e-16 0.4595
3.9655e-16 0.4469
1.6845e-15 0.3929
0.0000e+00 1.0000
9.1687e-16 0.3170
8.4665e-16 0.3649
1.1537e-15 0.2909
9.6230e-16 0.2988
0.0000e+00 1.0000
6.2445e-16 0.3910
7.9044e-16 0.3493
6.6935e-16 0.3385
1.8226e-15 0.3596
1.6817e-15 0.2990
1.6562e-15 0.2745
3.3632e-15 0.2066
2.1670e-15 0.3527
7.2424e-16 0.3248
9.5798e-16 0.3716
1.1139e-15 0.4165
1.1632e-15 0.2428
1.7551e-15 0.2118
1.5072e-15 0.2670
4.8480e-15 0.2212
5.2418e-15 0.2070
6.2087e-15 0.2523
5.9366e-16 0.4428
9.7346e-16 0.2930
2.1602e-15 0.3269
8.0222e-16 0.2342
2.2924e-15 0.2311
6.4010e-15 0.1676
1.0244e-14 0.1834
8.8252e-15 0.1389
5.7150e-15 0.1396
1.0766e-15 0.4804
1.1458e-15 0.4016
1.2557e-15 0.3321
2.2684e-15 0.2217
2.9253e-15 0.1874
9.3648e-15 0.1763
1.6220e-14 0.1300
2.4028e-14 0.1165
1.9296e-14 0.1341
3.2767e-16 0.3955
1.2368e-15 0.2523
1.8061e-15 0.2292
1.9173e-15 0.3038
7.3269e-15 0.2523
1.1127e-14 0.1437
2.1391e-14 0.1211
3.7319e-14 0.0924
2.2934e-14 0.1069
3.0269e-16 0.3686
9.1187e-16 0.3716
2.8389e-15 0.3611
2.1104e-15 0.3394
3.8797e-15 0.2183
9.0457e-15 0.1358
1.9074e-14 0.1314
2.3255e-14 0.1216
1.9381e-14 0.1278
0.0000e+00 1.0000
1.4272e-15 0.4138
6.4966e-16 0.2469
3.0891e-15 0.3106
3.4822e-15 0.2121
7.5730e-15 0.1878
1.0174e-14 0.1531
1.0817e-14 0.1407
8.6896e-15 0.1522
0.0000e+00 1.0000
2.1887e-16 0.4025
4.2466e-16 0.3966
4.7179e-16 0.4301
3.4737e-16 0.3215
3.6225e-16 0.4417
3.5875e-16 0.2890
5.8893e-16 0.3667
4.7979e-16 0.3592
0.0000e+00 1.0000
5.7558e-16 0.3582
3.8728e-16 0.3421
2.1040e-15 0.3508
5.6256e-16 0.3345
0.0000e+00 1.0000
7.8062e-16 0.2858
1.4771e-15 0.3010
1.2198e-15 0.3343
0.0000e+00 1.0000
2.3107e-16 0.4265
2.3482e-16 0.3711
1.6604e-15 0.3485
8.5855e-16 0.3676
2.0436e-15 0.3644
1.7585e-15 0.2165
3.7938e-15 0.3365
2.9471e-15 0.2981
1.1594e-15 0.3928
1.1449e-15 0.3247
7.1487e-16 0.2789
1.1897e-15 0.2914
1.4177e-15 0.4955
3.3452e-15 0.2525
5.9393e-15 0.2089
4.2844e-15 0.2143
3.2950e-15 0.2186
4.3492e-16 0.4300
5.5343e-16 0.3539
1.0242e-15 0.3261
1.6195e-15 0.3256
2.8637e-15 0.2649
5.0464e-15 0.1954
9.2162e-15 0.1764
1.2610e-14 0.1537
7.0708e-15 0.1664
0.0000e+00 1.0000
1.0742e-15 0.3373
9.7268e-16 0.2934
2.1662e-15 0.2699
2.9210e-15 0.2507
6.0973e-15 0.1425
1.2498e-14 0.1419
1.8755e-14 0.1307
1.5073e-14 0.1260
3.1809e-16 0.4810
9.0241e-16 0.3096
1.5464e-15 0.3102
2.7224e-15 0.2601
5.6397e-15 0.2650
1.0087e-14 0.1476
1.6740e-14 0.1268
2.9544e-14 0.0978
1.8882e-14 0.1224
5.1807e-16 0.3643
1.5029e-15 0.2713
2.5220e-15 0.3255
1.6698e-15 0.2948
4.2172e-15 0.1873
8.4915e-15 0.1393
1.2483e-14 0.1309
1.9426e-14 0.1168
1.4411e-14 0.1435
0.0000e+00 1.0000
5.1848e-16 0.3386
1.8894e-15 0.3608
2.6017e-15 0.2817
2.5279e-15 0.2413
6.6243e-15 0.2247
8.8484e-15 0.1527
1.4817e-14 0.1616
8.2719e-15 0.1805
4.4464e-16 0.4249
3.9532e-16 0.4202
0.0000e+00 1.0000
1.4743e-15 0.3938
0.0000e+00 1.0000
2.2579e-16 0.3224
6.8480e-16 0.3005
5.1921e-16 0.3400
0.0000e+00 1.0000
4.8367e-16 0.4919
2.0591e-16 0.4062
0.0000e+00 1.0000
3.7597e-16 0.4616
0.0000e+00 1.0000
2.2240e-15 0.4214
0.0000e+00 1.0000
3.2968e-15 0.3063
1.8736e-15 0.4394
2.6825e-16 0.4301
2.0849e-16 0.3106
0.0000e+00 1.0000
1.5124e-15 0.4899
9.7532e-16 0.3396
1.5178e-15 0.2206
2.4301e-15 0.3526
1.3700e-15 0.2827
2.5397e-15 0.3858
1.0535e-15 0.4009
9.0420e-16 0.3627
5.6892e-16 0.2477
2.1348e-15 0.3378
1.9112e-15 0.2344
3.1199e-15 0.2670
6.1615e-15 0.2580
3.6918e-15 0.2399
4.1795e-15 0.2388
0.0000e+00 1.0000
4.2618e-16 0.2765
8.8825e-16 0.3906
2.4137e-15 0.3430
3.2608e-15 0.2317
5.7654e-15 0.2058
5.4578e-15 0.1676
1.0374e-14 0.1508
7.7074e-15 0.1527
7.0704e-16 0.4225
1.1663e-15 0.3465
1.0408e-15 0.2902
2.3826e-15 0.2665
4.6993e-15 0.1952
7.7671e-15 0.1549
9.8668e-15 0.1427
1.6278e-14 0.1290
1.1677e-14 0.1291
5.6911e-16 0.2971
9.9061e-16 0.2844
1.6218e-15 0.2458
4.4980e-15 0.2883
4.7678e-15 0.2396
8.0155e-15 0.1414
1.4504e-14 0.1245
2.7405e-14 0.1100
1.8687e-14 0.1205
1.2141e-15 0.4035
1.3567e-15 0.2854
8.0034e-16 0.2827
2.3253e-15 0.3254
3.3884e-15 0.2172
1.0903e-14 0.1787
1.2802e-14 0.1310
1.7252e-14 0.1189
1.4673e-14 0.1489
8.3013e-16 0.4689
1.4224e-15 0.3894
2.3198e-15 0.4993
2.6712e-15 0.3165
3.5526e-15 0.2226
7.4295e-15 0.2070
4.9467e-15 0.1747
1.1504e-14 0.1907
5.3046e-15 0.2157
3.8502e-16 0.4557
4.0097e-16 0.3396
6.3515e-16 0.3916
0.0000e+00 1.0000
6.1377e-16 0.2743
1.0118e-15 0.4809
5.9285e-16 0.3820
1.1006e-15 0.2763
5.6728e-16 0.3482
0.0000e+00 1.0000
0.0000e+00 1.0000
7.6044e-16 0.3889
1.1910e-15 0.3870
4.5875e-16 0.3150
1.4030e-15 0.3323
1.2398e-15 0.3192
1.4049e-15 0.3217
8.5397e-16 0.3486
2.5035e-16 0.3704
4.3668e-16 0.3893
5.5327e-16 0.3627
8.5729e-16 0.2923
1.5046e-15 0.3459
2.4178e-15 0.3645
2.8855e-15 0.2618
1.9139e-15 0.2660
2.2397e-15 0.3596
1.0801e-15 0.3987
8.3403e-16 0.3606
5.7244e-16 0.3103
1.0342e-15 0.2744
3.1490e-15 0.2614
3.8473e-15 0.2412
3.8590e-15 0.2593
4.4934e-15 0.2833
4.0776e-15 0.2818
0.0000e+00 1.0000
5.9185e-16 0.3276
1.4677e-15 0.3114
1.7886e-15 0.3067
2.9997e-15 0.3253
5.2261e-15 0.2093
4.6916e-15 0.2200
7.0517e-15 0.1661
8.1048e-15 0.1614
5.2574e-16 0.4180
7.7688e-16 0.2300
1.5596e-15 0.4083
3.8037e-15 0.3053
2.8439e-15 0.1700
5.7994e-15 0.1642
1.0835e-14 0.1430
1.5382e-14 0.1650
1.1202e-14 0.1600
9.8723e-16 0.3387
2.2522e-15 0.3233
1.5751e-15 0.3837
4.5533e-15 0.3061
4.3519e-15 0.2809
8.0323e-15 0.2033
1.2697e-14 0.1502
2.2350e-14 0.1274
1.5611e-14 0.1429
1.1060e-15 0.3435
2.0828e-15 0.3766
9.6547e-16 0.4000
2.8822e-15 0.2637
4.0562e-15 0.2417
7.2086e-15 0.2133
9.2743e-15 0.1397
1.6530e-14 0.1621
1.5030e-14 0.1663
5.0478e-16 0.3118
2.2056e-15 0.3130
1.4337e-15 0.4306
1.9372e-15 0.2686
4.8039e-15 0.2810
7.0394e-15 0.1857
5.0816e-15 0.1778
8.6127e-15 0.1525
6.1108e-15 0.1865
0.0000e+00 1.0000
5.3253e-16 0.4044
1.3012e-15 0.4549
4.2669e-16 0.3976
3.6180e-16 0.3270
7.2044e-16 0.3960
0.0000e+00 1.0000
1.3480e-15 0.4033
7.8073e-16 0.2880
0.0000e+00 1.0000
0.0000e+00 1.0000
8.2471e-16 0.3904
6.1328e-16 0.3814
0.0000e+00 1.0000
0.0000e+00 1.0000
2.0171e-15 0.3228
1.9480e-15 0.3208
9.1145e-16 0.2467
0.0000e+00 1.0000
2.4400e-16 0.4452
3.6177e-16 0.3943
6.4608e-16 0.3064
1.5903e-15 0.3390
1.6988e-15 0.4283
2.8721e-15 0.2969
2.6005e-15 0.2540
1.7026e-15 0.2477
4.1673e-16 0.3882
6.0849e-16 0.4373
8.3040e-16 0.4334
0.0000e+00 1.0000
1.9781e-15 0.3047
2.7420e-15 0.2207
4.3224e-15 0.2474
4.3987e-15 0.3496
4.4036e-15 0.2709
4.9976e-16 0.3361
4.6997e-16 0.3299
1.5015e-15 0.4883
1.8922e-15 0.3348
4.0940e-15 0.2613
2.7060e-15 0.1788
5.6925e-15 0.2005
7.7573e-15 0.1889
6.2809e-15 0.1998
2.8666e-16 0.3825
8.2018e-16 0.3164
1.4628e-15 0.3983
3.0116e-15 0.3067
5.7386e-15 0.2911
8.4655e-15 0.2180
1.0276e-14 0.1681
1.1986e-14 0.1494
9.1869e-15 0.1735
1.1121e-15 0.3696
6.2506e-16 0.3158
1.4766e-15 0.3551
1.9510e-15 0.2759
4.0260e-15 0.2832
4.5372e-15 0.1405
9.9114e-15 0.1833
1.6848e-14 0.1288
1.2614e-14 0.1669
1.3652e-15 0.4947
1.3016e-15 0.4527
6.3200e-16 0.2964
2.8469e-15 0.2921
5.1702e-15 0.2033
6.7243e-15 0.1835
1.0925e-14 0.1741
1.6121e-14 0.1499
1.0119e-14 0.1937
1.8784e-15 0.4304
1.5396e-15 0.4225
6.6120e-16 0.3617
2.4966e-15 0.3212
1.8769e-15 0.1909
5.0808e-15 0.1877
5.8685e-15 0.1703
8.1820e-15 0.1747
6.5361e-15 0.2111
2.8769e-16 0.4313
0.0000e+00 1.0000
6.6257e-16 0.4782
2.5185e-16 0.4229
0.0000e+00 1.0000
4.0900e-16 0.4524
0.0000e+00 1.0000
1.0014e-15 0.2980
2.1128e-15 0.3457
0.0000e+00 1.0000
5.9722e-16 0.3711
8.0683e-16 0.4130
4.8559e-16 0.3098
1.5920e-15 0.4092
0.0000e+00 1.0000
1.6073e-15 0.3320
2.3266e-15 0.3470
1.5377e-15 0.4279
2.0325e-16 0.3849
4.1902e-16 0.3878
5.5115e-16 0.3305
7.7001e-16 0.2728
1.3690e-15 0.3823
1.7775e-15 0.3250
3.6191e-15 0.2303
1.6568e-15 0.2270
1.6927e-15 0.3435
2.9738e-16 0.4331
7.4277e-16 0.4671
0.0000e+00 1.0000
1.3355e-15 0.3255
1.7845e-15 0.3682
3.2228e-15 0.2663
3.8422e-15 0.2368
5.7556e-15 0.2197
2.9826e-15 0.2493
4.8454e-16 0.3951
1.2875e-15 0.3919
1.0011e-15 0.3032
2.6553e-15 0.3733
2.0083e-15 0.2455
3.7121e-15 0.2988
6.3244e-15 0.2116
9.0470e-15 0.2342
6.0267e-15 0.2150
5.5688e-16 0.3742
7.7182e-16 0.2608
1.4744e-15 0.4185
2.7025e-15 0.3773
3.7937e-15 0.2357
6.9588e-15 0.2214
7.3739e-15 0.1783
1.2046e-14 0.1484
1.0618e-14 0.1594
1.0687e-15 0.3822
9.7436e-16 0.3760
1.8915e-15 0.3456
2.6456e-15 0.3125
4.7803e-15 0.2467
6.6770e-15 0.2353
1.2141e-14 0.1913
1.7338e-14 0.1244
1.0071e-14 0.1513
9.2031e-16 0.3891
4.6316e-16 0.2842
1.6120e-15 0.4257
2.6525e-15 0.2940
3.9392e-15 0.2265
6.1705e-15 0.1944
7.3647e-15 0.1872
9.6371e-15 0.1296
6.7756e-15 0.1657
1.5440e-15 0.4006
4.0557e-16 0.3038
7.2347e-16 0.2678
2.2432e-15 0.4629
2.4472e-15 0.2983
4.6097e-15 0.2212
4.4359e-15 0.2181
6.5719e-15 0.2078
4.7888e-15 0.1877
0.0000e+00 1.0000
0.0000e+00 1.0000
0.0000e+00 1.0000
2.6918e-16 0.4771
0.0000e+00 1.0000
6.9934e-16 0.3908
1.1013e-15 0.4430
7.6368e-16 0.4157
1.1603e-15 0.3622
0.0000e+00 1.0000
5.5765e-16 0.4010
4.6787e-16 0.3799
1.0095e-15 0.3239
5.6067e-16 0.3124
1.3310e-15 0.4002
1.5535e-15 0.2987
1.5124e-15 0.3929
1.3349e-15 0.3765
3.1245e-16 0.3948
6.6719e-16 0.3187
1.2830e-15 0.3958
9.6659e-16 0.3100
8.8512e-16 0.4030
2.0826e-15 0.3321
2.1717e-15 0.2901
2.9490e-15 0.2610
1.8143e-15 0.2322
4.6267e-16 0.4778
0.0000e+00 1.0000
6.9714e-16 0.3180
1.1360e-15 0.2745
2.1139e-15 0.3083
2.3252e-15 0.4207
4.2361e-15 0.2035
4.4203e-15 0.2504
2.6883e-15 0.2598
5.5810e-16 0.3809
3.9318e-16 0.3634
1.3614e-15 0.4737
1.4343e-15 0.2693
4.0989e-15 0.3218
3.7084e-15 0.1945
7.4885e-15 0.2663
5.7068e-15 0.2221
4.8635e-15 0.2293
5.6920e-16 0.3814
6.4504e-16 0.4386
2.5875e-15 0.3538
1.6704e-15 0.2575
4.0709e-15 0.2502
4.2265e-15 0.2389
6.4358e-15 0.1966
9.8086e-15 0.1600
8.0824e-15 0.2155
3.6081e-16 0.2981
0.0000e+00 1.0000
2.2643e-15 0.3126
2.5533e-15 0.3927
4.5595e-15 0.2645
4.7662e-15 0.1593
8.4739e-15 0.1916
1.8208e-14 0.1431
1.1939e-14 0.1733
0.0000e+00 1.0000
1.5921e-15 0.4302
1.0738e-15 0.3083
2.7397e-15 0.2590
3.2735e-15 0.2295
6.0496e-15 0.2214
8.6484e-15 0.2124
9.3458e-15 0.1631
8.1270e-15 0.2282
5.7057e-16 0.4384
3.3867e-16 0.4278
9.4830e-16 0.2377
1.4499e-15 0.2722
3.1629e-15 0.4133
4.1845e-15 0.2137
5.3141e-15 0.2396
7.8496e-15 0.2045
7.0393e-15 0.2130
0.0000e+00 1.0000
4.4155e-16 0.4267
1.9445e-16 0.4479
3.2517e-16 0.4083
3.5314e-16 0.4372
1.9023e-15 0.4849
7.0318e-16 0.2973
0.0000e+00 1.0000
1.0126e-15 0.3288
3.0392e-16 0.4996
9.2971e-16 0.4342
5.4943e-16 0.4971
4.6546e-16 0.3151
0.0000e+00 1.0000
1.2106e-15 0.4452
0.0000e+00 1.0000
1.8334e-15 0.3071
7.2705e-16 0.4268
3.9593e-16 0.4465
9.9786e-16 0.3573
7.4623e-16 0.3410
1.8384e-15 0.3676
0.0000e+00 1.0000
2.3278e-15 0.3063
3.0954e-15 0.3150
2.3415e-15 0.2615
2.5439e-15 0.2825
5.1384e-16 0.3315
6.6400e-16 0.4469
7.9811e-16 0.2986
2.4555e-15 0.3534
2.3438e-15 0.3301
3.1495e-15 0.3656
3.1131e-15 0.2406
4.0562e-15 0.2237
3.1931e-15 0.2959
4.5672e-16 0.4436
0.0000e+00 1.0000
1.5625e-15 0.3619
1.6996e-15 0.3121
2.7754e-15 0.1769
3.1297e-15 0.2419
4.4976e-15 0.2237
7.7689e-15 0.2259
6.2640e-15 0.2040
1.2599e-16 0.4690
1.0480e-15 0.3309
2.7263e-15 0.2991
1.6071e-15 0.2746
3.9842e-15 0.2903
4.4439e-15 0.2299
6.5860e-15 0.2281
1.1059e-14 0.1660
7.2471e-15 0.2112
2.8662e-16 0.3683
1.2055e-15 0.2945
1.3041e-15 0.4445
3.0168e-15 0.3136
2.8874e-15 0.2635
6.0365e-15 0.2188
1.2270e-14 0.1841
1.2828e-14 0.1501
7.8724e-15 0.1697
1.4077e-15 0.2975
3.6734e-16 0.3438
1.3761e-15 0.3301
1.6002e-15 0.3134
2.9249e-15 0.2516
5.9331e-15 0.1980
6.2142e-15 0.2113
8.2793e-15 0.1599
5.7239e-15 0.1882
4.5061e-16 0.4971
4.6439e-16 0.3514
9.3036e-16 0.3831
2.1784e-15 0.3455
3.7455e-15 0.2288
4.7352e-15 0.2511
4.3316e-15 0.2589
5.8930e-15 0.2200
4.3863e-15 0.1970
0.0000e+00 1.0000
3.7673e-16 0.4633
0.0000e+00 1.0000
7.1005e-16 0.4733
0.0000e+00 1.0000
4.6425e-16 0.3433
5.0400e-16 0.3840
1.3623e-15 0.3692
7.0539e-16 0.4164
0.0000e+00 1.0000
0.0000e+00 1.0000
3.2183e-16 0.3658
0.0000e+00 1.0000
1.2606e-15 0.3454
1.1601e-15 0.4189
1.4180e-15 0.2983
1.6121e-15 0.4004
8.0042e-16 0.4127
0.0000e+00 1.0000
6.4308e-16 0.3818
0.0000e+00 1.0000
2.6857e-15 0.4760
0.0000e+00 1.0000
1.6502e-15 0.3002
1.4338e-15 0.3241
2.5475e-15 0.2707
1.2105e-15 0.3179
0.0000e+00 1.0000
7.5270e-16 0.4546
8.5517e-16 0.3443
2.3236e-15 0.2956
2.4428e-15 0.4131
1.6916e-15 0.2899
4.4911e-15 0.3451
3.3144e-15 0.2731
1.2355e-15 0.2109
0.0000e+00 1.0000
5.0797e-16 0.4493
6.2075e-16 0.4380
1.4663e-15 0.2949
2.8708e-15 0.2446
4.3609e-15 0.2155
3.9867e-15 0.2362
5.4675e-15 0.2377
3.5564e-15 0.2597
3.1513e-16 0.4374
1.2917e-15 0.3588
1.2060e-15 0.3446
3.6017e-15 0.3328
2.3638e-15 0.2533
3.5401e-15 0.2430
6.5682e-15 0.2059
8.5357e-15 0.1813
5.8872e-15 0.2444
0.0000e+00 1.0000
9.2866e-16 0.4695
0.0000e+00 1.0000
2.5529e-15 0.3191
4.6705e-15 0.2262
4.8162e-15 0.2312
6.1735e-15 0.2047
1.6530e-14 0.1525
8.3702e-15 0.1843
8.4308e-16 0.3796
0.0000e+00 1.0000
2.2006e-15 0.4530
2.3189e-15 0.3242
4.6788e-15 0.2223
3.4328e-15 0.1807
3.9370e-15 0.2426
6.5754e-15 0.1835
5.8126e-15 0.2152
0.0000e+00 1.0000
5.7673e-16 0.3594
0.0000e+00 1.0000
1.2681e-15 0.3073
4.7195e-15 0.3000
4.5834e-15 0.2137
5.6048e-15 0.2804
5.6371e-15 0.2528
5.0175e-15 0.2970
0.0000e+00 1.0000
0.0000e+00 1.0000
3.8710e-16 0.4511
2.7073e-16 0.4844
1.8920e-16 0.4220
7.7658e-16 0.3664
6.1305e-16 0.3560
1.6466e-15 0.3987
0.0000e+00 1.0000
3.2728e-16 0.3994
0.0000e+00 1.0000
6.1861e-16 0.4635
4.3335e-16 0.4394
1.9627e-15 0.2980
8.6289e-16 0.3691
7.1864e-16 0.3072
0.0000e+00 1.0000
1.6871e-15 0.3935
7.2062e-16 0.4547
0.0000e+00 1.0000
0.0000e+00 1.0000
8.7492e-16 0.4390
1.7380e-15 0.4823
1.7820e-15 0.3148
2.9581e-15 0.2850
1.9599e-15 0.3934
1.6255e-15 0.2757
0.0000e+00 1.0000
9.3359e-16 0.4794
1.1105e-15 0.3894
1.4450e-15 0.2792
0.0000e+00 1.0000
1.5044e-15 0.3127
3.8573e-15 0.2520
3.9581e-15 0.2668
3.3189e-15 0.2551
5.4087e-16 0.4316
9.2364e-16 0.4632
5.7849e-16 0.3651
1.6164e-15 0.3405
2.6811e-15 0.1880
3.4871e-15 0.2681
2.8311e-15 0.2499
4.7664e-15 0.2797
4.5529e-15 0.2261
0.0000e+00 1.0000
1.9078e-15 0.4456
1.5596e-15 0.2905
2.1523e-15 0.3302
2.0692e-15 0.2256
2.7846e-15 0.2325
5.2032e-15 0.2201
8.5804e-15 0.1868
5.2647e-15 0.1901
1.0753e-15 0.4483
5.3437e-16 0.3415
1.9789e-15 0.4473
1.5410e-15 0.3530
2.5576e-15 0.2220
4.3168e-15 0.2383
8.7755e-15 0.2222
1.1651e-14 0.2023
7.6380e-15 0.2071
0.0000e+00 1.0000
8.0712e-16 0.3076
2.7625e-15 0.2815
2.2159e-15 0.2996
2.7804e-15 0.2373
3.7057e-15 0.2687
5.1452e-15 0.2229
8.2362e-15 0.2041
4.8119e-15 0.2128
2.9831e-16 0.3469
2.1282e-16 0.4173
1.6966e-15 0.3516
8.3773e-16 0.2976
3.2100e-15 0.2546
3.2144e-15 0.2301
3.1514e-15 0.3338
4.0694e-15 0.2068
4.0969e-15 0.2651
0.0000e+00 1.0000
0.0000e+00 1.0000
0.0000e+00 1.0000
0.0000e+00 1.0000
1.4476e-15 0.4693
1.2628e-15 0.4712
5.7782e-16 0.4470
7.4185e-16 0.3404
0.0000e+00 1.0000
9.1058e-16 0.4837
2.2963e-16 0.4209
0.0000e+00 1.0000
0.0000e+00 1.0000
7.8034e-16 0.3521
1.5309e-15 0.3291
1.5793e-15 0.4474
1.1941e-15 0.3195
1.4569e-15 0.4083
0.0000e+00 1.0000
8.0723e-16 0.4084
1.2060e-15 0.4877
1.7075e-15 0.4196
1.5833e-15 0.4901
3.0750e-15 0.3146
1.8139e-15 0.3283
2.4990e-15 0.3938
1.8805e-15 0.2751
0.0000e+00 1.0000
8.9007e-16 0.3399
0.0000e+00 1.0000
2.3302e-15 0.4096
1.4883e-15 0.2645
1.4928e-15 0.3277
4.4224e-15 0.2915
4.3068e-15 0.2411
3.4187e-15 0.2709
1.8545e-16 0.4599
7.0570e-16 0.4490
5.5272e-16 0.4038
1.4784e-15 0.3545
2.8848e-15 0.3105
4.2678e-15 0.2875
2.7498e-15 0.3902
3.3117e-15 0.2862
6.1679e-15 0.2807
3.6815e-16 0.3812
1.8469e-15 0.4049
1.5969e-15 0.2767
3.3702e-15 0.3776
1.6312e-15 0.1974
2.3137e-15 0.2417
5.9176e-15 0.2455
8.2317e-15 0.1910
5.8912e-15 0.2110
0.0000e+00 1.0000
3.6599e-16 0.3130
1.4310e-15 0.4770
2.8270e-15 0.3313
1.9168e-15 0.2951
5.1298e-15 0.2320
5.2022e-15 0.2232
1.0038e-14 0.1607
6.6033e-15 0.2371
0.0000e+00 1.0000
1.7504e-15 0.4665
2.4951e-15 0.3394
2.0091e-15 0.3613
2.8414e-15 0.2108
2.6192e-15 0.2643
4.9776e-15 0.2743
4.7052e-15 0.2053
4.4608e-15 0.2772
2.8299e-16 0.3306
5.5993e-16 0.4444
8.5863e-16 0.3227
1.7898e-15 0.3549
3.2914e-15 0.3028
3.0706e-15 0.2471
4.8318e-15 0.2783
4.3280e-15 0.2511
2.3827e-15 0.2759
