     9      9     21
d_kernel   u_kernel

1.1833e-15 0.3028
5.9937e-15 0.3231
2.5633e-14 0.1766
6.8931e-14 0.1032
9.4293e-14 0.0916
6.7135e-14 0.1112
2.9172e-14 0.1657
6.6705e-15 0.3042
1.4739e-15 0.3513
6.8616e-15 0.2853
4.2683e-14 0.1248
1.4568e-13 0.0708
2.4180e-13 0.0557
3.1211e-13 0.0491
2.6440e-13 0.0544
1.4365e-13 0.0729
4.4054e-14 0.1239
9.0751e-15 0.2879
3.0531e-14 0.1530
1.5942e-13 0.0724
3.6260e-13 0.0468
4.5998e-13 0.0408
5.1880e-13 0.0388
4.4792e-13 0.0416
3.6679e-13 0.0462
1.6261e-13 0.0698
2.2796e-14 0.1618
4.8966e-14 0.1200
2.7864e-13 0.0539
4.5693e-13 0.0405
6.9265e-13 0.0332
1.3793e-12 0.0224
6.9874e-13 0.0331
4.9376e-13 0.0398
2.5341e-13 0.0560
6.5151e-14 0.1137
8.7452e-14 0.0993
2.8077e-13 0.0526
4.8910e-13 0.0394
1.3862e-12 0.0224
1.1535e-09 0.0002
1.4435e-12 0.0219
4.9421e-13 0.0390
3.1188e-13 0.0503
7.9514e-14 0.1001
5.9053e-14 0.1089
2.8376e-13 0.0524
4.6623e-13 0.0401
7.0987e-13 0.0328
1.4716e-12 0.0218
7.0325e-13 0.0325
4.2746e-13 0.0416
2.6831e-13 0.0548
5.7942e-14 0.1095
2.2667e-14 0.1802
1.5392e-13 0.0703
3.5746e-13 0.0469
5.0637e-13 0.0398
4.9685e-13 0.0388
4.8420e-13 0.0403
3.5096e-13 0.0456
1.6080e-13 0.0699
3.5151e-14 0.1401
7.1049e-15 0.2989
4.5026e-14 0.1296
1.7247e-13 0.0690
2.7091e-13 0.0540
3.3491e-13 0.0489
2.5181e-13 0.0541
1.7003e-13 0.0658
4.1733e-14 0.1307
2.4161e-15 0.3727
8.7769e-16 0.2796
7.6790e-15 0.2705
2.4962e-14 0.1734
5.8222e-14 0.1140
8.6610e-14 0.0960
6.1031e-14 0.1119
2.7696e-14 0.1621
5.2681e-15 0.3277
1.2839e-15 0.4908
9.7888e-16 0.3319
4.9333e-15 0.3225
4.4989e-14 0.1192
1.1347e-13 0.0811
1.4946e-13 0.0697
1.1394e-13 0.0802
4.2127e-14 0.1294
1.1002e-14 0.2254
2.6560e-15 0.3371
7.5750e-15 0.2590
8.6173e-14 0.0894
3.0381e-13 0.0512
5.3804e-13 0.0384
6.3417e-13 0.0361
5.3847e-13 0.0386
3.1954e-13 0.0498
9.3141e-14 0.0912
1.0014e-14 0.2881
4.1130e-14 0.1269
3.1421e-13 0.0504
7.1703e-13 0.0332
9.9275e-13 0.0281
1.1107e-12 0.0263
1.0018e-12 0.0282
7.0599e-13 0.0330
3.1848e-13 0.0510
5.2339e-14 0.1184
1.2553e-13 0.0819
5.6404e-13 0.0382
9.8495e-13 0.0285
2.0348e-12 0.0198
5.3591e-12 0.0114
2.0161e-12 0.0201
9.7920e-13 0.0285
5.8266e-13 0.0375
1.2501e-13 0.0797
1.4350e-13 0.0702
6.0439e-13 0.0360
1.1191e-12 0.0266
5.4566e-12 0.0113
1.2270e-09 0.0002
5.3159e-12 0.0113
1.1571e-12 0.0263
6.6329e-13 0.0349
1.4690e-13 0.0717
1.1543e-13 0.0792
5.2693e-13 0.0390
9.6315e-13 0.0285
2.0020e-12 0.0200
5.4901e-12 0.0113
2.0604e-12 0.0198
1.0042e-12 0.0283
5.3786e-13 0.0383
1.1941e-13 0.0794
4.4159e-14 0.1251
3.0045e-13 0.0500
6.9327e-13 0.0335
9.9637e-13 0.0285
1.1525e-12 0.0263
1.0079e-12 0.0285
7.5044e-13 0.0326
3.1040e-13 0.0509
4.9553e-14 0.1269
8.8028e-15 0.2518
8.4653e-14 0.0954
3.0880e-13 0.0511
5.5942e-13 0.0381
6.7887e-13 0.0346
5.6609e-13 0.0381
3.5613e-13 0.0479
1.0255e-13 0.0901
9.5156e-15 0.2303
8.0767e-16 0.2791
1.2945e-14 0.2123
6.1052e-14 0.1111
1.2681e-13 0.0804
1.4346e-13 0.0726
1.2142e-13 0.0798
5.9724e-14 0.1123
1.0572e-14 0.2487
1.1023e-15 0.4237
2.2419e-15 0.4722
6.4350e-15 0.2632
8.0218e-14 0.0989
1.7804e-13 0.0656
2.2512e-13 0.0573
1.8911e-13 0.0649
7.4851e-14 0.1011
1.6811e-14 0.2251
1.5904e-15 0.4044
8.3147e-15 0.2488
1.3614e-13 0.0753
5.6050e-13 0.0373
1.0521e-12 0.0278
1.1552e-12 0.0261
9.8990e-13 0.0285
5.6358e-13 0.0384
1.3858e-13 0.0722
8.4650e-15 0.2327
8.5279e-14 0.0967
5.4790e-13 0.0386
1.3943e-12 0.0240
2.1100e-12 0.0195
2.4540e-12 0.0180
2.1045e-12 0.0196
1.4121e-12 0.0244
5.4503e-13 0.0380
7.0447e-14 0.1021
2.0572e-13 0.0596
1.0479e-12 0.0280
2.0512e-12 0.0198
5.4218e-12 0.0121
1.9086e-11 0.0057
5.3888e-12 0.0122
2.0492e-12 0.0200
1.0103e-12 0.0282
1.9967e-13 0.0625
2.7283e-13 0.0539
1.1695e-12 0.0262
2.3902e-12 0.0184
1.9078e-11 0.0058
1.2355e-09 0.0003
1.8996e-11 0.0058
2.4230e-12 0.0182
1.2221e-12 0.0258
2.5973e-13 0.0536
1.8744e-13 0.0627
9.9050e-13 0.0286
2.0648e-12 0.0199
5.4398e-12 0.0120
1.8970e-11 0.0058
5.5383e-12 0.0119
2.0401e-12 0.0199
1.0104e-12 0.0282
2.1032e-13 0.0613
7.6936e-14 0.0936
5.7763e-13 0.0384
1.3490e-12 0.0243
2.0944e-12 0.0197
2.4892e-12 0.0178
2.1218e-12 0.0194
1.4172e-12 0.0238
5.3159e-13 0.0388
6.5451e-14 0.1042
1.0115e-14 0.2211
1.4655e-13 0.0756
5.2964e-13 0.0391
1.0483e-12 0.0279
1.2524e-12 0.0255
1.0064e-12 0.0282
5.6419e-13 0.0379
1.2965e-13 0.0779
1.1787e-14 0.2640
2.3242e-15 0.4648
1.4939e-14 0.2283
7.7339e-14 0.0987
2.1083e-13 0.0624
2.5165e-13 0.0566
1.9279e-13 0.0623
8.1520e-14 0.0943
1.3252e-14 0.2058
8.7719e-16 0.2400
2.2812e-15 0.4378
1.2323e-14 0.2236
8.6587e-14 0.0872
2.8036e-13 0.0522
3.9725e-13 0.0443
2.9150e-13 0.0518
9.1190e-14 0.0855
1.6549e-14 0.2020
1.9174e-15 0.3219
1.0760e-14 0.2432
2.1412e-13 0.0616
9.0312e-13 0.0300
1.7568e-12 0.0217
2.1027e-12 0.0197
1.7565e-12 0.0218
8.8818e-13 0.0306
2.1127e-13 0.0593
1.1795e-14 0.1923
9.6516e-14 0.0883
8.8198e-13 0.0301
2.6155e-12 0.0178
4.3513e-12 0.0138
5.2989e-12 0.0124
4.4774e-12 0.0137
2.6438e-12 0.0178
9.2937e-13 0.0297
9.7289e-14 0.0853
2.9774e-13 0.0499
1.8205e-12 0.0215
4.4702e-12 0.0136
1.5478e-11 0.0070
6.1150e-11 0.0031
1.5292e-11 0.0070
4.3871e-12 0.0138
1.7804e-12 0.0215
3.0688e-13 0.0497
4.1693e-13 0.0436
2.1946e-12 0.0194
5.4508e-12 0.0122
6.1361e-11 0.0031
1.0996e-09 0.0003
6.1080e-11 0.0031
5.4736e-12 0.0123
2.2193e-12 0.0195
4.0555e-13 0.0441
2.6712e-13 0.0524
1.8018e-12 0.0217
4.3451e-12 0.0138
1.5457e-11 0.0070
6.1378e-11 0.0031
1.5189e-11 0.0070
4.3105e-12 0.0139
1.8019e-12 0.0216
2.7470e-13 0.0518
1.0400e-13 0.0817
9.1736e-13 0.0300
2.6583e-12 0.0178
4.4577e-12 0.0137
5.5562e-12 0.0121
4.4487e-12 0.0137
2.5790e-12 0.0179
9.0420e-13 0.0302
9.4930e-14 0.0858
1.2695e-14 0.2284
1.9115e-13 0.0625
9.0914e-13 0.0299
1.8674e-12 0.0211
2.2052e-12 0.0195
1.7678e-12 0.0217
9.3657e-13 0.0297
1.8438e-13 0.0632
7.4511e-15 0.2604
0.0000e+00 1.0000
1.0555e-14 0.2251
9.4918e-14 0.0864
2.7474e-13 0.0521
3.9245e-13 0.0445
2.7037e-13 0.0529
1.0930e-13 0.0825
1.0942e-14 0.2318
1.0558e-15 0.2334
1.0488e-15 0.2390
1.1162e-14 0.2028
9.6111e-14 0.0820
3.7700e-13 0.0440
5.0009e-13 0.0387
3.7236e-13 0.0440
1.1107e-13 0.0804
1.5208e-14 0.1950
1.5783e-15 0.4207
9.1155e-15 0.2330
2.7903e-13 0.0518
1.4078e-12 0.0242
2.9096e-12 0.0170
3.6582e-12 0.0151
2.9817e-12 0.0168
1.4050e-12 0.0245
2.4823e-13 0.0534
1.1936e-14 0.2070
1.1301e-13 0.0807
1.3684e-12 0.0246
4.5395e-12 0.0137
8.6404e-12 0.0098
1.1654e-11 0.0084
8.7374e-12 0.0098
4.6520e-12 0.0136
1.4387e-12 0.0242
1.1965e-13 0.0760
4.1291e-13 0.0422
3.0372e-12 0.0167
8.8021e-12 0.0098
3.6232e-11 0.0045
1.1840e-10 0.0022
3.6146e-11 0.0045
8.7526e-12 0.0098
2.9259e-12 0.0169
3.9030e-13 0.0440
5.3190e-13 0.0373
3.7609e-12 0.0150
1.1745e-11 0.0084
1.1891e-10 0.0022
8.3022e-10 0.0005
1.1844e-10 0.0022
1.1599e-11 0.0084
3.7178e-12 0.0151
5.5163e-13 0.0380
3.8100e-13 0.0449
2.9915e-12 0.0169
8.7315e-12 0.0098
3.6144e-11 0.0045
1.1903e-10 0.0022
3.6014e-11 0.0045
8.8576e-12 0.0098
2.9117e-12 0.0171
3.7707e-13 0.0448
1.2543e-13 0.0747
1.4103e-12 0.0241
4.6141e-12 0.0136
8.8863e-12 0.0098
1.1652e-11 0.0084
8.8522e-12 0.0098
4.7344e-12 0.0134
1.3386e-12 0.0248
1.1073e-13 0.0781
1.1984e-14 0.2114
2.6290e-13 0.0525
1.3996e-12 0.0243
3.0081e-12 0.0167
3.6580e-12 0.0150
2.9733e-12 0.0169
1.4042e-12 0.0241
2.2593e-13 0.0550
1.1733e-14 0.1905
1.4024e-15 0.2663
7.0247e-15 0.2334
1.2482e-13 0.0761
3.8120e-13 0.0444
5.4432e-13 0.0378
3.6466e-13 0.0444
1.3343e-13 0.0736
9.7581e-15 0.2288
1.7927e-15 0.2582
1.9443e-15 0.2670
1.0305e-14 0.1984
1.1899e-13 0.0721
4.3874e-13 0.0413
5.9816e-13 0.0354
4.3431e-13 0.0401
1.1900e-13 0.0759
1.2871e-14 0.1881
4.4560e-15 0.4146
1.0942e-14 0.2200
2.8618e-13 0.0509
1.8655e-12 0.0208
4.3629e-12 0.0139
5.5914e-12 0.0123
4.3677e-12 0.0139
1.8612e-12 0.0208
2.6500e-13 0.0514
8.8824e-15 0.2231
1.1437e-13 0.0734
1.8069e-12 0.0212
7.0966e-12 0.0110
1.5583e-11 0.0074
2.1381e-11 0.0062
1.5560e-11 0.0074
7.4149e-12 0.0108
1.7943e-12 0.0212
1.2239e-13 0.0739
4.2483e-13 0.0409
4.3468e-12 0.0139
1.5548e-11 0.0073
6.1172e-11 0.0034
1.5158e-10 0.0019
6.1307e-11 0.0034
1.5824e-11 0.0073
4.2800e-12 0.0140
3.9167e-13 0.0423
6.2266e-13 0.0342
5.7436e-12 0.0122
2.1461e-11 0.0062
1.5204e-10 0.0019
5.7086e-10 0.0007
1.5175e-10 0.0019
2.1288e-11 0.0062
5.5859e-12 0.0123
6.2793e-13 0.0344
4.2299e-13 0.0415
4.3477e-12 0.0139
1.5643e-11 0.0073
6.1299e-11 0.0034
1.5189e-10 0.0019
6.1512e-11 0.0034
1.5695e-11 0.0073
4.2922e-12 0.0139
4.0934e-13 0.0420
1.3140e-13 0.0713
1.8968e-12 0.0207
7.3574e-12 0.0108
1.5642e-11 0.0073
2.1348e-11 0.0062
1.5578e-11 0.0073
7.2071e-12 0.0109
1.7710e-12 0.0216
1.0693e-13 0.0763
1.1005e-14 0.2130
2.8334e-13 0.0488
1.8769e-12 0.0209
4.4499e-12 0.0138
5.6856e-12 0.0123
4.2278e-12 0.0140
1.7776e-12 0.0214
2.7986e-13 0.0493
1.0648e-14 0.2030
3.2949e-15 0.2405
8.0152e-15 0.2375
1.0194e-13 0.0791
4.6044e-13 0.0398
6.5289e-13 0.0337
4.2571e-13 0.0414
1.2631e-13 0.0737
1.6237e-14 0.2013
1.7763e-15 0.2706
3.8607e-15 0.3385
6.0127e-15 0.2328
9.2606e-14 0.0818
4.0767e-13 0.0411
6.0513e-13 0.0338
4.0726e-13 0.0411
8.4627e-14 0.0813
8.2368e-15 0.2110
2.4910e-15 0.3120
6.3522e-15 0.2412
2.3261e-13 0.0524
2.0331e-12 0.0196
5.5203e-12 0.0122
7.3853e-12 0.0106
5.3963e-12 0.0124
2.0494e-12 0.0195
2.3605e-13 0.0532
8.7632e-15 0.2209
9.7495e-14 0.0798
2.0350e-12 0.0197
9.8246e-12 0.0093
2.2903e-11 0.0060
3.1357e-11 0.0050
2.3002e-11 0.0060
1.0052e-11 0.0092
2.0625e-12 0.0195
1.0049e-13 0.0775
3.9989e-13 0.0412
5.4700e-12 0.0123
2.2968e-11 0.0060
7.8655e-11 0.0030
1.5354e-10 0.0019
7.8453e-11 0.0030
2.3146e-11 0.0060
5.5546e-12 0.0123
4.0481e-13 0.0404
6.3263e-13 0.0338
7.4345e-12 0.0106
3.1940e-11 0.0050
1.5411e-10 0.0019
3.8545e-10 0.0010
1.5390e-10 0.0019
3.1547e-11 0.0050
7.4455e-12 0.0106
6.3700e-13 0.0337
3.8330e-13 0.0427
5.4112e-12 0.0123
2.2893e-11 0.0060
7.8464e-11 0.0030
1.5397e-10 0.0019
7.8589e-11 0.0030
2.3192e-11 0.0060
5.5490e-12 0.0123
3.8781e-13 0.0427
9.3742e-14 0.0811
2.0997e-12 0.0194
9.8579e-12 0.0093
2.2988e-11 0.0060
3.2049e-11 0.0050
2.3023e-11 0.0060
9.7945e-12 0.0093
2.0598e-12 0.0197
9.4162e-14 0.0785
5.6393e-15 0.2592
2.5498e-13 0.0510
2.0192e-12 0.0197
5.5039e-12 0.0123
7.4555e-12 0.0106
5.5037e-12 0.0123
1.9901e-12 0.0198
2.4837e-13 0.0515
4.2612e-15 0.2434
1.6493e-15 0.2192
6.6677e-15 0.2276
9.4949e-14 0.0788
4.2085e-13 0.0404
6.3726e-13 0.0332
3.9617e-13 0.0407
9.1549e-14 0.0819
1.0358e-14 0.2119
1.2098e-15 0.2345
2.9299e-15 0.4158
4.2356e-15 0.2633
5.6912e-14 0.0986
2.9204e-13 0.0462
5.1162e-13 0.0363
3.1630e-13 0.0451
5.6388e-14 0.0960
4.5842e-15 0.2248
5.7896e-15 0.3397
5.0911e-15 0.2763
1.6596e-13 0.0615
1.9058e-12 0.0199
5.7870e-12 0.0118
7.9775e-12 0.0101
5.6971e-12 0.0119
1.9051e-12 0.0200
1.7701e-13 0.0586
3.5433e-15 0.1986
5.6285e-14 0.0998
1.8610e-12 0.0200
1.1156e-11 0.0086
2.7769e-11 0.0054
3.8272e-11 0.0045
2.7727e-11 0.0054
1.1262e-11 0.0086
1.9122e-12 0.0198
5.3486e-14 0.1003
2.8508e-13 0.0470
5.7901e-12 0.0118
2.8154e-11 0.0054
8.3463e-11 0.0029
1.3884e-10 0.0021
8.3348e-11 0.0029
2.7919e-11 0.0054
5.7485e-12 0.0118
2.9581e-13 0.0469
4.5599e-13 0.0379
8.0061e-12 0.0100
3.8509e-11 0.0045
1.3850e-10 0.0021
2.6431e-10 0.0013
1.3808e-10 0.0021
3.8284e-11 0.0045
8.1737e-12 0.0100
5.1476e-13 0.0358
2.9153e-13 0.0471
5.7517e-12 0.0119
2.8007e-11 0.0054
8.2985e-11 0.0029
1.3854e-10 0.0021
8.3253e-11 0.0029
2.8148e-11 0.0054
5.8775e-12 0.0118
2.7576e-13 0.0464
5.9342e-14 0.0936
1.7985e-12 0.0202
1.1060e-11 0.0087
2.8052e-11 0.0054
3.8489e-11 0.0045
2.8118e-11 0.0054
1.1128e-11 0.0086
1.9005e-12 0.0199
5.2122e-14 0.1021
4.4218e-15 0.2549
1.8596e-13 0.0579
1.8392e-12 0.0202
5.7902e-12 0.0118
8.1367e-12 0.0100
5.7653e-12 0.0119
1.9282e-12 0.0199
1.6929e-13 0.0592
4.6371e-15 0.2659
1.7368e-15 0.2449
2.5888e-15 0.2264
5.4249e-14 0.0998
2.8418e-13 0.0476
5.0912e-13 0.0359
3.0159e-13 0.0458
6.2722e-14 0.0953
2.3338e-15 0.2074
1.9412e-15 0.2267
2.2701e-15 0.3117
4.4861e-15 0.2436
1.8954e-14 0.1416
1.4959e-13 0.0610
2.6945e-13 0.0463
1.4823e-13 0.0613
1.8913e-14 0.1532
5.3721e-15 0.2498
5.0364e-15 0.3827
3.8053e-15 0.2397
8.0156e-14 0.0799
1.3097e-12 0.0230
4.8756e-12 0.0125
7.1466e-12 0.0105
4.8673e-12 0.0126
1.2532e-12 0.0233
8.6059e-14 0.0803
4.5540e-15 0.2184
2.8177e-14 0.1287
1.2981e-12 0.0231
1.0283e-11 0.0088
2.7924e-11 0.0053
3.8908e-11 0.0045
2.7906e-11 0.0054
1.0286e-11 0.0088
1.3127e-12 0.0229
2.6852e-14 0.1298
1.5329e-13 0.0609
4.8396e-12 0.0125
2.8289e-11 0.0053
7.7470e-11 0.0030
1.1636e-10 0.0023
7.7442e-11 0.0030
2.7858e-11 0.0053
4.7989e-12 0.0126
1.2725e-13 0.0669
2.6333e-13 0.0472
7.1915e-12 0.0105
3.9014e-11 0.0045
1.1590e-10 0.0023
1.8649e-10 0.0017
1.1546e-10 0.0023
3.8425e-11 0.0045
6.9577e-12 0.0105
2.6569e-13 0.0477
1.5125e-13 0.0614
4.9048e-12 0.0125
2.8238e-11 0.0053
7.7520e-11 0.0030
1.1588e-10 0.0023
7.7225e-11 0.0030
2.8016e-11 0.0053
4.7269e-12 0.0126
1.4419e-13 0.0629
2.5611e-14 0.1388
1.3299e-12 0.0226
1.0134e-11 0.0089
2.8302e-11 0.0053
3.8850e-11 0.0045
2.8365e-11 0.0053
1.0396e-11 0.0087
1.2862e-12 0.0231
2.4862e-14 0.1343
2.9155e-15 0.2828
8.5169e-14 0.0800
1.3496e-12 0.0227
4.8831e-12 0.0124
7.2085e-12 0.0104
4.8686e-12 0.0125
1.3463e-12 0.0229
1.0144e-13 0.0740
3.8165e-15 0.2760
3.1737e-15 0.4776
2.8181e-15 0.2180
2.4708e-14 0.1402
1.2920e-13 0.0637
2.6484e-13 0.0480
1.4822e-13 0.0620
2.6755e-14 0.1310
2.9282e-15 0.3093
4.0100e-15 0.3281
3.1919e-15 0.3630
4.6793e-15 0.2688
7.2828e-15 0.1972
4.7428e-14 0.0954
9.6791e-14 0.0722
4.8044e-14 0.0982
9.8072e-15 0.1891
3.7749e-15 0.2270
1.9166e-15 0.2649
3.6693e-15 0.1936
2.8325e-14 0.1297
6.1924e-13 0.0317
3.0186e-12 0.0152
4.8204e-12 0.0122
2.9594e-12 0.0154
6.3314e-13 0.0313
3.3505e-14 0.1192
4.6010e-15 0.3394
9.0479e-15 0.1973
6.3706e-13 0.0314
7.3598e-12 0.0101
2.2788e-11 0.0058
3.2626e-11 0.0048
2.2945e-11 0.0058
7.3480e-12 0.0101
6.3588e-13 0.0310
8.6478e-15 0.1919
4.6025e-14 0.1012
3.0482e-12 0.0153
2.2964e-11 0.0058
6.4103e-11 0.0034
9.1179e-11 0.0027
6.3707e-11 0.0034
2.2910e-11 0.0058
3.0347e-12 0.0153
5.0069e-14 0.0970
9.6895e-14 0.0752
4.7489e-12 0.0124
3.2647e-11 0.0049
9.1007e-11 0.0027
1.3334e-10 0.0021
9.0870e-11 0.0027
3.2226e-11 0.0049
4.6803e-12 0.0124
9.6690e-14 0.0733
5.3783e-14 0.0947
3.0492e-12 0.0151
2.2900e-11 0.0058
6.4402e-11 0.0034
9.0879e-11 0.0027
6.3562e-11 0.0034
2.2819e-11 0.0058
2.9786e-12 0.0154
4.2285e-14 0.1053
8.0711e-15 0.2296
6.3120e-13 0.0314
7.3429e-12 0.0101
2.2998e-11 0.0058
3.2516e-11 0.0049
2.2856e-11 0.0058
7.3610e-12 0.0101
6.2984e-13 0.0316
1.0922e-14 0.1724
2.2215e-15 0.1776
2.9644e-14 0.1240
6.3746e-13 0.0311
3.0858e-12 0.0151
4.7646e-12 0.0123
3.0596e-12 0.0152
6.3653e-13 0.0313
3.4973e-14 0.1203
5.8994e-15 0.2436
2.8172e-15 0.2672
4.3171e-15 0.2682
1.3633e-14 0.2163
5.1424e-14 0.0934
9.5601e-14 0.0733
4.7750e-14 0.0974
8.4936e-15 0.1911
2.5627e-15 0.1990
2.7695e-15 0.3040
2.0365e-15 0.2930
3.9018e-15 0.2263
5.5526e-15 0.2035
1.4685e-14 0.1567
2.0046e-14 0.1417
1.3892e-14 0.1675
4.4490e-15 0.1977
3.8001e-15 0.2759
3.0796e-15 0.2634
5.8660e-15 0.2685
7.6646e-15 0.1658
1.9910e-13 0.0516
1.2023e-12 0.0227
2.1593e-12 0.0174
1.2328e-12 0.0227
1.9374e-13 0.0518
1.1149e-14 0.1593
6.1804e-15 0.2552
9.5192e-15 0.1958
2.0004e-13 0.0520
3.7538e-12 0.0135
1.4290e-11 0.0072
2.1267e-11 0.0059
1.4332e-11 0.0072
3.6296e-12 0.0137
1.8499e-13 0.0535
8.2906e-15 0.1927
1.2349e-14 0.1691
1.1740e-12 0.0232
1.4256e-11 0.0072
4.4802e-11 0.0040
6.4004e-11 0.0033
4.4823e-11 0.0040
1.4255e-11 0.0072
1.2335e-12 0.0225
9.2011e-15 0.1791
2.5833e-14 0.1225
2.1321e-12 0.0174
2.1290e-11 0.0059
6.3824e-11 0.0033
9.1333e-11 0.0027
6.3931e-11 0.0033
2.1400e-11 0.0059
2.1469e-12 0.0176
1.5576e-14 0.1419
1.1851e-14 0.1492
1.2212e-12 0.0224
1.4245e-11 0.0072
4.4893e-11 0.0040
6.4106e-11 0.0033
4.4708e-11 0.0040
1.4278e-11 0.0072
1.2535e-12 0.0223
1.1206e-14 0.1744
4.2265e-15 0.2037
1.8165e-13 0.0550
3.6346e-12 0.0137
1.4222e-11 0.0072
2.1367e-11 0.0059
1.4037e-11 0.0072
3.6051e-12 0.0138
1.9176e-13 0.0526
6.9674e-15 0.1852
3.8258e-15 0.2283
9.4032e-15 0.1889
1.8393e-13 0.0531
1.2571e-12 0.0221
2.1435e-12 0.0173
1.2497e-12 0.0224
1.8970e-13 0.0523
1.0033e-14 0.1854
8.0735e-15 0.2382
2.6163e-15 0.2395
5.2275e-15 0.2248
5.4658e-15 0.1810
1.7038e-14 0.1619
2.5798e-14 0.1226
1.1076e-14 0.1744
6.6433e-15 0.1944
6.4294e-15 0.3170
2.2916e-15 0.3074
3.7245e-15 0.2317
3.5279e-15 0.2341
5.5753e-15 0.2490
7.6224e-15 0.2220
1.0339e-14 0.1704
1.0251e-14 0.1804
5.4518e-15 0.2674
4.1407e-15 0.1844
2.1625e-15 0.2099
5.4837e-15 0.3074
6.6785e-15 0.2523
3.3670e-14 0.1112
2.6844e-13 0.0444
5.2499e-13 0.0327
2.4705e-13 0.0450
3.7547e-14 0.1042
9.7123e-15 0.2059
5.4344e-15 0.2389
8.1230e-15 0.2170
2.8544e-14 0.1144
1.0654e-12 0.0236
5.8952e-12 0.0107
9.5788e-12 0.0085
5.8979e-12 0.0107
1.0503e-12 0.0238
3.8091e-14 0.1021
7.5232e-15 0.2873
6.4918e-15 0.1782
2.6456e-13 0.0448
5.9256e-12 0.0107
2.3991e-11 0.0054
3.6168e-11 0.0044
2.4003e-11 0.0055
5.8728e-12 0.0107
2.5661e-13 0.0449
8.5234e-15 0.2125
1.0149e-14 0.1805
5.3218e-13 0.0321
9.7133e-12 0.0084
3.6029e-11 0.0044
5.3370e-11 0.0036
3.6037e-11 0.0044
9.7360e-12 0.0084
5.1925e-13 0.0326
9.7602e-15 0.1701
9.2632e-15 0.1629
2.6406e-13 0.0449
5.9034e-12 0.0106
2.3791e-11 0.0055
3.6132e-11 0.0044
2.3801e-11 0.0055
5.8833e-12 0.0107
2.8139e-13 0.0438
8.8387e-15 0.2201
6.0754e-15 0.1706
3.0533e-14 0.1142
1.0567e-12 0.0237
5.9080e-12 0.0107
9.8711e-12 0.0084
5.8692e-12 0.0107
1.0413e-12 0.0239
3.5483e-14 0.1038
6.6732e-15 0.2100
4.3529e-15 0.2003
7.8556e-15 0.1775
3.4223e-14 0.1040
2.6617e-13 0.0439
5.3880e-13 0.0324
2.7935e-13 0.0435
3.1018e-14 0.1120
8.1944e-15 0.1817
4.4539e-15 0.1897
3.5163e-15 0.2209
6.4282e-15 0.2196
1.0333e-14 0.2277
1.0322e-14 0.2110
7.2908e-15 0.1624
5.7978e-15 0.1987
8.4627e-15 0.2182
5.3871e-15 0.1922
3.4169e-15 0.2644
2.8014e-15 0.2624
4.3997e-15 0.1941
4.1691e-15 0.1725
7.2775e-15 0.1883
7.4665e-15 0.2218
1.1941e-14 0.2190
4.3471e-15 0.1960
4.4014e-15 0.2390
5.4553e-15 0.2872
3.4567e-15 0.2216
4.7180e-15 0.1628
1.0545e-14 0.1434
3.1724e-14 0.0993
6.5853e-14 0.0815
3.4812e-14 0.1097
1.0812e-14 0.1407
9.2164e-15 0.2037
4.9947e-15 0.1815
5.7709e-15 0.1930
1.1052e-14 0.1402
1.4809e-13 0.0571
1.3040e-12 0.0209
2.3794e-12 0.0159
1.2904e-12 0.0212
1.4123e-13 0.0565
1.5013e-14 0.1377
8.9678e-15 0.2440
6.5573e-15 0.1632
3.2060e-14 0.1102
1.2659e-12 0.0212
7.8320e-12 0.0091
1.3270e-11 0.0071
7.7962e-12 0.0091
1.2633e-12 0.0214
3.8467e-14 0.1032
9.2567e-15 0.1579
9.6357e-15 0.1653
6.9432e-14 0.0811
2.4631e-12 0.0157
1.3164e-11 0.0071
2.2052e-11 0.0055
1.3405e-11 0.0070
2.4791e-12 0.0156
6.2995e-14 0.0814
1.0414e-14 0.1857
1.0090e-14 0.1903
3.7833e-14 0.1011
1.2564e-12 0.0213
7.7752e-12 0.0092
1.3278e-11 0.0071
7.7809e-12 0.0091
1.2498e-12 0.0213
3.7722e-14 0.0983
8.1475e-15 0.1663
7.4527e-15 0.2646
1.1264e-14 0.1643
1.5809e-13 0.0533
1.2628e-12 0.0214
2.3924e-12 0.0157
1.3136e-12 0.0209
1.5540e-13 0.0557
1.3861e-14 0.1454
8.3876e-15 0.2497
4.7742e-15 0.2126
7.6025e-15 0.1916
1.3803e-14 0.1343
3.0315e-14 0.1041
6.7931e-14 0.0774
3.3641e-14 0.1048
9.5093e-15 0.1433
6.6605e-15 0.1827
6.6892e-15 0.2105
2.5365e-15 0.2138
3.1460e-15 0.1847
6.8292e-15 0.2716
8.2218e-15 0.1694
7.2864e-15 0.1474
9.3322e-15 0.1825
7.6565e-15 0.2128
4.4053e-15 0.2115
3.3106e-15 0.2744
3.3778e-15 0.3148
4.8244e-15 0.2605
6.6450e-15 0.1887
8.2110e-15 0.2065
8.0914e-15 0.1945
9.0978e-15 0.1667
8.3542e-15 0.2360
6.2540e-15 0.2421
5.2843e-15 0.2912
4.6732e-15 0.1960
8.1747e-15 0.1703
1.5592e-14 0.1418
2.0099e-14 0.1482
1.8264e-14 0.1325
1.6136e-14 0.1389
1.1132e-14 0.1510
5.7757e-15 0.1857
5.1992e-15 0.2197
7.9878e-15 0.2467
9.4189e-15 0.1760
1.9120e-14 0.1120
1.1625e-13 0.0577
2.5410e-13 0.0432
1.2443e-13 0.0591
2.5245e-14 0.1088
1.3381e-14 0.1555
6.1331e-15 0.1963
8.2032e-15 0.1872
1.6739e-14 0.1540
1.1672e-13 0.0637
1.1591e-12 0.0216
2.3397e-12 0.0156
1.1723e-12 0.0215
1.2869e-13 0.0576
1.9107e-14 0.1371
9.6501e-15 0.1855
8.3353e-15 0.1819
1.7844e-14 0.1169
2.5582e-13 0.0431
2.2718e-12 0.0158
4.5746e-12 0.0114
2.3564e-12 0.0154
2.5367e-13 0.0428
1.6446e-14 0.1353
8.2109e-15 0.1636
7.5150e-15 0.1754
1.6763e-14 0.1341
1.1172e-13 0.0612
1.0927e-12 0.0221
2.3485e-12 0.0156
1.1358e-12 0.0219
1.2295e-13 0.0585
1.4617e-14 0.1322
8.5124e-15 0.1592
7.9656e-15 0.1813
1.3183e-14 0.1320
2.3893e-14 0.1163
1.2162e-13 0.0596
2.6044e-13 0.0428
1.1220e-13 0.0600
2.9196e-14 0.1129
1.2494e-14 0.1413
8.8356e-15 0.2041
4.8728e-15 0.1943
9.7122e-15 0.2016
1.4716e-14 0.1791
1.3356e-14 0.1703
2.1474e-14 0.1337
1.3446e-14 0.1709
1.4264e-14 0.1827
8.7603e-15 0.2107
6.0035e-15 0.2332
3.3690e-15 0.2714
5.2264e-15 0.1964
6.8477e-15 0.1940
7.3604e-15 0.1978
8.7269e-15 0.1805
7.3958e-15 0.1673
6.9001e-15 0.1780
6.9601e-15 0.2620
5.1086e-15 0.2224
3.5213e-15 0.3107
4.4615e-15 0.2456
6.3272e-15 0.2400
7.3602e-15 0.1786
8.4880e-15 0.2145
8.1466e-15 0.2152
9.8103e-15 0.2064
5.1915e-15 0.2117
7.8509e-15 0.2626
4.1549e-15 0.1987
7.5628e-15 0.1575
1.2491e-14 0.1592
1.6137e-14 0.1721
1.5799e-14 0.1411
1.5083e-14 0.1209
1.1358e-14 0.1411
6.4077e-15 0.1794
6.8329e-15 0.2784
9.1687e-15 0.2040
1.0389e-14 0.1658
1.7302e-14 0.1252
3.8022e-14 0.0901
3.9893e-14 0.0907
2.9713e-14 0.1125
1.9759e-14 0.1228
1.2700e-14 0.1860
9.0047e-15 0.2357
7.0117e-15 0.1615
1.4101e-14 0.1391
3.2642e-14 0.1177
9.3310e-14 0.0658
1.8835e-13 0.0473
8.9567e-14 0.0624
3.3952e-14 0.0981
1.5528e-14 0.1431
1.0248e-14 0.1748
9.0910e-15 0.1828
1.5057e-14 0.1369
4.4249e-14 0.0882
1.8100e-13 0.0489
3.8898e-13 0.0342
1.7793e-13 0.0488
4.1030e-14 0.0930
1.7691e-14 0.1616
8.2066e-15 0.1772
6.7209e-15 0.1876
1.9839e-14 0.1336
3.7137e-14 0.1162
9.2527e-14 0.0706
1.7573e-13 0.0485
9.1403e-14 0.0667
3.1575e-14 0.1102
1.3999e-14 0.1482
1.0402e-14 0.2266
7.5849e-15 0.2102
1.4088e-14 0.1622
2.4905e-14 0.1182
3.5418e-14 0.1092
4.5784e-14 0.0976
3.0823e-14 0.1034
2.1023e-14 0.1307
9.7081e-15 0.1572
7.2738e-15 0.1973
5.7401e-15 0.2409
8.9763e-15 0.2052
7.8634e-15 0.1605
1.2661e-14 0.1401
1.8183e-14 0.1268
1.5068e-14 0.1448
1.0566e-14 0.1484
1.2540e-14 0.2164
6.6713e-15 0.1969
3.1434e-15 0.2073
6.7717e-15 0.2007
6.9580e-15 0.2057
7.2447e-15 0.2346
1.1726e-14 0.1787
9.1829e-15 0.2080
6.5346e-15 0.2860
5.4707e-15 0.2211
3.5956e-15 0.2480
4.2667e-15 0.2287
5.6324e-15 0.3252
7.5394e-15 0.2007
5.7287e-15 0.1807
1.1050e-14 0.2085
6.7619e-15 0.1512
7.5241e-15 0.1937
5.6961e-15 0.1994
4.4001e-15 0.3265
3.8145e-15 0.2985
8.1133e-15 0.1997
1.3501e-14 0.1547
1.1391e-14 0.1532
1.5239e-14 0.1339
1.5448e-14 0.1466
1.7772e-14 0.1696
6.5461e-15 0.2005
8.1019e-15 0.2153
6.1723e-15 0.1914
1.2082e-14 0.1784
1.6445e-14 0.1398
3.8953e-14 0.1036
3.7579e-14 0.1033
3.0225e-14 0.1247
2.1331e-14 0.1209
9.8461e-15 0.1455
7.6929e-15 0.1804
1.0743e-14 0.1570
1.5797e-14 0.1326
2.5429e-14 0.1135
5.5495e-14 0.0829
7.0442e-14 0.0762
5.6514e-14 0.0815
3.0439e-14 0.1036
1.7005e-14 0.1468
6.9166e-15 0.1846
9.4189e-15 0.1722
1.2585e-14 0.1525
3.7240e-14 0.1026
7.4082e-14 0.0691
1.2445e-13 0.0592
8.3253e-14 0.0747
3.8141e-14 0.1030
1.4855e-14 0.1340
8.2721e-15 0.1804
7.8279e-15 0.1456
1.6623e-14 0.1320
2.9635e-14 0.1217
6.3344e-14 0.0830
7.1621e-14 0.0760
5.5478e-14 0.0861
2.5804e-14 0.0997
1.8574e-14 0.1494
7.2595e-15 0.2069
7.6623e-15 0.1719
1.2135e-14 0.1945
2.3768e-14 0.1397
2.8966e-14 0.1127
4.0811e-14 0.1011
2.3799e-14 0.1174
2.3003e-14 0.1300
1.3932e-14 0.1522
7.3410e-15 0.1929
5.4858e-15 0.2434
9.3361e-15 0.1664
9.8001e-15 0.1566
1.3082e-14 0.1546
1.6317e-14 0.1367
1.5008e-14 0.1468
1.0844e-14 0.1788
9.4095e-15 0.1885
3.7155e-15 0.1774
5.9096e-15 0.3086
7.7329e-15 0.2045
5.6247e-15 0.1727
8.5296e-15 0.1878
9.1262e-15 0.2029
8.5006e-15 0.1975
4.3991e-15 0.1960
4.9548e-15 0.1934
4.1443e-15 0.3122
3.1958e-15 0.2978
6.8866e-15 0.2315
9.6083e-15 0.1874
7.3882e-15 0.1640
8.3744e-15 0.1705
8.3544e-15 0.1974
8.7062e-15 0.1895
3.7871e-15 0.2031
3.5419e-15 0.2259
4.8096e-15 0.2036
6.9567e-15 0.2111
1.4579e-14 0.1605
1.4014e-14 0.1397
1.4959e-14 0.1439
1.2741e-14 0.1575
1.1267e-14 0.1611
6.5282e-15 0.1878
5.3174e-15 0.2256
6.1970e-15 0.2057
6.9212e-15 0.1883
1.7469e-14 0.1387
3.4104e-14 0.1172
3.0322e-14 0.1085
2.7705e-14 0.1235
1.6467e-14 0.1398
9.9066e-15 0.1652
7.0877e-15 0.1767
1.0252e-14 0.1861
1.7104e-14 0.1751
3.3039e-14 0.1092
5.4280e-14 0.0889
7.6507e-14 0.0793
5.0849e-14 0.0943
3.6615e-14 0.1147
1.8268e-14 0.1526
8.5555e-15 0.1965
9.2805e-15 0.2131
1.5964e-14 0.1525
3.2120e-14 0.1115
8.0355e-14 0.0784
1.1420e-13 0.0640
7.8005e-14 0.0749
3.0021e-14 0.1017
1.7340e-14 0.1382
7.9130e-15 0.2304
8.0130e-15 0.1955
1.9724e-14 0.1444
2.5639e-14 0.1179
6.1452e-14 0.0867
6.8247e-14 0.0774
4.7466e-14 0.0978
2.1037e-14 0.1216
1.4633e-14 0.1649
7.9678e-15 0.2331
5.7889e-15 0.1769
9.5222e-15 0.1667
1.8667e-14 0.1254
3.0015e-14 0.1129
2.8039e-14 0.1049
2.3496e-14 0.1245
2.1826e-14 0.1292
1.3545e-14 0.1430
6.6832e-15 0.2180
5.0779e-15 0.2421
8.0905e-15 0.1987
1.5397e-14 0.1654
1.3624e-14 0.1471
2.1607e-14 0.1503
1.5492e-14 0.1478
1.2306e-14 0.1399
7.3703e-15 0.1833
3.5755e-15 0.2205
4.5079e-15 0.2219
5.3294e-15 0.2051
5.8324e-15 0.1799
8.3697e-15 0.1839
1.0684e-14 0.1744
7.5309e-15 0.2011
5.2859e-15 0.2183
7.9303e-15 0.2645
4.7600e-15 0.3132
4.0764e-15 0.2709
7.5590e-15 0.2140
9.5933e-15 0.1981
7.4314e-15 0.1786
1.1567e-14 0.2049
8.3257e-15 0.1826
7.9088e-15 0.2235
5.7844e-15 0.2542
4.4815e-15 0.2462
6.3291e-15 0.2479
4.8349e-15 0.1863
9.5939e-15 0.1541
1.5396e-14 0.1520
1.8362e-14 0.1333
1.5039e-14 0.1382
1.0788e-14 0.2125
8.5557e-15 0.2021
5.6476e-15 0.2548
6.6217e-15 0.2628
7.9370e-15 0.2035
1.9115e-14 0.1331
2.8655e-14 0.1251
2.8168e-14 0.1217
2.5790e-14 0.1159
1.5235e-14 0.1496
1.0847e-14 0.1571
9.0356e-15 0.2043
8.4506e-15 0.1987
1.5603e-14 0.1566
2.9181e-14 0.1167
5.2477e-14 0.0910
6.5431e-14 0.0833
4.8112e-14 0.0881
2.8146e-14 0.1080
1.5799e-14 0.1479
8.2004e-15 0.1922
1.2740e-14 0.2094
1.6613e-14 0.1454
3.3068e-14 0.1125
6.9730e-14 0.0869
9.1260e-14 0.0710
5.9550e-14 0.0773
3.0548e-14 0.1124
1.6969e-14 0.1505
7.9819e-15 0.2190
9.6783e-15 0.1906
1.3891e-14 0.1575
2.7409e-14 0.1142
5.6437e-14 0.0887
6.3391e-14 0.0786
5.4031e-14 0.0970
2.1435e-14 0.1309
1.3046e-14 0.1496
7.9140e-15 0.2009
6.8630e-15 0.1840
1.1461e-14 0.1685
1.8954e-14 0.1297
3.2238e-14 0.1146
2.8671e-14 0.1003
2.6770e-14 0.1218
1.6072e-14 0.1432
9.4372e-15 0.2104
6.6319e-15 0.1879
5.9385e-15 0.2315
9.0502e-15 0.2187
1.1296e-14 0.1604
1.7330e-14 0.1486
2.4199e-14 0.1330
1.3351e-14 0.1579
8.2516e-15 0.1734
7.4530e-15 0.1467
5.7418e-15 0.2316
4.5350e-15 0.2503
4.2365e-15 0.2567
6.9650e-15 0.2407
7.6273e-15 0.2373
1.2051e-14 0.2080
6.2456e-15 0.2267
4.6957e-15 0.1947
7.4569e-15 0.2263
2.6413e-15 0.2781
4.8477e-15 0.1870
6.1457e-15 0.2093
9.8596e-15 0.2072
8.4639e-15 0.2018
6.8267e-15 0.1744
8.4037e-15 0.2044
8.1951e-15 0.2085
6.0179e-15 0.2300
3.7363e-15 0.3300
6.6124e-15 0.2242
4.1934e-15 0.1877
1.6872e-14 0.1620
1.4425e-14 0.1358
1.5553e-14 0.1415
1.4396e-14 0.1624
1.2446e-14 0.1864
7.4733e-15 0.2186
6.9229e-15 0.2377
6.6740e-15 0.2200
8.1082e-15 0.1593
2.2648e-14 0.1520
2.5569e-14 0.1125
2.3304e-14 0.1139
2.6837e-14 0.1212
1.3418e-14 0.1397
1.1069e-14 0.1512
6.1932e-15 0.1929
7.3071e-15 0.1853
1.6614e-14 0.1463
2.8685e-14 0.1148
4.8865e-14 0.1054
6.2164e-14 0.0870
3.8086e-14 0.1050
2.4022e-14 0.1207
1.2213e-14 0.1451
8.0700e-15 0.1618
6.1121e-15 0.1845
1.2436e-14 0.1400
3.2582e-14 0.1259
5.8438e-14 0.0835
7.7872e-14 0.0738
5.9338e-14 0.0839
3.0709e-14 0.1218
1.1210e-14 0.1503
8.1312e-15 0.1984
7.9027e-15 0.2184
1.1378e-14 0.1450
2.4899e-14 0.1417
4.8315e-14 0.0954
4.9861e-14 0.0844
3.9362e-14 0.0994
2.3146e-14 0.1304
1.5269e-14 0.1614
9.8590e-15 0.1791
5.4449e-15 0.1664
1.4072e-14 0.1725
1.9672e-14 0.1424
2.9147e-14 0.1112
2.8391e-14 0.1175
2.3543e-14 0.1164
1.5650e-14 0.1265
1.4481e-14 0.1658
9.5695e-15 0.2106
6.9217e-15 0.2179
6.5929e-15 0.2073
1.1445e-14 0.1759
1.4127e-14 0.1602
1.8997e-14 0.1403
1.4443e-14 0.1705
1.0514e-14 0.2058
1.0454e-14 0.1897
4.3521e-15 0.2071
3.9222e-15 0.3026
4.1328e-15 0.2710
6.7039e-15 0.2324
5.5837e-15 0.1740
1.1110e-14 0.2009
5.8090e-15 0.2064
5.7332e-15 0.1978
9.6090e-15 0.2459
5.1480e-15 0.2451
3.0267e-15 0.2329
6.6942e-15 0.1988
1.4571e-14 0.2110
1.0794e-14 0.2080
7.8101e-15 0.2191
8.0194e-15 0.1860
7.2440e-15 0.2102
5.4781e-15 0.2175
6.5413e-15 0.2717
4.6933e-15 0.2418
5.0563e-15 0.1982
1.3470e-14 0.1615
1.6327e-14 0.1407
1.6007e-14 0.1460
1.2224e-14 0.1434
8.9085e-15 0.1876
7.0759e-15 0.1817
5.7548e-15 0.2124
5.4394e-15 0.2148
9.0953e-15 0.1823
2.1838e-14 0.1640
2.4251e-14 0.1320
2.4841e-14 0.1273
2.3162e-14 0.1221
1.7772e-14 0.1464
1.2636e-14 0.1558
6.8577e-15 0.1847
8.2794e-15 0.1913
1.4548e-14 0.1769
2.6953e-14 0.1334
4.0912e-14 0.1083
5.5395e-14 0.0893
4.3505e-14 0.0996
2.5958e-14 0.1124
1.4079e-14 0.1570
9.3871e-15 0.1782
8.1716e-15 0.1866
1.8612e-14 0.1659
2.6363e-14 0.1204
5.0701e-14 0.0896
7.7947e-14 0.0749
5.1371e-14 0.0920
2.8353e-14 0.1304
1.6351e-14 0.1512
7.9551e-15 0.1900
9.5682e-15 0.1644
1.3037e-14 0.1557
2.1943e-14 0.1255
4.3200e-14 0.1044
5.4872e-14 0.0923
3.8855e-14 0.1096
2.2855e-14 0.1360
1.3065e-14 0.1387
1.1728e-14 0.1996
8.9187e-15 0.2125
1.1651e-14 0.1932
1.8175e-14 0.1503
3.1979e-14 0.1230
2.7880e-14 0.1181
2.6556e-14 0.1269
1.9380e-14 0.1490
1.2855e-14 0.1726
8.0250e-15 0.1775
5.9533e-15 0.2471
7.0314e-15 0.2407
1.0924e-14 0.1630
1.8677e-14 0.1663
2.1075e-14 0.1414
1.2673e-14 0.1999
6.6578e-15 0.1969
8.0859e-15 0.2005
5.1666e-15 0.1731
3.5935e-15 0.2295
4.5029e-15 0.3040
8.2227e-15 0.2499
6.5176e-15 0.1988
1.0905e-14 0.1850
7.9689e-15 0.2386
7.8229e-15 0.2178
4.8134e-15 0.2070
4.8526e-15 0.2444
4.3710e-15 0.2264
5.7979e-15 0.2242
8.0680e-15 0.2317
9.1441e-15 0.2037
7.6271e-15 0.1791
6.3288e-15 0.1804
7.0701e-15 0.2013
7.3472e-15 0.1982
3.0699e-15 0.2377
3.9602e-15 0.2496
5.4041e-15 0.2229
1.2656e-14 0.1457
1.3031e-14 0.1606
1.5178e-14 0.1654
1.1710e-14 0.1786
9.5227e-15 0.1748
8.8807e-15 0.2064
3.9075e-15 0.2096
5.2860e-15 0.2022
1.1600e-14 0.1819
1.8324e-14 0.1582
2.0263e-14 0.1264
2.4636e-14 0.1231
2.7893e-14 0.1288
1.9818e-14 0.1545
1.4311e-14 0.1789
6.9499e-15 0.2322
1.0453e-14 0.1863
1.6511e-14 0.1638
2.0027e-14 0.1285
3.6568e-14 0.1069
5.0947e-14 0.0942
4.1275e-14 0.1185
2.3876e-14 0.1264
1.0043e-14 0.1605
6.2676e-15 0.1973
1.0919e-14 0.1883
1.6273e-14 0.1662
3.0138e-14 0.1272
5.1568e-14 0.0916
6.5667e-14 0.0832
4.5935e-14 0.0973
2.9046e-14 0.1212
1.3915e-14 0.1855
9.6306e-15 0.1984
1.0491e-14 0.2084
1.5567e-14 0.1551
2.7309e-14 0.1295
4.5320e-14 0.1064
4.0596e-14 0.1003
4.0643e-14 0.1069
2.0496e-14 0.1400
1.4072e-14 0.1579
8.6886e-15 0.1768
6.1584e-15 0.2057
1.1001e-14 0.1800
1.7079e-14 0.1379
2.9567e-14 0.1405
2.1959e-14 0.1363
2.6109e-14 0.1332
1.8023e-14 0.1465
1.3938e-14 0.2062
7.1330e-15 0.1737
5.1519e-15 0.2417
1.0123e-14 0.1925
9.0245e-15 0.1739
1.4353e-14 0.1451
1.5363e-14 0.1442
1.4233e-14 0.1720
7.2417e-15 0.1545
1.3135e-14 0.1951
6.7276e-15 0.2629
4.0511e-15 0.2698
5.8457e-15 0.2626
6.6376e-15 0.2166
6.9449e-15 0.2053
1.1805e-14 0.2098
8.8559e-15 0.2608
5.0814e-15 0.2007
5.5147e-15 0.2375
6.5488e-15 0.2105
