     9      9     20
d_kernel   u_kernel

1.5588e-16 0.4812
0.0000e+00 1.0000
0.0000e+00 1.0000
3.1061e-16 0.4889
4.0011e-16 0.3366
6.7401e-16 0.3658
3.4621e-16 0.3540
8.3419e-16 0.3190
8.1968e-16 0.3853
0.0000e+00 1.0000
5.7690e-16 0.3977
1.0379e-15 0.3984
7.6698e-16 0.3053
6.3548e-16 0.3106
5.9972e-16 0.4310
7.4251e-16 0.3187
6.3464e-16 0.2981
2.5852e-15 0.3851
4.2542e-16 0.4239
3.5725e-16 0.3340
3.6389e-16 0.3208
5.5186e-16 0.2485
1.6439e-15 0.2167
1.2331e-15 0.2429
4.2972e-15 0.3163
4.8270e-15 0.2497
5.0947e-15 0.2965
8.8914e-16 0.3649
1.0406e-15 0.4125
1.0300e-15 0.3450
1.0435e-15 0.2787
2.8704e-15 0.2459
6.8956e-14 0.0985
3.6775e-13 0.0436
6.0319e-13 0.0349
3.6169e-13 0.0442
4.0025e-16 0.3180
1.0973e-15 0.3066
2.0947e-15 0.2893
2.6670e-15 0.4005
6.4233e-14 0.1033
8.9754e-13 0.0294
2.5847e-12 0.0175
3.3150e-12 0.0154
2.6024e-12 0.0177
9.9068e-16 0.3514
4.9120e-16 0.3612
5.2968e-16 0.3260
2.7658e-15 0.3771
3.3961e-13 0.0457
2.5701e-12 0.0177
5.5252e-12 0.0121
1.1136e-11 0.0080
5.3984e-12 0.0122
5.1060e-16 0.3283
5.5770e-16 0.3292
7.7259e-16 0.3206
3.7933e-15 0.2629
6.0127e-13 0.0354
3.3140e-12 0.0156
1.1290e-11 0.0080
1.2619e-09 0.0002
1.1162e-11 0.0080
3.0774e-16 0.4063
9.1614e-16 0.3190
5.7689e-16 0.3892
2.8467e-15 0.3037
3.6395e-13 0.0455
2.6487e-12 0.0175
5.2956e-12 0.0123
1.1139e-11 0.0080
5.4546e-12 0.0121
3.4240e-16 0.4435
4.8389e-16 0.3032
1.0040e-15 0.2822
1.0078e-15 0.2257
6.5303e-14 0.1018
9.2225e-13 0.0296
2.5434e-12 0.0177
3.3018e-12 0.0157
2.6036e-12 0.0177
2.4369e-16 0.4229
0.0000e+00 1.0000
0.0000e+00 1.0000
3.8716e-16 0.3676
5.6882e-16 0.2853
1.4627e-15 0.3385
2.8728e-16 0.4180
5.0159e-16 0.3460
6.9468e-16 0.3126
4.1217e-16 0.3332
4.0524e-16 0.3408
0.0000e+00 1.0000
1.5303e-15 0.4323
6.1854e-16 0.3343
1.3834e-15 0.3187
1.0266e-15 0.3785
1.2269e-15 0.3186
1.7524e-15 0.4152
0.0000e+00 1.0000
6.5732e-16 0.3190
1.1546e-15 0.2992
0.0000e+00 1.0000
2.0129e-15 0.3442
1.7040e-15 0.3447
2.5211e-15 0.3018
6.0120e-15 0.2538
5.1614e-15 0.2531
0.0000e+00 1.0000
9.1770e-16 0.4516
1.2699e-15 0.3108
1.5449e-15 0.2292
1.8872e-15 0.2374
8.1814e-14 0.0853
6.2145e-13 0.0335
1.0084e-12 0.0266
6.2902e-13 0.0333
7.4035e-16 0.3151
0.0000e+00 1.0000
1.0047e-15 0.2552
2.0036e-15 0.2504
9.2217e-14 0.0804
1.7156e-12 0.0213
5.6961e-12 0.0121
7.7370e-12 0.0103
5.6115e-12 0.0123
5.0366e-16 0.3379
1.2416e-16 0.3959
1.2024e-15 0.3557
3.5988e-15 0.3389
6.1062e-13 0.0337
5.6690e-12 0.0122
1.6867e-11 0.0070
4.8223e-11 0.0037
1.6786e-11 0.0070
8.2313e-16 0.4235
1.3310e-15 0.3566
1.4575e-15 0.2173
9.0635e-15 0.2041
1.0094e-12 0.0268
7.6995e-12 0.0104
4.8132e-11 0.0037
1.2191e-09 0.0003
4.7898e-11 0.0037
0.0000e+00 1.0000
8.3103e-16 0.2768
1.2442e-15 0.2790
3.4130e-15 0.2520
5.8971e-13 0.0348
5.7293e-12 0.0121
1.6711e-11 0.0070
4.7801e-11 0.0037
1.6822e-11 0.0070
2.7571e-16 0.4062
8.3677e-16 0.4523
2.0644e-15 0.4324
1.4630e-15 0.2514
8.5836e-14 0.0826
1.6786e-12 0.0218
5.6148e-12 0.0122
7.9312e-12 0.0103
5.5628e-12 0.0123
3.0009e-16 0.4740
0.0000e+00 1.0000
3.9419e-16 0.4365
1.5852e-15 0.4547
0.0000e+00 1.0000
6.1803e-16 0.3225
0.0000e+00 1.0000
5.0698e-16 0.3046
0.0000e+00 1.0000
0.0000e+00 1.0000
0.0000e+00 1.0000
4.1537e-16 0.3811
6.5262e-16 0.4072
1.1862e-15 0.4566
9.8345e-16 0.2881
1.2984e-15 0.2977
9.2465e-16 0.2882
1.4708e-15 0.2780
7.6876e-16 0.4817
1.3994e-15 0.3982
1.5215e-15 0.4970
9.2044e-16 0.3281
9.7038e-16 0.2986
1.3377e-15 0.2131
3.0805e-15 0.2348
5.4985e-15 0.2360
1.9495e-15 0.2687
6.9102e-16 0.3175
7.0515e-16 0.3013
1.3190e-15 0.3835
1.5651e-15 0.2442
3.1621e-15 0.2193
9.3477e-14 0.0761
8.3593e-13 0.0284
1.5116e-12 0.0215
8.6856e-13 0.0281
1.0493e-15 0.3187
0.0000e+00 1.0000
2.0336e-15 0.4239
2.7975e-15 0.2736
1.0143e-13 0.0726
2.7688e-12 0.0169
1.0532e-11 0.0090
1.5854e-11 0.0073
1.0636e-11 0.0089
7.9211e-16 0.3663
9.4738e-16 0.2873
1.9469e-15 0.3604
4.4041e-15 0.2541
8.2949e-13 0.0289
1.0525e-11 0.0090
4.3211e-11 0.0043
1.2048e-10 0.0023
4.2878e-11 0.0044
4.2376e-16 0.3538
9.8878e-16 0.2618
1.1897e-15 0.2928
7.3645e-15 0.2050
1.5098e-12 0.0218
1.5682e-11 0.0073
1.2048e-10 0.0023
9.4006e-10 0.0005
1.2019e-10 0.0023
5.9232e-16 0.3437
1.6661e-15 0.3171
2.2211e-15 0.2687
3.2990e-15 0.2028
8.3945e-13 0.0285
1.0637e-11 0.0089
4.2577e-11 0.0044
1.2004e-10 0.0023
4.2798e-11 0.0044
7.2035e-16 0.3808
1.0251e-15 0.3729
1.3567e-15 0.3017
1.4909e-15 0.2731
9.5196e-14 0.0769
2.6870e-12 0.0170
1.0392e-11 0.0091
1.5716e-11 0.0074
1.0354e-11 0.0090
1.5785e-16 0.4833
2.1092e-16 0.4696
2.2758e-16 0.3896
1.0874e-15 0.3204
1.2711e-15 0.3703
3.9030e-16 0.3281
6.6260e-16 0.3495
6.5466e-16 0.3544
1.3586e-15 0.2547
4.3729e-16 0.3613
3.8842e-16 0.3511
2.9021e-16 0.4355
4.3748e-16 0.3210
1.9003e-15 0.3326
1.1520e-15 0.2426
1.7165e-15 0.3475
1.2749e-15 0.3738
2.0295e-15 0.3755
7.9079e-16 0.3279
7.3519e-16 0.3116
6.1341e-16 0.3266
8.6525e-16 0.2469
2.2646e-15 0.3326
2.8860e-15 0.2281
1.9773e-15 0.2975
3.2021e-15 0.2931
4.1493e-15 0.3305
9.2559e-16 0.3496
1.6680e-15 0.3767
2.3618e-15 0.2726
1.3071e-15 0.2939
2.3883e-15 0.2801
7.1112e-14 0.0824
8.4573e-13 0.0271
1.6523e-12 0.0202
8.4096e-13 0.0272
0.0000e+00 1.0000
7.4456e-16 0.3763
1.3731e-15 0.2420
1.3406e-15 0.2159
7.3753e-14 0.0833
3.2036e-12 0.0153
1.5812e-11 0.0073
2.4982e-11 0.0058
1.5824e-11 0.0073
1.0030e-15 0.2953
7.3379e-16 0.3095
1.3457e-15 0.2736
2.3175e-15 0.2706
8.0275e-13 0.0279
1.5835e-11 0.0073
7.3116e-11 0.0033
1.6600e-10 0.0020
7.2951e-11 0.0033
0.0000e+00 1.0000
6.5028e-16 0.3599
1.1815e-15 0.2247
4.4779e-15 0.2240
1.6317e-12 0.0203
2.5278e-11 0.0058
1.6626e-10 0.0020
6.1763e-10 0.0007
1.6613e-10 0.0020
9.4416e-16 0.3317
9.9725e-16 0.3484
1.7530e-15 0.2862
3.3960e-15 0.2154
8.5370e-13 0.0271
1.5969e-11 0.0072
7.2551e-11 0.0033
1.6580e-10 0.0020
7.2996e-11 0.0033
9.4283e-16 0.3086
8.4261e-16 0.2984
1.4138e-15 0.3377
2.1104e-15 0.2066
7.0728e-14 0.0851
3.1811e-12 0.0152
1.5633e-11 0.0073
2.4994e-11 0.0058
1.5904e-11 0.0073
5.0718e-16 0.4938
5.8849e-16 0.4969
5.6106e-16 0.4586
1.2151e-15 0.2762
0.0000e+00 1.0000
7.6660e-16 0.3096
0.0000e+00 1.0000
0.0000e+00 1.0000
7.3564e-16 0.2561
0.0000e+00 1.0000
7.2785e-16 0.4864
7.9490e-16 0.4766
1.4140e-15 0.3163
1.8834e-15 0.3447
1.5198e-15 0.2418
0.0000e+00 1.0000
3.4603e-15 0.3814
1.7919e-15 0.2123
2.1451e-16 0.4554
0.0000e+00 1.0000
9.1234e-16 0.3902
0.0000e+00 1.0000
2.7094e-15 0.2506
4.4252e-15 0.2914
2.1061e-15 0.2680
3.3255e-15 0.3200
4.7405e-15 0.1923
0.0000e+00 1.0000
7.0891e-16 0.3713
1.1751e-15 0.3222
1.7106e-15 0.2948
2.5450e-15 0.3098
3.3502e-14 0.1123
5.7130e-13 0.0314
1.2763e-12 0.0220
5.8157e-13 0.0310
0.0000e+00 1.0000
5.9763e-16 0.3377
1.3048e-15 0.2480
2.9372e-15 0.2637
3.5643e-14 0.1144
2.7847e-12 0.0157
1.7804e-11 0.0067
2.9968e-11 0.0052
1.7768e-11 0.0067
9.8530e-16 0.3157
1.0300e-15 0.2714
2.3580e-15 0.2214
5.3595e-15 0.2916
5.5891e-13 0.0322
1.7643e-11 0.0067
8.7373e-11 0.0030
1.6535e-10 0.0020
8.6974e-11 0.0030
5.8249e-16 0.3224
8.5368e-16 0.3414
2.1752e-15 0.2720
6.4269e-15 0.2282
1.2830e-12 0.0218
3.0298e-11 0.0052
1.6637e-10 0.0020
3.9515e-10 0.0011
1.6528e-10 0.0020
7.0767e-16 0.3843
1.9932e-15 0.3156
2.3613e-15 0.3241
3.0578e-15 0.2168
5.7814e-13 0.0317
1.7848e-11 0.0067
8.6795e-11 0.0030
1.6587e-10 0.0020
8.7043e-11 0.0030
1.2092e-15 0.4929
1.0608e-15 0.3858
9.6735e-16 0.2259
1.5730e-15 0.2324
3.1995e-14 0.1189
2.7392e-12 0.0157
1.7557e-11 0.0068
2.9823e-11 0.0052
1.7867e-11 0.0067
1.5701e-16 0.4157
0.0000e+00 1.0000
7.1327e-16 0.3256
1.0728e-15 0.4930
9.0069e-16 0.2671
4.7356e-16 0.4360
1.6883e-15 0.3979
1.7957e-15 0.4244
1.2785e-15 0.2739
2.0599e-16 0.4412
1.0621e-15 0.3438
0.0000e+00 1.0000
8.1598e-16 0.3369
1.2442e-15 0.3459
1.5897e-15 0.2806
1.5143e-15 0.2755
2.1970e-15 0.3695
3.9936e-15 0.2999
6.5106e-16 0.3555
5.2591e-16 0.3811
1.5393e-15 0.4334
7.9993e-16 0.3431
2.0916e-15 0.2524
3.5810e-15 0.3023
4.0343e-15 0.2567
5.3780e-15 0.2860
5.1880e-15 0.1992
0.0000e+00 1.0000
8.3325e-16 0.3890
1.0020e-15 0.2440
1.8468e-15 0.2355
3.2627e-15 0.2052
1.2318e-14 0.1674
2.1739e-13 0.0471
5.7152e-13 0.0309
2.1414e-13 0.0482
1.1876e-15 0.4408
1.7374e-15 0.4482
4.1193e-15 0.3786
2.8647e-15 0.2923
1.1709e-14 0.1583
1.6018e-12 0.0195
1.3949e-11 0.0073
2.5197e-11 0.0055
1.3730e-11 0.0073
6.6326e-16 0.3694
1.6714e-15 0.2583
2.0355e-15 0.2043
4.5882e-15 0.3019
2.2352e-13 0.0475
1.3690e-11 0.0073
7.8925e-11 0.0031
1.3695e-10 0.0022
7.8523e-11 0.0031
7.9340e-16 0.3976
7.8545e-16 0.2891
3.0422e-15 0.3622
4.5942e-15 0.2057
5.9126e-13 0.0301
2.5649e-11 0.0054
1.3735e-10 0.0022
2.5851e-10 0.0015
1.3692e-10 0.0023
1.7433e-15 0.4161
6.0992e-16 0.3357
2.5107e-15 0.2888
4.1922e-15 0.2609
2.3280e-13 0.0457
1.3950e-11 0.0073
7.8405e-11 0.0031
1.3728e-10 0.0022
7.8930e-11 0.0031
7.6523e-16 0.3168
8.3811e-16 0.3318
1.7707e-15 0.3235
3.6167e-15 0.2924
9.1102e-15 0.1703
1.5021e-12 0.0200
1.3825e-11 0.0073
2.5481e-11 0.0055
1.3895e-11 0.0073
6.4111e-16 0.4833
0.0000e+00 1.0000
4.9563e-16 0.2904
0.0000e+00 1.0000
1.7456e-15 0.4838
7.0191e-16 0.4589
1.2244e-15 0.3616
2.4696e-15 0.4129
2.7167e-15 0.3266
2.5379e-16 0.4116
6.4642e-16 0.3194
6.0433e-16 0.3545
1.3248e-15 0.3240
2.0926e-15 0.3682
3.2993e-15 0.3455
1.9254e-15 0.2624
3.2842e-15 0.3001
2.1806e-15 0.2514
4.3483e-16 0.3103
8.0112e-16 0.4163
1.3625e-15 0.3243
1.7414e-15 0.2983
2.3155e-15 0.1844
2.4805e-15 0.2407
3.8720e-15 0.1912
4.2062e-15 0.2086
8.7675e-15 0.2285
1.3891e-15 0.3798
0.0000e+00 1.0000
2.2651e-15 0.3711
3.3818e-15 0.2560
4.2161e-15 0.1622
7.5370e-15 0.1983
3.7192e-14 0.1031
1.0841e-13 0.0606
3.4788e-14 0.1106
6.2461e-16 0.2989
1.0408e-15 0.2520
2.1676e-15 0.2794
2.8881e-15 0.2881
7.7345e-15 0.2000
4.1322e-13 0.0349
6.5481e-12 0.0099
1.3797e-11 0.0070
6.4808e-12 0.0100
9.9920e-16 0.3763
7.7836e-16 0.3335
1.4446e-15 0.3160
4.7174e-15 0.2032
3.3687e-14 0.1046
6.5287e-12 0.0099
5.1796e-11 0.0038
9.2939e-11 0.0028
5.1683e-11 0.0038
2.0731e-16 0.4060
2.5465e-15 0.4330
2.7904e-15 0.3349
5.0644e-15 0.2408
1.1882e-13 0.0584
1.3820e-11 0.0070
9.2721e-11 0.0028
1.6377e-10 0.0020
9.2442e-11 0.0028
8.8281e-16 0.4186
2.4478e-15 0.4617
3.3565e-15 0.4063
2.6588e-15 0.2416
3.6086e-14 0.1003
6.5130e-12 0.0099
5.1527e-11 0.0038
9.3341e-11 0.0028
5.1885e-11 0.0038
7.3061e-16 0.4797
1.4744e-15 0.3556
1.7059e-15 0.3679
3.1283e-15 0.2530
7.9635e-15 0.2448
3.9423e-13 0.0354
6.4371e-12 0.0100
1.3740e-11 0.0070
6.4768e-12 0.0099
3.8689e-16 0.3595
4.9653e-16 0.4258
1.9324e-15 0.3606
1.2248e-15 0.3877
1.4034e-15 0.3672
1.6608e-15 0.4410
1.6238e-15 0.3400
2.4711e-15 0.3706
8.3134e-16 0.2959
4.5219e-16 0.4180
8.5105e-16 0.2901
8.9769e-16 0.2999
1.8526e-15 0.2430
1.7283e-15 0.2811
1.6742e-15 0.3125
2.8963e-15 0.2893
3.4686e-15 0.3135
2.8673e-15 0.1963
4.5078e-16 0.4518
8.6686e-16 0.3304
1.4921e-15 0.3923
1.6825e-15 0.2507
1.8935e-15 0.2279
4.8666e-15 0.2476
5.4151e-15 0.2588
5.2720e-15 0.2043
5.7180e-15 0.2398
8.5178e-16 0.4521
1.1579e-15 0.3589
9.6251e-16 0.3338
3.1651e-15 0.2266
3.1171e-15 0.2559
6.0924e-15 0.1548
9.4201e-15 0.1481
1.4353e-14 0.1338
8.3382e-15 0.1495
1.1091e-15 0.3082
2.1113e-15 0.3916
2.9735e-15 0.2472
4.1052e-15 0.2245
7.5415e-15 0.1953
4.7466e-14 0.0836
1.3875e-12 0.0195
3.6484e-12 0.0125
1.3676e-12 0.0196
6.8323e-16 0.3030
2.1633e-15 0.3315
2.3402e-15 0.4668
4.7087e-15 0.2406
9.7770e-15 0.1537
1.3629e-12 0.0195
2.0341e-11 0.0057
4.2467e-11 0.0040
2.0335e-11 0.0057
1.9738e-15 0.4451
2.4706e-15 0.3653
3.6207e-15 0.2117
5.8448e-15 0.1844
2.2158e-14 0.1304
3.6974e-12 0.0124
4.2068e-11 0.0040
8.1891e-11 0.0029
4.1810e-11 0.0040
1.5217e-15 0.3778
1.8051e-15 0.3809
1.7829e-15 0.2882
5.9122e-15 0.2093
1.1272e-14 0.1585
1.3759e-12 0.0194
2.0329e-11 0.0057
4.2381e-11 0.0040
2.0394e-11 0.0057
9.0566e-16 0.3804
1.4795e-15 0.4242
2.5199e-15 0.3081
3.7938e-15 0.2198
7.4290e-15 0.1830
4.1933e-14 0.0920
1.3716e-12 0.0196
3.6747e-12 0.0125
1.3737e-12 0.0195
0.0000e+00 1.0000
5.2686e-16 0.3309
1.6879e-15 0.3113
1.0934e-15 0.3489
1.3625e-15 0.4464
2.1482e-15 0.3811
1.7597e-15 0.3557
1.6031e-15 0.3184
2.3344e-15 0.2910
4.9261e-16 0.3293
1.1062e-15 0.4150
1.3287e-15 0.3387
1.0144e-15 0.2613
1.8347e-15 0.3110
3.2516e-15 0.3466
2.3408e-15 0.2133
2.0870e-15 0.2321
5.9204e-15 0.2245
1.2715e-15 0.4479
1.9143e-15 0.3861
1.5049e-15 0.2371
1.3766e-15 0.2378
4.1318e-15 0.2833
2.4345e-15 0.2012
3.5694e-15 0.1881
4.4610e-15 0.1905
4.4896e-15 0.2380
1.0481e-15 0.2691
1.3981e-15 0.2399
1.2150e-15 0.2768
3.0915e-15 0.2399
5.0095e-15 0.1877
6.7227e-15 0.1431
9.5593e-15 0.1619
8.0684e-15 0.1861
7.7707e-15 0.1207
9.2080e-16 0.3409
9.7965e-16 0.2990
2.8867e-15 0.2583
3.1271e-15 0.2405
6.6954e-15 0.1719
1.3905e-14 0.1326
9.3701e-14 0.0617
2.7081e-13 0.0388
8.0652e-14 0.0679
1.7527e-15 0.4831
1.1434e-15 0.3458
2.0061e-15 0.2369
5.1640e-15 0.2261
1.1385e-14 0.1701
8.3271e-14 0.0663
3.1191e-12 0.0130
8.5885e-12 0.0082
3.0733e-12 0.0131
7.1293e-16 0.2917
1.4302e-15 0.2276
4.1069e-15 0.2759
6.6804e-15 0.2237
1.2040e-14 0.1601
2.8658e-13 0.0385
8.4467e-12 0.0082
2.0973e-11 0.0054
8.3029e-12 0.0083
2.9536e-15 0.4364
1.3694e-15 0.3576
1.7330e-15 0.2217
4.0444e-15 0.1982
7.7004e-15 0.1803
9.2294e-14 0.0626
3.1322e-12 0.0130
8.4348e-12 0.0082
3.1270e-12 0.0130
1.1505e-15 0.3947
8.8108e-16 0.4008
1.6752e-15 0.3288
3.8881e-15 0.2414
5.9300e-15 0.1886
1.5514e-14 0.1629
8.7828e-14 0.0663
2.8665e-13 0.0384
9.2169e-14 0.0602
0.0000e+00 1.0000
5.3574e-16 0.4368
6.0575e-16 0.3779
9.6076e-16 0.3247
1.2856e-15 0.3424
2.7154e-15 0.2694
2.6219e-15 0.2813
1.5979e-15 0.3143
3.2437e-15 0.2940
5.0959e-16 0.3222
0.0000e+00 1.0000
5.3478e-16 0.2999
1.5471e-15 0.3879
2.3588e-15 0.2727
2.4488e-15 0.2307
2.8374e-15 0.2865
1.7682e-15 0.2054
3.0491e-15 0.2918
7.3152e-16 0.4889
8.3851e-16 0.3173
1.1499e-15 0.2650
1.3131e-15 0.2544
1.9631e-15 0.1910
3.3339e-15 0.2184
6.4384e-15 0.2911
4.8126e-15 0.2235
4.5622e-15 0.1696
1.0893e-15 0.3041
1.1335e-15 0.3345
2.5309e-15 0.2553
3.8532e-15 0.2249
5.1485e-15 0.1930
5.4822e-15 0.1679
9.1966e-15 0.1769
9.0747e-15 0.1886
7.3656e-15 0.1974
1.0119e-15 0.3786
2.3617e-15 0.3928
2.0102e-15 0.2867
4.6089e-15 0.3218
7.8399e-15 0.1512
1.5291e-14 0.1538
1.8318e-14 0.1169
2.7042e-14 0.1054
2.0166e-14 0.1336
1.0996e-15 0.4587
1.5671e-15 0.3992
2.2765e-15 0.2862
4.7172e-15 0.1936
9.3273e-15 0.1577
1.6153e-14 0.1107
1.0376e-13 0.0572
4.0049e-13 0.0315
1.0729e-13 0.0561
9.7536e-16 0.3198
2.3579e-15 0.3294
2.6855e-15 0.3506
7.8083e-15 0.1992
9.0212e-15 0.2008
3.0652e-14 0.1032
3.6274e-13 0.0329
1.3178e-12 0.0183
3.7915e-13 0.0322
1.6513e-15 0.4471
1.2910e-15 0.2513
4.6501e-15 0.2676
4.1875e-15 0.2145
6.8024e-15 0.1603
1.8913e-14 0.1184
1.3225e-13 0.0527
3.5726e-13 0.0328
1.1296e-13 0.0554
4.2518e-16 0.3421
1.2741e-15 0.3412
3.1701e-15 0.3302
3.4335e-15 0.1984
7.0372e-15 0.2253
1.3170e-14 0.1491
2.0862e-14 0.1476
2.6924e-14 0.1073
2.0275e-14 0.1187
7.0963e-16 0.3184
5.9425e-16 0.2756
6.5703e-16 0.3131
1.1885e-15 0.4117
2.2920e-15 0.4402
1.5466e-15 0.2845
2.2990e-15 0.4110
1.5717e-15 0.2712
1.8082e-15 0.2911
8.9642e-16 0.4073
1.0292e-15 0.2712
8.3217e-16 0.2756
1.6066e-15 0.2854
1.6366e-15 0.4593
1.7066e-15 0.2161
3.0156e-15 0.3935
2.4003e-15 0.2371
2.5707e-15 0.3058
8.1565e-16 0.3459
1.3797e-15 0.2770
1.8455e-15 0.2691
2.3902e-15 0.2582
3.2182e-15 0.3366
3.4352e-15 0.1868
4.0645e-15 0.2041
3.8508e-15 0.2192
3.5998e-15 0.1597
1.4632e-15 0.3442
1.4144e-15 0.3750
1.8603e-15 0.2290
3.1468e-15 0.2363
3.8622e-15 0.2047
7.2447e-15 0.1787
1.0383e-14 0.2125
9.5148e-15 0.1626
9.2088e-15 0.2041
1.4603e-15 0.3229
1.7121e-15 0.2756
2.1256e-15 0.3545
5.3249e-15 0.2404
7.9631e-15 0.1777
1.5381e-14 0.1519
1.6315e-14 0.1148
2.9604e-14 0.1235
1.8205e-14 0.1337
6.7515e-16 0.3035
2.1394e-15 0.4433
1.8065e-15 0.2050
5.3742e-15 0.2562
8.1613e-15 0.1668
1.8770e-14 0.1340
4.3703e-14 0.0876
5.8444e-14 0.0778
4.0898e-14 0.0908
1.7545e-15 0.3563
1.2082e-15 0.2477
3.3547e-15 0.2264
4.2596e-15 0.1908
9.2584e-15 0.1853
2.2200e-14 0.1222
5.3522e-14 0.0782
9.4080e-14 0.0631
5.2194e-14 0.0814
8.0260e-16 0.3239
2.1190e-15 0.4322
3.9034e-15 0.3029
3.8437e-15 0.2365
1.0691e-14 0.1633
2.3146e-14 0.1167
4.0822e-14 0.0924
5.2729e-14 0.0829
3.7003e-14 0.0872
5.2873e-16 0.3483
1.3969e-15 0.4131
3.2033e-15 0.3876
2.8853e-15 0.2266
8.0424e-15 0.1870
9.6787e-15 0.1618
1.6834e-14 0.1192
2.1774e-14 0.1154
2.0011e-14 0.1326
0.0000e+00 1.0000
2.5849e-16 0.3968
1.0634e-15 0.4020
0.0000e+00 1.0000
2.0660e-15 0.3275
1.4055e-15 0.3557
2.2385e-15 0.3217
1.3783e-15 0.2059
2.5546e-15 0.4244
8.8129e-16 0.3601
1.2270e-15 0.2850
1.3069e-15 0.2814
2.7614e-15 0.2421
2.3202e-15 0.3550
2.9168e-15 0.4488
1.5850e-15 0.3257
3.3783e-15 0.2870
3.6308e-15 0.2819
5.1441e-16 0.3326
1.1444e-15 0.2714
2.1069e-15 0.2780
1.7946e-15 0.2035
2.6318e-15 0.2366
3.5629e-15 0.2135
4.4024e-15 0.2441
3.1481e-15 0.2082
4.2906e-15 0.2325
1.5503e-15 0.3553
1.3498e-15 0.3762
2.4344e-15 0.2946
2.4740e-15 0.2232
3.3679e-15 0.1826
6.1658e-15 0.2048
8.6099e-15 0.1992
9.7885e-15 0.1708
8.5071e-15 0.1679
1.3510e-15 0.3797
1.5127e-15 0.2538
1.8037e-15 0.2640
6.3143e-15 0.2687
7.7432e-15 0.1827
1.0733e-14 0.1684
1.5558e-14 0.1247
2.5569e-14 0.1272
1.9227e-14 0.1351
1.4751e-15 0.4342
1.0254e-15 0.2529
3.2429e-15 0.3085
3.7353e-15 0.1902
9.3998e-15 0.1842
1.6471e-14 0.1373
3.5463e-14 0.0961
4.4911e-14 0.0866
3.2609e-14 0.1069
1.8442e-15 0.3137
2.2660e-15 0.3455
4.0448e-15 0.2778
5.4703e-15 0.2333
1.0822e-14 0.1587
2.0847e-14 0.1426
4.6334e-14 0.0912
7.6468e-14 0.0688
4.8851e-14 0.0836
0.0000e+00 1.0000
2.7629e-15 0.3022
2.2336e-15 0.2377
5.3752e-15 0.2423
1.1662e-14 0.1618
2.1085e-14 0.1251
2.8885e-14 0.1003
5.0934e-14 0.0821
3.0949e-14 0.0949
9.6475e-16 0.3912
1.0687e-15 0.3251
2.0406e-15 0.2455
3.2116e-15 0.2962
6.5522e-15 0.1796
1.1320e-14 0.1913
1.4813e-14 0.1235
2.2542e-14 0.1214
1.7038e-14 0.1288
6.8189e-16 0.3892
6.7981e-16 0.3725
1.1991e-15 0.3002
1.7908e-15 0.4684
1.3736e-15 0.3587
1.1803e-15 0.2773
1.7633e-15 0.4520
1.9521e-15 0.3473
2.5391e-15 0.4031
6.1313e-16 0.3359
1.1796e-15 0.3540
1.6349e-15 0.3875
1.5751e-15 0.2609
1.9300e-15 0.2400
2.0388e-15 0.2478
3.8616e-15 0.3146
1.8130e-15 0.2434
2.4109e-15 0.2096
1.0708e-15 0.2604
2.2453e-15 0.4277
1.6888e-15 0.3578
1.9072e-15 0.2613
3.8016e-15 0.2218
3.4282e-15 0.2602
5.2287e-15 0.2471
4.9647e-15 0.2425
3.7857e-15 0.2706
1.2065e-15 0.3943
1.3545e-15 0.2670
2.2997e-15 0.3754
2.7085e-15 0.2363
5.3560e-15 0.2190
5.8147e-15 0.1896
7.7713e-15 0.1552
1.0600e-14 0.1961
9.7165e-15 0.1721
1.2227e-15 0.4012
1.4882e-15 0.3318
2.7767e-15 0.2537
4.0809e-15 0.2083
5.2696e-15 0.2274
8.4408e-15 0.1712
1.7223e-14 0.1502
2.1310e-14 0.1243
1.9188e-14 0.1314
1.9683e-15 0.3731
2.9862e-15 0.3937
3.9746e-15 0.2459
4.1796e-15 0.2165
7.4299e-15 0.2073
1.5137e-14 0.1335
2.9521e-14 0.0985
4.5897e-14 0.0924
3.1041e-14 0.1044
6.8722e-16 0.2894
1.8158e-15 0.2524
2.8356e-15 0.2780
6.5650e-15 0.1938
1.4836e-14 0.1749
2.1190e-14 0.1453
4.1515e-14 0.0929
6.5076e-14 0.0771
4.0286e-14 0.0916
2.3755e-15 0.4079
1.8166e-15 0.2682
2.5565e-15 0.2892
4.3045e-15 0.2216
7.3008e-15 0.1602
1.6522e-14 0.1302
2.6542e-14 0.0994
4.0725e-14 0.0882
3.6110e-14 0.1049
1.2822e-15 0.3198
1.5869e-15 0.3752
2.1527e-15 0.2369
3.8697e-15 0.1879
8.6028e-15 0.2407
1.0782e-14 0.1598
1.1977e-14 0.1284
2.0073e-14 0.1258
1.6272e-14 0.1297
8.3660e-16 0.4494
0.0000e+00 1.0000
1.6370e-15 0.4525
0.0000e+00 1.0000
6.3242e-16 0.3175
2.5115e-15 0.2565
2.4635e-15 0.4133
1.1370e-15 0.2622
1.5022e-15 0.2468
0.0000e+00 1.0000
9.0436e-16 0.2835
1.1946e-15 0.2495
2.1395e-15 0.4060
1.9474e-15 0.3174
2.4685e-15 0.2379
3.0528e-15 0.2946
1.5160e-15 0.2300
3.1411e-15 0.2303
1.0943e-15 0.3354
0.0000e+00 1.0000
1.4358e-15 0.2374
1.5710e-15 0.2742
3.5078e-15 0.2511
2.5339e-15 0.2596
3.8580e-15 0.1872
3.4465e-15 0.2372
3.7879e-15 0.1938
0.0000e+00 1.0000
8.3683e-16 0.4131
2.5704e-15 0.3335
2.3136e-15 0.2220
5.8359e-15 0.1809
5.5550e-15 0.1782
8.8952e-15 0.1812
1.0290e-14 0.1701
1.0852e-14 0.1973
6.8886e-16 0.4083
2.9417e-15 0.3690
2.4012e-15 0.2318
3.9489e-15 0.2202
5.9745e-15 0.1913
7.5133e-15 0.1658
1.5249e-14 0.1343
1.9347e-14 0.1265
1.9900e-14 0.1533
1.2486e-15 0.3446
4.0929e-15 0.3816
3.6258e-15 0.2751
3.8831e-15 0.2288
6.8679e-15 0.1632
1.5937e-14 0.1345
3.1017e-14 0.1068
3.8554e-14 0.1014
2.6995e-14 0.1210
1.3678e-15 0.3607
2.3104e-15 0.2822
3.0945e-15 0.3213
5.0275e-15 0.2215
9.6359e-15 0.1670
1.9098e-14 0.1533
3.6678e-14 0.0975
5.6414e-14 0.0862
3.8008e-14 0.0990
3.0606e-15 0.3781
0.0000e+00 1.0000
2.6630e-15 0.2525
4.2945e-15 0.2820
8.9845e-15 0.1904
1.7305e-14 0.1360
2.8218e-14 0.1124
3.5374e-14 0.0948
2.5113e-14 0.1139
6.9306e-16 0.2787
1.2661e-15 0.3882
2.2334e-15 0.2819
5.4977e-15 0.2601
7.9634e-15 0.2199
1.1650e-14 0.1531
1.5717e-14 0.1422
1.8947e-14 0.1265
1.3157e-14 0.1455
5.7212e-16 0.4160
8.6332e-16 0.3560
1.0646e-15 0.4037
9.5193e-16 0.3878
1.4656e-15 0.2484
2.2288e-15 0.3542
1.9495e-15 0.3683
1.3774e-15 0.4489
2.2990e-15 0.2331
0.0000e+00 1.0000
3.1462e-16 0.4252
7.7218e-16 0.3010
1.3158e-15 0.3205
1.3139e-15 0.3010
2.0463e-15 0.2720
3.4332e-15 0.2918
2.0086e-15 0.2453
3.6645e-15 0.2220
0.0000e+00 1.0000
8.1958e-16 0.4886
1.2150e-15 0.2393
3.0005e-15 0.2800
4.3031e-15 0.2945
2.3800e-15 0.1911
4.9714e-15 0.2226
6.7080e-15 0.2318
4.3849e-15 0.2090
5.8882e-16 0.2929
1.3750e-15 0.4632
3.5549e-15 0.4393
2.0895e-15 0.2043
6.5032e-15 0.2453
7.4511e-15 0.1745
9.7362e-15 0.1906
9.2238e-15 0.1816
1.0687e-14 0.1703
1.2571e-15 0.3797
1.5523e-15 0.3202
3.3360e-15 0.2698
3.3509e-15 0.2558
5.3960e-15 0.2044
8.1159e-15 0.1787
1.2993e-14 0.1438
1.6225e-14 0.1370
1.5408e-14 0.1508
1.8722e-15 0.2733
2.2458e-15 0.3307
2.7225e-15 0.2730
4.2330e-15 0.2403
8.2292e-15 0.2362
1.4358e-14 0.1386
2.3785e-14 0.1169
3.0960e-14 0.1142
2.1577e-14 0.1425
1.3805e-15 0.2741
3.0007e-15 0.3151
2.0638e-15 0.2145
5.0788e-15 0.2174
8.7403e-15 0.1665
1.4986e-14 0.1607
3.6211e-14 0.1107
4.7891e-14 0.0874
3.4010e-14 0.1048
1.2090e-15 0.4469
1.0927e-15 0.2766
2.3288e-15 0.3142
4.3720e-15 0.1668
9.2171e-15 0.1916
1.7193e-14 0.1385
2.6359e-14 0.1212
3.3926e-14 0.1052
2.4945e-14 0.1170
7.7926e-16 0.4314
1.9049e-15 0.4080
2.4753e-15 0.2691
4.7874e-15 0.1936
6.0505e-15 0.2274
1.0819e-14 0.1650
1.6392e-14 0.1519
1.5553e-14 0.1454
1.2132e-14 0.1431
6.0697e-16 0.3723
5.6154e-16 0.3327
5.3712e-16 0.4642
1.1273e-15 0.2809
1.4581e-15 0.2259
3.6685e-15 0.4498
2.0766e-15 0.4075
1.1973e-15 0.2599
1.2247e-15 0.2317
4.0878e-16 0.3468
0.0000e+00 1.0000
1.9601e-15 0.4156
9.0740e-16 0.3142
2.4793e-15 0.3442
2.6465e-15 0.3231
5.0737e-15 0.2673
1.8634e-15 0.2266
2.7381e-15 0.2137
2.0280e-15 0.4743
1.4006e-15 0.4777
8.9074e-16 0.2603
2.2089e-15 0.2283
3.1737e-15 0.2438
3.2678e-15 0.2481
5.0472e-15 0.2146
4.7269e-15 0.2309
5.2765e-15 0.1989
2.2364e-15 0.4368
1.5412e-15 0.4644
2.7862e-15 0.3294
3.6532e-15 0.2709
6.0032e-15 0.2339
4.8756e-15 0.1927
9.4018e-15 0.1886
1.2337e-14 0.1720
1.0455e-14 0.1929
9.1212e-16 0.3089
1.5360e-15 0.2870
2.5697e-15 0.3511
5.3043e-15 0.2808
6.9449e-15 0.2167
9.1573e-15 0.1895
1.3093e-14 0.1347
1.9257e-14 0.1431
1.3822e-14 0.1515
1.7986e-15 0.2981
2.6080e-15 0.4324
3.2306e-15 0.2655
3.3572e-15 0.2672
5.2083e-15 0.1783
1.3467e-14 0.1475
2.0944e-14 0.1203
3.2043e-14 0.1056
2.1173e-14 0.1257
1.2727e-15 0.3627
2.5194e-15 0.3137
2.1844e-15 0.2540
4.3590e-15 0.2346
9.1557e-15 0.1886
1.5587e-14 0.1525
3.0583e-14 0.1090
4.0477e-14 0.0927
2.7887e-14 0.1071
5.8682e-16 0.4040
1.8176e-15 0.2920
2.1446e-15 0.2935
3.4868e-15 0.1674
6.2720e-15 0.2058
1.8677e-14 0.1446
2.1976e-14 0.1444
3.0216e-14 0.1094
1.7999e-14 0.1215
9.0963e-16 0.4177
3.1064e-15 0.2974
2.7444e-15 0.2438
6.9757e-15 0.2206
7.8200e-15 0.2053
8.4364e-15 0.2030
1.3303e-14 0.1769
1.6106e-14 0.1516
1.3599e-14 0.1694
0.0000e+00 1.0000
8.0213e-16 0.2997
1.2570e-15 0.3386
1.2792e-15 0.3636
1.1650e-15 0.3154
1.4617e-15 0.3162
3.3003e-15 0.2956
1.9518e-15 0.2867
1.0978e-15 0.3304
7.2451e-16 0.4624
1.0429e-15 0.4690
6.5254e-16 0.4016
1.7245e-15 0.3432
1.2544e-15 0.3357
2.9897e-15 0.2840
4.4612e-15 0.2926
2.6541e-15 0.2800
2.2499e-15 0.2459
8.9875e-16 0.4462
9.3523e-16 0.4282
1.4849e-15 0.3603
2.4720e-15 0.3120
2.4179e-15 0.2206
2.4945e-15 0.2553
4.4231e-15 0.2164
6.2637e-15 0.2331
6.2948e-15 0.2151
1.6841e-15 0.3943
7.5511e-16 0.3323
2.8933e-15 0.3394
1.9936e-15 0.2572
5.2693e-15 0.2011
5.0527e-15 0.1896
7.2423e-15 0.1766
1.1497e-14 0.2044
1.0880e-14 0.1975
7.9834e-16 0.3392
1.3666e-15 0.2986
3.0042e-15 0.2571
4.2287e-15 0.2924
5.6620e-15 0.2667
9.5423e-15 0.1971
1.5295e-14 0.1542
1.6194e-14 0.1721
1.5175e-14 0.1597
0.0000e+00 1.0000
2.1736e-15 0.3500
2.1817e-15 0.2782
3.1544e-15 0.3197
7.6592e-15 0.1852
1.2918e-14 0.1613
2.0005e-14 0.1218
2.2964e-14 0.1187
2.2034e-14 0.1333
1.4951e-15 0.3487
2.3490e-15 0.2931
2.3451e-15 0.3208
7.5354e-15 0.2123
7.9541e-15 0.2179
1.7230e-14 0.1634
2.5344e-14 0.1119
3.7439e-14 0.0997
3.2660e-14 0.1171
1.7452e-15 0.4329
2.1995e-15 0.2193
2.2701e-15 0.1965
3.6252e-15 0.2075
5.9632e-15 0.2268
1.4211e-14 0.1608
2.4519e-14 0.1439
2.7008e-14 0.1090
2.3365e-14 0.1281
3.7275e-16 0.3896
1.8358e-15 0.2949
3.6567e-15 0.3463
7.4363e-15 0.2470
6.0102e-15 0.2351
8.3307e-15 0.2215
1.3548e-14 0.1463
1.3228e-14 0.1522
1.2585e-14 0.1578
0.0000e+00 1.0000
0.0000e+00 1.0000
7.1740e-16 0.3721
1.7933e-15 0.3489
9.6086e-16 0.3376
3.3696e-15 0.3361
2.6501e-15 0.3007
1.9356e-15 0.2332
1.1749e-15 0.4967
3.9953e-16 0.4544
1.1436e-15 0.3358
1.5992e-15 0.4452
2.4568e-15 0.3640
1.5236e-15 0.3543
3.2366e-15 0.2700
2.7053e-15 0.2298
4.3824e-15 0.2473
2.9072e-15 0.3000
2.2277e-15 0.4582
1.6117e-15 0.3747
5.5613e-16 0.2797
3.0921e-15 0.2905
4.7225e-15 0.3476
3.0480e-15 0.2340
4.6028e-15 0.2551
6.2265e-15 0.2190
5.0290e-15 0.2210
8.9159e-16 0.3839
9.9151e-16 0.3347
2.5319e-15 0.3756
2.7291e-15 0.2456
3.5908e-15 0.2292
5.8254e-15 0.2360
9.0510e-15 0.2255
8.6753e-15 0.2154
6.3895e-15 0.2095
1.5664e-15 0.3837
1.3579e-15 0.2718
2.8340e-15 0.2262
2.6748e-15 0.2526
6.1960e-15 0.2385
7.5493e-15 0.1818
1.1042e-14 0.1821
1.7988e-14 0.1558
1.1749e-14 0.1675
1.1988e-15 0.3389
1.7709e-15 0.3780
4.2918e-15 0.3151
3.4151e-15 0.2265
9.5344e-15 0.2101
1.0910e-14 0.1697
1.4547e-14 0.1315
2.0792e-14 0.1232
1.7787e-14 0.1507
2.2032e-15 0.4102
1.8777e-15 0.3342
3.5661e-15 0.2933
4.7458e-15 0.2532
9.0886e-15 0.2173
1.4665e-14 0.1518
2.0674e-14 0.1244
3.6265e-14 0.1167
2.3638e-14 0.1223
2.2480e-15 0.3811
2.3356e-15 0.3899
2.2185e-15 0.2803
5.3762e-15 0.2124
8.1434e-15 0.2411
1.5808e-14 0.1630
1.9726e-14 0.1362
2.5162e-14 0.1276
1.4698e-14 0.1481
2.2079e-15 0.4579
1.5067e-15 0.2549
4.2807e-15 0.3048
5.0025e-15 0.2252
5.2823e-15 0.2173
9.1637e-15 0.2085
8.7381e-15 0.1461
1.7742e-14 0.1714
1.3498e-14 0.1810
4.2981e-16 0.3733
3.4568e-16 0.3756
1.1777e-15 0.4241
1.8240e-15 0.3282
1.4551e-15 0.3117
1.7185e-15 0.4695
3.3030e-15 0.3044
1.6840e-15 0.2816
1.4257e-15 0.2643
1.1840e-15 0.4409
0.0000e+00 1.0000
1.4883e-15 0.4258
2.5342e-15 0.2561
2.6622e-15 0.2396
2.4372e-15 0.2861
5.0578e-15 0.3214
4.2807e-15 0.2704
2.9889e-15 0.3507
2.1061e-15 0.4831
1.6621e-15 0.4278
1.7400e-15 0.2794
2.8778e-15 0.2614
5.3932e-15 0.3427
5.2530e-15 0.3158
3.5577e-15 0.2021
7.2944e-15 0.2343
3.0055e-15 0.2531
1.0500e-15 0.4132
1.7320e-15 0.2750
3.2486e-15 0.3120
4.1695e-15 0.2797
3.8328e-15 0.2449
4.2766e-15 0.2129
5.4393e-15 0.2261
8.1611e-15 0.2254
1.0059e-14 0.2316
7.6151e-16 0.3146
1.1129e-15 0.2768
2.6464e-15 0.2370
3.8057e-15 0.2564
6.4327e-15 0.2587
5.8389e-15 0.1814
1.4372e-14 0.1613
1.3945e-14 0.1728
1.1167e-14 0.1574
1.8529e-15 0.2699
1.5885e-15 0.3481
4.2253e-15 0.2779
5.7667e-15 0.2372
8.7003e-15 0.1884
1.2475e-14 0.1877
2.0716e-14 0.1373
1.7621e-14 0.1358
2.0833e-14 0.1619
1.5833e-15 0.4899
2.4373e-15 0.4020
2.6792e-15 0.2741
6.3417e-15 0.2474
6.0018e-15 0.2224
1.2291e-14 0.1506
2.0370e-14 0.1196
2.7495e-14 0.1095
2.3679e-14 0.1275
6.9411e-16 0.3092
1.2362e-15 0.2291
1.6323e-15 0.2019
4.5921e-15 0.3551
7.7491e-15 0.2001
1.1658e-14 0.1824
1.7057e-14 0.1350
2.3647e-14 0.1249
1.4003e-14 0.1402
0.0000e+00 1.0000
8.5443e-16 0.3547
4.3045e-15 0.3119
5.9800e-15 0.2812
7.0944e-15 0.1982
6.6392e-15 0.1838
1.1415e-14 0.1717
1.6019e-14 0.1850
1.3815e-14 0.1796
0.0000e+00 1.0000
8.6366e-16 0.3392
2.4362e-15 0.4020
1.9542e-15 0.2756
1.1947e-15 0.3908
2.4439e-15 0.3695
1.8518e-15 0.3027
1.2536e-15 0.2746
0.0000e+00 1.0000
1.1448e-15 0.3615
9.1773e-16 0.3963
1.8393e-15 0.3711
9.1932e-16 0.2909
2.4199e-15 0.3941
2.2503e-15 0.2716
3.5879e-15 0.2794
3.8125e-15 0.2649
2.2528e-15 0.3875
0.0000e+00 1.0000
1.1376e-15 0.2873
1.7119e-15 0.2486
2.2231e-15 0.3129
4.9260e-15 0.2958
2.6945e-15 0.2599
5.6698e-15 0.2559
6.2129e-15 0.2099
2.9705e-15 0.2320
7.7926e-16 0.3339
1.2569e-15 0.2875
2.2831e-15 0.4130
2.0771e-15 0.3907
1.7731e-15 0.2677
2.8653e-15 0.3656
7.4816e-15 0.2095
6.8697e-15 0.2083
6.1360e-15 0.2388
1.5624e-15 0.3021
1.5600e-15 0.4659
2.7376e-15 0.2737
4.0112e-15 0.2532
4.1355e-15 0.2012
6.6833e-15 0.2073
1.1811e-14 0.1594
1.5027e-14 0.1707
1.0384e-14 0.1954
1.7133e-15 0.3749
1.6512e-15 0.3079
3.3779e-15 0.3321
2.8558e-15 0.2983
6.3217e-15 0.1952
8.4214e-15 0.1909
1.4636e-14 0.1527
1.8534e-14 0.1420
1.7941e-14 0.1428
1.0834e-15 0.3019
2.7234e-15 0.3212
2.9846e-15 0.3199
5.8177e-15 0.2451
6.3640e-15 0.2292
1.2650e-14 0.1672
1.9947e-14 0.1339
2.3317e-14 0.1390
1.9701e-14 0.1374
1.6050e-15 0.2682
2.3317e-15 0.2972
1.8158e-15 0.2412
3.8228e-15 0.2487
1.1269e-14 0.1988
1.2045e-14 0.1692
1.4655e-14 0.1710
2.2643e-14 0.1283
1.5114e-14 0.1569
1.2090e-15 0.3403
2.0617e-15 0.3812
3.4561e-15 0.2292
4.2680e-15 0.2828
6.0748e-15 0.2202
7.7902e-15 0.1975
1.4351e-14 0.1591
1.2930e-14 0.1620
8.7468e-15 0.1607
