     9      9     21
d_kernel   u_kernel

5.3321e-16 0.3848
9.7417e-16 0.3142
9.8898e-16 0.3176
1.1301e-15 0.2406
1.9140e-15 0.4104
1.2650e-15 0.4414
1.0937e-15 0.3832
5.5406e-16 0.3006
3.5418e-16 0.3867
3.6848e-16 0.4270
9.8596e-16 0.3078
4.5583e-15 0.2577
6.3255e-14 0.1000
1.0352e-13 0.0772
5.0878e-14 0.1019
6.1037e-15 0.2593
1.7124e-15 0.3904
7.5708e-16 0.3279
5.1152e-16 0.2755
3.5145e-15 0.2648
2.2936e-13 0.0529
1.2256e-12 0.0250
1.7426e-12 0.0209
1.2239e-12 0.0250
2.2476e-13 0.0541
2.8329e-15 0.3175
8.2899e-16 0.4023
1.4447e-15 0.2427
5.2696e-14 0.1035
1.2402e-12 0.0250
2.9470e-12 0.0161
4.0307e-12 0.0134
2.9008e-12 0.0162
1.1616e-12 0.0255
4.4566e-14 0.1089
7.1201e-16 0.3111
1.2447e-15 0.2518
1.0555e-13 0.0754
1.7714e-12 0.0209
3.9788e-12 0.0136
1.1753e-09 0.0002
4.0879e-12 0.0133
1.8241e-12 0.0209
1.0094e-13 0.0779
1.0332e-15 0.3084
1.6186e-15 0.3287
5.0597e-14 0.1071
1.1958e-12 0.0257
2.9004e-12 0.0164
3.8944e-12 0.0136
2.8588e-12 0.0162
1.1476e-12 0.0258
4.9783e-14 0.1125
2.0022e-15 0.3853
6.5444e-16 0.2739
3.7458e-15 0.2524
2.0424e-13 0.0576
1.1499e-12 0.0253
1.7103e-12 0.0210
1.1686e-12 0.0257
2.2691e-13 0.0550
2.5959e-15 0.2322
1.6808e-15 0.2429
7.4593e-16 0.3395
9.7367e-16 0.2305
3.5693e-15 0.2822
4.7433e-14 0.1085
1.0560e-13 0.0753
6.4239e-14 0.0982
2.6477e-15 0.3043
2.2018e-15 0.4057
1.0249e-15 0.4236
3.6499e-16 0.4032
5.8383e-16 0.3740
1.0715e-15 0.3010
8.2359e-16 0.3253
1.9596e-15 0.2972
1.2470e-15 0.3093
9.6459e-16 0.2642
7.2561e-16 0.4211
4.8191e-16 0.3963
9.2650e-16 0.4045
9.0125e-16 0.2666
1.1035e-15 0.2522
1.5249e-15 0.3198
1.6768e-15 0.3302
1.2915e-15 0.2950
1.2922e-15 0.2418
0.0000e+00 1.0000
0.0000e+00 1.0000
5.3520e-16 0.2910
9.2378e-16 0.3900
6.6499e-15 0.2376
1.0731e-13 0.0710
2.6292e-13 0.0489
1.0103e-13 0.0727
8.1578e-15 0.2118
2.0704e-15 0.4879
9.5576e-16 0.3332
8.8153e-16 0.2403
4.1902e-15 0.2740
5.0763e-13 0.0367
3.0194e-12 0.0163
4.6907e-12 0.0131
3.0625e-12 0.0161
4.9824e-13 0.0366
6.3964e-15 0.2627
8.5482e-16 0.3487
0.0000e+00 1.0000
9.6079e-14 0.0778
3.0076e-12 0.0162
9.5399e-12 0.0093
1.8298e-11 0.0063
9.4225e-12 0.0093
2.9981e-12 0.0164
1.0822e-13 0.0728
1.1456e-15 0.3177
2.1820e-15 0.2392
2.5436e-13 0.0495
4.7122e-12 0.0130
1.8156e-11 0.0063
1.2875e-09 0.0002
1.8267e-11 0.0063
4.6667e-12 0.0131
2.3712e-13 0.0515
8.9474e-16 0.2622
1.2350e-15 0.2350
1.0207e-13 0.0730
2.9705e-12 0.0163
9.3172e-12 0.0094
1.8147e-11 0.0063
9.4554e-12 0.0094
2.9520e-12 0.0163
1.0264e-13 0.0742
1.6368e-15 0.3242
9.7946e-16 0.2390
5.7759e-15 0.2158
4.9673e-13 0.0370
2.9259e-12 0.0164
4.5860e-12 0.0133
3.0069e-12 0.0163
5.2342e-13 0.0365
6.4502e-15 0.1985
1.1719e-15 0.3212
9.9895e-16 0.2935
1.6147e-15 0.2580
6.2165e-15 0.2601
9.8486e-14 0.0765
2.4542e-13 0.0499
1.1613e-13 0.0703
5.1245e-15 0.2619
1.4370e-15 0.2309
1.0360e-15 0.2796
6.8438e-16 0.2856
8.1907e-16 0.2685
6.3470e-16 0.3469
1.5080e-15 0.2728
1.2393e-15 0.2894
1.5921e-15 0.4355
1.3055e-15 0.2711
0.0000e+00 1.0000
1.0499e-15 0.3256
1.4122e-15 0.3370
5.6786e-16 0.3116
8.8507e-16 0.2540
1.6142e-15 0.2126
1.6108e-15 0.2805
2.3469e-15 0.3677
1.4027e-15 0.2223
1.8807e-15 0.4388
1.0785e-15 0.3029
1.5485e-15 0.2879
1.6974e-15 0.3170
2.6008e-15 0.2702
1.3600e-13 0.0615
3.5619e-13 0.0408
1.6714e-13 0.0582
7.0343e-15 0.2143
2.1078e-15 0.2196
1.3402e-15 0.2934
1.3383e-15 0.2351
6.1064e-15 0.2485
8.3967e-13 0.0283
6.1116e-12 0.0115
1.0328e-11 0.0089
6.1688e-12 0.0114
7.9930e-13 0.0288
5.1488e-15 0.2018
1.6410e-15 0.3383
1.4794e-15 0.2255
1.2827e-13 0.0645
6.2700e-12 0.0114
2.8290e-11 0.0055
7.4757e-11 0.0031
2.8233e-11 0.0055
6.0780e-12 0.0115
1.3992e-13 0.0619
1.9460e-15 0.2919
1.4865e-15 0.2855
3.5678e-13 0.0408
1.0513e-11 0.0089
7.4885e-11 0.0031
1.1937e-09 0.0003
7.4519e-11 0.0031
1.0441e-11 0.0089
3.2385e-13 0.0419
1.0021e-15 0.2453
2.4516e-15 0.2876
1.5188e-13 0.0583
6.3182e-12 0.0113
2.8070e-11 0.0055
7.4587e-11 0.0031
2.8493e-11 0.0055
6.3181e-12 0.0113
1.3624e-13 0.0612
2.3604e-15 0.2577
8.4942e-16 0.2668
7.9388e-15 0.1843
8.8737e-13 0.0278
6.2147e-12 0.0115
1.0394e-11 0.0089
6.1846e-12 0.0114
8.5534e-13 0.0279
6.5913e-15 0.2315
1.1510e-15 0.2607
1.5699e-15 0.2391
3.0669e-15 0.3992
5.1410e-15 0.2323
1.3797e-13 0.0631
3.3256e-13 0.0410
1.4043e-13 0.0629
6.8114e-15 0.2223
2.2660e-15 0.3673
1.0719e-15 0.2662
0.0000e+00 1.0000
7.1743e-16 0.3494
1.1015e-15 0.4795
9.5717e-16 0.3349
1.5623e-15 0.3301
2.5426e-15 0.2745
8.7863e-16 0.3090
4.8381e-16 0.3529
5.1533e-16 0.3093
1.7216e-15 0.3701
6.9112e-16 0.4035
2.3127e-15 0.3609
1.1866e-15 0.2302
1.5429e-15 0.4831
1.7326e-15 0.2831
2.4643e-15 0.3116
1.4120e-15 0.3151
1.1820e-15 0.3535
1.5629e-15 0.3218
2.7436e-15 0.2553
4.9416e-15 0.2586
1.1019e-13 0.0645
3.6308e-13 0.0384
1.3326e-13 0.0610
5.7038e-15 0.2094
2.2806e-15 0.2294
1.2188e-15 0.3912
1.3170e-15 0.2174
5.2217e-15 0.2125
9.9376e-13 0.0247
9.6037e-12 0.0090
1.7882e-11 0.0068
9.8072e-12 0.0090
1.0213e-12 0.0248
6.3435e-15 0.2240
1.8458e-15 0.3002
1.1378e-15 0.2344
1.2848e-13 0.0626
9.8468e-12 0.0090
6.0766e-11 0.0037
1.5288e-10 0.0021
6.0761e-11 0.0037
9.7198e-12 0.0090
1.1385e-13 0.0660
1.8395e-15 0.3092
1.6411e-15 0.3668
3.3943e-13 0.0399
1.8059e-11 0.0067
1.5274e-10 0.0021
8.4795e-10 0.0005
1.5263e-10 0.0021
1.7927e-11 0.0068
3.4567e-13 0.0397
1.6697e-15 0.2673
2.7742e-15 0.2622
1.2477e-13 0.0614
9.7262e-12 0.0090
6.0820e-11 0.0037
1.5222e-10 0.0021
6.0812e-11 0.0037
9.6407e-12 0.0090
1.1962e-13 0.0640
1.5382e-15 0.2066
2.5792e-15 0.2638
5.3225e-15 0.2097
1.0092e-12 0.0249
9.6945e-12 0.0090
1.7719e-11 0.0068
9.6722e-12 0.0090
1.0082e-12 0.0248
4.2509e-15 0.2022
1.5936e-15 0.3005
1.7945e-15 0.3308
4.2382e-15 0.3202
5.3002e-15 0.2294
1.1317e-13 0.0648
3.4842e-13 0.0388
1.0981e-13 0.0641
6.6024e-15 0.2173
1.6348e-15 0.2075
1.4451e-15 0.2666
1.7486e-15 0.4430
1.4527e-15 0.3060
1.8060e-15 0.4353
3.2307e-15 0.2792
3.1326e-15 0.2789
1.7072e-15 0.2839
2.6079e-15 0.4682
2.0579e-15 0.4771
1.3666e-15 0.3849
1.7819e-15 0.2630
1.6216e-15 0.3029
2.3125e-15 0.3142
3.1780e-15 0.2826
1.5997e-15 0.2598
2.3554e-15 0.3436
2.5833e-15 0.3041
1.1869e-15 0.3041
5.1630e-16 0.3827
2.1191e-15 0.2433
3.1785e-15 0.2418
4.5510e-15 0.2201
6.1435e-14 0.0827
1.9801e-13 0.0489
5.8943e-14 0.0875
3.2280e-15 0.1722
1.6372e-15 0.2225
1.1972e-15 0.3600
1.9678e-15 0.1974
4.5178e-15 0.1949
7.8973e-13 0.0267
1.0763e-11 0.0083
2.1807e-11 0.0060
1.0737e-11 0.0083
7.4650e-13 0.0273
3.5362e-15 0.2124
1.9855e-15 0.2228
2.5580e-15 0.2078
5.8290e-14 0.0841
1.0811e-11 0.0082
8.2972e-11 0.0031
1.7932e-10 0.0020
8.3388e-11 0.0031
1.0784e-11 0.0083
6.9434e-14 0.0757
3.7480e-15 0.2794
3.0626e-15 0.3158
1.9866e-13 0.0486
2.1816e-11 0.0059
1.7907e-10 0.0020
5.3331e-10 0.0009
1.7875e-10 0.0020
2.1901e-11 0.0059
2.0684e-13 0.0481
2.2323e-15 0.2600
2.0866e-15 0.2224
5.2862e-14 0.0840
1.0884e-11 0.0082
8.3101e-11 0.0031
1.7875e-10 0.0020
8.3462e-11 0.0031
1.0738e-11 0.0082
6.9015e-14 0.0789
2.5458e-15 0.3845
2.7919e-15 0.2141
5.1521e-15 0.1928
7.3848e-13 0.0274
1.0635e-11 0.0083
2.1683e-11 0.0060
1.0906e-11 0.0082
7.8911e-13 0.0267
4.6729e-15 0.1864
3.7984e-15 0.2872
8.1757e-16 0.2664
2.7463e-15 0.2910
3.1538e-15 0.2994
6.5345e-14 0.0818
2.1374e-13 0.0473
7.0687e-14 0.0774
3.7258e-15 0.2243
3.6654e-15 0.4397
1.1496e-15 0.2485
1.4049e-15 0.3303
0.0000e+00 1.0000
2.0489e-15 0.3398
3.2215e-15 0.2849
2.6144e-15 0.3366
1.1284e-15 0.3113
1.6805e-15 0.2666
9.8497e-16 0.3150
8.1933e-16 0.2573
1.6654e-15 0.2566
1.7918e-15 0.2188
2.4482e-15 0.3184
1.8202e-15 0.2383
4.4684e-15 0.2629
2.7684e-15 0.4347
1.4932e-15 0.2780
2.6570e-15 0.3162
1.3395e-15 0.4130
2.6520e-15 0.3194
2.3850e-15 0.2450
5.3860e-15 0.3201
1.6364e-14 0.1377
5.0239e-14 0.0854
1.4104e-14 0.1478
4.3996e-15 0.1985
1.9480e-15 0.2973
2.2352e-15 0.3585
1.8715e-15 0.2234
4.6889e-15 0.2526
3.0322e-13 0.0388
7.3749e-12 0.0094
1.7126e-11 0.0064
7.4022e-12 0.0094
3.0480e-13 0.0394
6.1323e-15 0.2869
2.1906e-15 0.2534
1.8114e-15 0.1823
1.2210e-14 0.1423
7.4291e-12 0.0094
7.6599e-11 0.0032
1.5362e-10 0.0021
7.6502e-11 0.0032
7.4679e-12 0.0093
1.5376e-14 0.1461
2.3059e-15 0.1992
2.7091e-15 0.2778
5.2424e-14 0.0845
1.7247e-11 0.0064
1.5363e-10 0.0021
3.3526e-10 0.0013
1.5343e-10 0.0021
1.7153e-11 0.0064
4.7300e-14 0.0881
2.7012e-15 0.1982
2.2854e-15 0.2036
1.6285e-14 0.1397
7.3628e-12 0.0094
7.6410e-11 0.0032
1.5313e-10 0.0022
7.6405e-11 0.0032
7.3297e-12 0.0094
1.3819e-14 0.1559
2.9980e-15 0.2217
2.9450e-15 0.2987
5.1877e-15 0.1952
3.4336e-13 0.0377
7.4242e-12 0.0094
1.7188e-11 0.0064
7.3970e-12 0.0094
2.6826e-13 0.0412
4.0797e-15 0.1944
2.4127e-15 0.3399
7.2370e-16 0.2774
2.0913e-15 0.2250
4.3380e-15 0.2081
1.7250e-14 0.1328
6.1540e-14 0.0809
1.6305e-14 0.1395
4.0033e-15 0.1789
3.8347e-15 0.2755
2.4895e-15 0.2906
1.2795e-15 0.3720
2.6529e-15 0.3007
1.7520e-15 0.2597
2.0228e-15 0.2900
3.7202e-15 0.2663
4.0768e-15 0.4575
3.8788e-15 0.2754
1.4930e-15 0.2971
1.5686e-15 0.3578
1.3622e-15 0.2661
2.7037e-15 0.2462
1.8318e-15 0.2354
2.8212e-15 0.1703
2.3822e-15 0.2021
2.4667e-15 0.2936
2.1100e-15 0.3314
2.6271e-15 0.3182
8.1689e-16 0.2951
2.4331e-15 0.3734
1.8445e-15 0.2078
3.4011e-15 0.2072
7.4128e-15 0.1567
1.0192e-14 0.1592
3.4732e-15 0.1879
4.7731e-15 0.2493
2.9675e-15 0.2738
1.7301e-15 0.3229
3.1829e-15 0.2990
3.8394e-15 0.1841
4.0674e-14 0.0916
2.5045e-12 0.0148
7.1525e-12 0.0092
2.4979e-12 0.0148
4.7599e-14 0.0863
3.2840e-15 0.1950
3.0783e-15 0.1996
2.3450e-15 0.2074
7.2388e-15 0.1540
2.4707e-12 0.0149
4.4553e-11 0.0040
9.7101e-11 0.0027
4.4584e-11 0.0040
2.5032e-12 0.0147
8.1792e-15 0.1850
3.1279e-15 0.2523
5.2684e-15 0.2262
1.5859e-14 0.1476
7.1702e-12 0.0091
9.6701e-11 0.0027
1.9988e-10 0.0018
9.7008e-11 0.0027
7.1907e-12 0.0091
1.0211e-14 0.1736
3.6952e-15 0.2506
3.5897e-15 0.2123
8.5109e-15 0.1851
2.4794e-12 0.0148
4.4637e-11 0.0040
9.6500e-11 0.0027
4.4519e-11 0.0040
2.4519e-12 0.0148
6.1410e-15 0.1573
2.2991e-15 0.2513
2.1467e-15 0.2923
5.7192e-15 0.1911
4.8378e-14 0.0834
2.5071e-12 0.0148
7.2068e-12 0.0091
2.4815e-12 0.0148
4.8670e-14 0.0833
4.5706e-15 0.1993
2.2918e-15 0.2615
2.4180e-15 0.3291
3.6669e-15 0.2435
4.5130e-15 0.2642
8.7888e-15 0.2029
8.2781e-15 0.1559
8.2699e-15 0.1610
4.7614e-15 0.2074
3.0153e-15 0.2113
1.9216e-15 0.3498
0.0000e+00 1.0000
3.0499e-15 0.2731
2.3465e-15 0.2628
2.9829e-15 0.2559
4.0405e-15 0.2276
2.7256e-15 0.2297
2.8646e-15 0.2269
1.5521e-15 0.2479
1.7059e-15 0.3346
7.9843e-16 0.2903
1.7904e-15 0.2767
2.9629e-15 0.2793
3.5960e-15 0.2042
3.8867e-15 0.2120
2.0468e-15 0.2153
2.0402e-15 0.3002
2.8605e-15 0.2985
2.4631e-16 0.3162
2.0473e-15 0.2224
2.1569e-15 0.2280
4.0478e-15 0.2031
5.1076e-15 0.1556
7.6449e-15 0.1896
5.6071e-15 0.2067
3.6030e-15 0.1886
1.9993e-15 0.2031
1.0384e-15 0.2716
2.9053e-15 0.2221
2.9033e-15 0.2058
9.9810e-15 0.1827
2.5803e-13 0.0408
1.0039e-12 0.0214
2.2477e-13 0.0419
8.7078e-15 0.1583
4.9392e-15 0.2060
2.5399e-15 0.2103
3.0431e-15 0.2583
6.4085e-15 0.1617
2.8070e-13 0.0378
1.2269e-11 0.0069
3.3962e-11 0.0043
1.2260e-11 0.0069
2.5241e-13 0.0396
6.2440e-15 0.2118
4.1136e-15 0.2618
4.0728e-15 0.2241
8.4558e-15 0.1969
9.9525e-13 0.0214
3.3813e-11 0.0043
8.3013e-11 0.0028
3.3905e-11 0.0043
1.0266e-12 0.0212
6.6852e-15 0.1913
5.0226e-15 0.3056
3.6845e-15 0.2112
5.5235e-15 0.1377
2.5000e-13 0.0397
1.2454e-11 0.0069
3.3727e-11 0.0043
1.2285e-11 0.0069
2.5074e-13 0.0399
5.1127e-15 0.1668
2.3305e-15 0.2048
2.1246e-15 0.1771
5.5737e-15 0.2029
1.0632e-14 0.1314
2.4385e-13 0.0397
1.0237e-12 0.0212
2.5884e-13 0.0389
9.2301e-15 0.1534
3.9202e-15 0.2265
2.7158e-15 0.2306
1.9735e-15 0.2976
4.1629e-15 0.3139
4.6597e-15 0.2203
9.5200e-15 0.1859
8.5532e-15 0.1646
6.2475e-15 0.1704
6.0790e-15 0.1882
2.7543e-15 0.2302
2.1426e-15 0.2546
1.5547e-15 0.4870
1.7652e-15 0.2953
2.7648e-15 0.3474
4.1075e-15 0.2233
3.8724e-15 0.2582
3.4899e-15 0.2646
4.4418e-15 0.2760
1.3414e-15 0.3449
1.7346e-15 0.3032
7.8394e-16 0.2608
2.6376e-15 0.2929
2.9550e-15 0.3065
3.4355e-15 0.2576
3.6663e-15 0.1881
2.0783e-15 0.3026
2.2972e-15 0.2409
2.0839e-15 0.3827
1.1354e-15 0.4187
1.6075e-15 0.2272
3.4129e-15 0.2643
3.8069e-15 0.2401
4.5442e-15 0.1943
7.9705e-15 0.1482
5.1183e-15 0.1567
3.6440e-15 0.1798
2.6391e-15 0.2050
1.4908e-15 0.3009
2.2334e-15 0.2851
3.8506e-15 0.1847
8.6952e-15 0.1556
1.7020e-14 0.1075
3.2696e-14 0.0841
1.4472e-14 0.1466
8.6320e-15 0.1948
3.8674e-15 0.2372
2.6004e-15 0.2243
3.1250e-15 0.1927
7.0166e-15 0.1515
2.3443e-14 0.1143
7.8889e-13 0.0232
3.4040e-12 0.0118
8.5254e-13 0.0223
2.4100e-14 0.1164
6.7339e-15 0.1683
5.0743e-15 0.2333
3.9094e-15 0.1863
9.4694e-15 0.1705
3.7695e-14 0.0897
3.3955e-12 0.0118
1.2220e-11 0.0066
3.4311e-12 0.0117
3.7622e-14 0.0885
8.9328e-15 0.1985
4.0500e-15 0.2110
3.3345e-15 0.1881
6.8483e-15 0.1641
1.5186e-14 0.1117
8.6978e-13 0.0220
3.3995e-12 0.0118
8.2649e-13 0.0224
1.8406e-14 0.1141
7.5718e-15 0.2114
3.1490e-15 0.2234
4.0126e-15 0.2743
6.0384e-15 0.2216
7.2815e-15 0.1522
1.9257e-14 0.1245
3.4720e-14 0.0956
1.7117e-14 0.1010
1.0689e-14 0.1872
3.6354e-15 0.1703
2.3342e-15 0.2614
1.8792e-15 0.2623
5.1094e-15 0.2873
4.5996e-15 0.1988
7.4564e-15 0.1656
6.5943e-15 0.1734
4.9193e-15 0.1903
3.6704e-15 0.2148
3.3164e-15 0.2504
3.4865e-15 0.3926
1.6656e-15 0.3094
2.0131e-15 0.2546
3.7193e-15 0.2157
5.4527e-15 0.2221
4.1342e-15 0.2398
3.6620e-15 0.2649
4.3431e-15 0.2459
1.5398e-15 0.3099
2.4686e-15 0.2763
1.4091e-15 0.2986
1.9718e-15 0.2864
2.6709e-15 0.4300
2.5942e-15 0.2201
4.5304e-15 0.2242
3.6947e-15 0.3521
2.6060e-15 0.2639
1.1753e-15 0.2540
8.0337e-16 0.4182
1.6841e-15 0.3239
2.7815e-15 0.2322
7.4251e-15 0.2107
5.0369e-15 0.1456
7.4385e-15 0.1890
6.1981e-15 0.1789
3.8601e-15 0.1904
3.4356e-15 0.2231
1.3562e-15 0.3760
2.2735e-15 0.2268
4.9667e-15 0.2568
1.3029e-14 0.1845
1.5948e-14 0.1527
1.7877e-14 0.1179
1.2972e-14 0.1247
8.3166e-15 0.1705
3.8076e-15 0.1762
2.6450e-15 0.2068
2.8226e-15 0.2507
7.7227e-15 0.1810
1.7383e-14 0.1165
3.7502e-14 0.0965
6.3302e-14 0.0637
4.1205e-14 0.0793
1.9484e-14 0.1183
6.3028e-15 0.1736
5.1222e-15 0.2099
3.8611e-15 0.2268
9.4294e-15 0.1560
2.0819e-14 0.1109
6.9869e-14 0.0659
2.3462e-13 0.0372
7.1584e-14 0.0597
1.9048e-14 0.1201
7.4001e-15 0.1443
5.2523e-15 0.3313
3.1964e-15 0.1556
6.4788e-15 0.1758
1.5157e-14 0.1451
3.8225e-14 0.0910
6.6979e-14 0.0693
3.8003e-14 0.0885
1.7053e-14 0.1465
9.6097e-15 0.1791
3.6895e-15 0.2436
2.8376e-15 0.2205
4.3711e-15 0.1916
6.7320e-15 0.1549
1.5766e-14 0.1266
2.3602e-14 0.1137
1.3321e-14 0.1202
9.8326e-15 0.1385
3.7310e-15 0.1904
1.7796e-15 0.2631
2.8200e-15 0.2477
3.4002e-15 0.2689
4.5528e-15 0.1861
5.7541e-15 0.1871
6.5712e-15 0.2024
7.6031e-15 0.1796
4.3316e-15 0.2113
2.8463e-15 0.1895
2.3403e-15 0.2624
3.3568e-15 0.3534
4.5260e-15 0.4341
3.5299e-15 0.2784
4.3328e-15 0.2461
3.4324e-15 0.2423
3.8214e-15 0.2553
2.4083e-15 0.2738
2.6538e-15 0.2473
1.3188e-15 0.2182
1.7090e-15 0.2872
2.8699e-15 0.2872
2.4079e-15 0.2235
3.2210e-15 0.1852
4.3738e-15 0.1815
3.3913e-15 0.1884
1.8348e-15 0.2269
1.8005e-15 0.2860
1.8301e-15 0.3130
2.1910e-15 0.2791
1.6689e-15 0.2694
5.7228e-15 0.2295
4.3835e-15 0.1692
8.0991e-15 0.1685
5.5815e-15 0.1668
4.0297e-15 0.2307
3.4182e-15 0.2499
1.9124e-15 0.3394
2.1718e-15 0.2514
7.5167e-15 0.2106
8.7281e-15 0.1465
1.2130e-14 0.1661
1.5075e-14 0.1310
1.3418e-14 0.1341
6.7759e-15 0.1747
5.1657e-15 0.1785
2.2688e-15 0.2742
2.8934e-15 0.2615
8.2874e-15 0.1585
1.2502e-14 0.1227
3.0352e-14 0.0890
4.2598e-14 0.0797
3.9685e-14 0.0936
1.7269e-14 0.1348
8.3860e-15 0.1900
4.3762e-15 0.2226
4.4329e-15 0.2366
9.0640e-15 0.1820
1.8600e-14 0.1084
4.3331e-14 0.0870
7.6883e-14 0.0706
4.5221e-14 0.0735
2.2293e-14 0.1327
5.2932e-15 0.1544
4.9274e-15 0.2367
3.7825e-15 0.1805
5.6226e-15 0.1965
1.4894e-14 0.1303
2.5606e-14 0.1010
3.8676e-14 0.0865
3.0307e-14 0.1072
1.3564e-14 0.1288
1.0143e-14 0.1933
3.5746e-15 0.2015
2.6688e-15 0.2403
5.4681e-15 0.1666
7.0864e-15 0.1568
1.8322e-14 0.1245
1.8571e-14 0.1194
1.3393e-14 0.1572
8.4411e-15 0.1928
5.4866e-15 0.2097
1.4010e-15 0.2210
1.4303e-15 0.2146
3.1385e-15 0.2412
4.0830e-15 0.2044
5.7048e-15 0.1461
8.6807e-15 0.2076
8.2679e-15 0.1623
4.9974e-15 0.1884
4.3674e-15 0.2532
1.3429e-15 0.2283
1.6063e-15 0.3209
2.1146e-15 0.2847
4.2975e-15 0.2241
4.5427e-15 0.2384
4.1945e-15 0.2721
1.8315e-15 0.2426
2.2929e-15 0.2383
2.0854e-15 0.2619
1.0749e-15 0.3621
2.3779e-15 0.2344
2.6465e-15 0.3321
2.8546e-15 0.2339
2.7620e-15 0.1847
3.3654e-15 0.1998
3.7335e-15 0.2133
3.1967e-15 0.2456
1.7631e-15 0.2803
1.7537e-15 0.4117
1.1707e-15 0.2667
3.1999e-15 0.3119
5.4758e-15 0.2079
6.5199e-15 0.2132
7.0886e-15 0.1578
6.1422e-15 0.1734
3.8872e-15 0.2530
3.1637e-15 0.2835
2.1457e-15 0.3889
2.6019e-15 0.2398
4.0510e-15 0.2274
8.0807e-15 0.1652
1.2892e-14 0.1724
1.5156e-14 0.1273
1.5879e-14 0.1593
6.6959e-15 0.1689
5.4261e-15 0.1666
4.0524e-15 0.3236
3.3663e-15 0.2145
7.0274e-15 0.2244
1.5329e-14 0.1475
2.5478e-14 0.0989
4.4041e-14 0.0835
3.0096e-14 0.1025
1.7261e-14 0.1365
6.0980e-15 0.1635
2.9247e-15 0.1884
4.8908e-15 0.2110
1.1425e-14 0.2004
1.6927e-14 0.1380
3.3540e-14 0.0915
6.0556e-14 0.0728
4.3963e-14 0.0865
1.9247e-14 0.1298
8.7282e-15 0.1932
4.4043e-15 0.1915
3.6671e-15 0.2374
7.0382e-15 0.1810
1.1809e-14 0.1216
2.1112e-14 0.0941
3.7483e-14 0.0941
3.1727e-14 0.1022
1.4095e-14 0.1415
7.9433e-15 0.1914
5.3338e-15 0.2825
2.3872e-15 0.2180
4.3237e-15 0.2144
7.0397e-15 0.1475
1.8021e-14 0.1519
2.2886e-14 0.1237
1.3115e-14 0.1233
9.2188e-15 0.1822
3.9589e-15 0.1983
2.3868e-15 0.2021
2.4342e-15 0.2282
3.6080e-15 0.2258
6.0074e-15 0.2010
7.3363e-15 0.1816
7.6566e-15 0.1929
7.1939e-15 0.1654
4.9196e-15 0.1938
5.5264e-15 0.2622
2.2141e-15 0.2376
1.9379e-15 0.3504
2.5026e-15 0.2815
4.6542e-15 0.2543
3.1605e-15 0.2408
3.6158e-15 0.1753
3.0205e-15 0.2037
1.9082e-15 0.2117
2.1005e-15 0.2685
1.6958e-15 0.4541
1.6057e-15 0.2813
1.7375e-15 0.2137
3.4436e-15 0.3251
2.0744e-15 0.2261
4.1046e-15 0.2320
2.0996e-15 0.2284
4.7420e-15 0.2410
2.0642e-15 0.2916
1.3085e-15 0.2646
1.5856e-15 0.4007
3.3921e-15 0.1975
6.2433e-15 0.2356
6.7570e-15 0.1837
6.5437e-15 0.1856
7.8766e-15 0.1783
3.0835e-15 0.2410
2.8840e-15 0.2968
2.3908e-15 0.3259
2.5157e-15 0.2731
6.3408e-15 0.2105
6.4447e-15 0.1604
1.3327e-14 0.1471
1.1965e-14 0.1370
1.2843e-14 0.1475
6.7106e-15 0.1807
5.9453e-15 0.2105
3.9434e-15 0.2138
3.4414e-15 0.2640
7.5151e-15 0.1596
1.5860e-14 0.1466
2.8047e-14 0.1108
3.2126e-14 0.1053
2.7212e-14 0.1108
1.4352e-14 0.1406
7.7865e-15 0.1556
4.0666e-15 0.2787
7.3952e-15 0.2053
9.5311e-15 0.1827
1.4054e-14 0.1393
3.2982e-14 0.1058
4.6918e-14 0.0819
3.3946e-14 0.0892
1.6411e-14 0.1257
7.5350e-15 0.1793
3.4753e-15 0.2025
3.6389e-15 0.2253
5.2951e-15 0.1601
1.2851e-14 0.1408
2.3000e-14 0.1114
3.1043e-14 0.1119
2.2470e-14 0.1128
1.5081e-14 0.1408
6.4856e-15 0.1912
5.9190e-15 0.2308
3.2745e-15 0.2500
5.2632e-15 0.2424
1.0234e-14 0.1482
1.3735e-14 0.1270
1.5376e-14 0.1320
1.1739e-14 0.1380
8.6886e-15 0.1850
5.2035e-15 0.2745
4.1002e-15 0.2531
2.7253e-15 0.2676
3.0945e-15 0.3133
6.0601e-15 0.2810
9.3249e-15 0.2166
7.5382e-15 0.1698
7.4389e-15 0.1881
4.0522e-15 0.1923
3.6639e-15 0.2097
3.3498e-15 0.3841
1.5385e-15 0.2069
2.2482e-15 0.2677
2.8312e-15 0.1890
3.5770e-15 0.2187
3.1611e-15 0.2452
3.2627e-15 0.2218
2.5504e-15 0.2410
2.0391e-15 0.3364
1.8696e-15 0.3133
1.4153e-15 0.3667
2.8818e-15 0.3094
2.5635e-15 0.2251
2.1915e-15 0.2377
3.8774e-15 0.2679
2.8966e-15 0.2127
3.6321e-15 0.2304
1.9119e-15 0.2597
1.7288e-15 0.3209
2.3897e-15 0.2105
4.3713e-15 0.2673
6.3279e-15 0.1962
8.5646e-15 0.2033
4.5833e-15 0.2011
9.1845e-15 0.2391
5.4025e-15 0.1752
3.3533e-15 0.2659
2.4291e-15 0.2923
4.6632e-15 0.2594
5.0174e-15 0.1591
7.7540e-15 0.1740
1.0788e-14 0.1495
1.4831e-14 0.1383
1.2092e-14 0.1555
7.7620e-15 0.1808
5.1520e-15 0.2082
4.5947e-15 0.1997
4.4439e-15 0.2360
7.1725e-15 0.1823
1.3645e-14 0.1466
2.5464e-14 0.1187
3.2302e-14 0.0990
2.1817e-14 0.1233
1.4161e-14 0.1549
6.3837e-15 0.2004
4.0833e-15 0.4037
5.5215e-15 0.2796
7.8769e-15 0.1441
1.3352e-14 0.1529
2.5297e-14 0.1169
3.9722e-14 0.0828
3.0019e-14 0.1039
1.5159e-14 0.1280
8.1957e-15 0.1858
4.7897e-15 0.2593
4.4196e-15 0.2778
5.1229e-15 0.2016
1.1184e-14 0.1513
2.3163e-14 0.1241
2.2313e-14 0.1138
2.1418e-14 0.1232
1.5792e-14 0.1568
6.3212e-15 0.1783
4.8330e-15 0.2858
2.9157e-15 0.3158
4.0588e-15 0.1817
8.4236e-15 0.1782
1.4093e-14 0.1578
1.2940e-14 0.1448
1.1704e-14 0.1517
4.7361e-15 0.1511
3.8406e-15 0.2376
2.9635e-15 0.3280
1.8827e-15 0.2805
2.7704e-15 0.2582
6.0671e-15 0.2010
7.6293e-15 0.2463
8.9373e-15 0.1724
7.2627e-15 0.2121
5.3959e-15 0.2235
4.1071e-15 0.2222
2.4645e-15 0.2740
1.5140e-15 0.2985
2.8230e-15 0.3440
2.3541e-15 0.2197
5.3505e-15 0.2856
3.1439e-15 0.2463
3.4475e-15 0.2033
3.5307e-15 0.2424
3.1820e-15 0.2743
1.7827e-15 0.2934
2.0837e-15 0.3243
2.7756e-15 0.2521
3.2960e-15 0.2772
3.1352e-15 0.3248
3.8250e-15 0.3064
2.8251e-15 0.2046
3.6814e-15 0.2335
0.0000e+00 1.0000
1.5005e-15 0.3959
2.4283e-15 0.2440
3.8557e-15 0.2119
7.5724e-15 0.2116
8.8078e-15 0.2102
6.2434e-15 0.1713
7.1310e-15 0.2283
3.4043e-15 0.2061
3.4580e-15 0.2934
3.1522e-15 0.2573
5.7744e-15 0.3089
4.7043e-15 0.1858
6.1979e-15 0.1937
1.2643e-14 0.1433
1.3210e-14 0.1643
9.5515e-15 0.1660
1.0055e-14 0.2013
5.8841e-15 0.1963
3.2919e-15 0.2718
5.5813e-15 0.2368
7.6654e-15 0.1874
1.1671e-14 0.1685
2.0314e-14 0.1285
2.4990e-14 0.1278
2.6485e-14 0.1238
1.4059e-14 0.1412
7.2536e-15 0.1941
2.3019e-15 0.2364
6.0762e-15 0.2259
7.1911e-15 0.1769
1.0820e-14 0.1468
2.5037e-14 0.1132
3.8038e-14 0.1084
2.8282e-14 0.1169
1.6390e-14 0.1452
9.6403e-15 0.1914
3.0171e-15 0.2232
3.7221e-15 0.2728
4.4510e-15 0.1975
1.0493e-14 0.1716
1.6797e-14 0.1180
2.0712e-14 0.1117
1.9012e-14 0.1226
1.3609e-14 0.1602
9.7347e-15 0.2339
4.5644e-15 0.2664
3.6735e-15 0.2417
4.3867e-15 0.2217
7.0296e-15 0.1779
8.9161e-15 0.1410
1.4415e-14 0.1483
1.0423e-14 0.1913
8.6371e-15 0.2040
4.9256e-15 0.1724
4.5510e-15 0.3024
1.7444e-15 0.2178
3.3723e-15 0.2718
6.3917e-15 0.2282
8.6037e-15 0.2153
8.5894e-15 0.1626
5.5539e-15 0.2190
3.8914e-15 0.2651
4.4575e-15 0.2968
1.2220e-15 0.3381
9.1733e-16 0.2831
2.7621e-15 0.2830
1.8546e-15 0.2068
3.0596e-15 0.2085
4.2133e-15 0.1996
3.9318e-15 0.2248
3.3013e-15 0.2214
3.8408e-15 0.2721
2.0114e-15 0.3714
1.4894e-15 0.3047
3.5577e-15 0.2534
3.5355e-15 0.3057
2.2019e-15 0.2495
2.4672e-15 0.3178
3.9988e-15 0.2495
2.0947e-15 0.1878
2.1517e-15 0.3530
1.7040e-15 0.3106
2.6193e-15 0.2386
2.5002e-15 0.3201
4.3571e-15 0.2178
6.2860e-15 0.2190
5.4645e-15 0.2309
8.1958e-15 0.2186
6.3256e-15 0.2700
2.3791e-15 0.2244
3.1110e-15 0.3143
2.3839e-15 0.2251
3.9348e-15 0.2173
4.6139e-15 0.1935
1.0241e-14 0.1578
1.1739e-14 0.1778
9.6594e-15 0.1821
6.8568e-15 0.1724
4.5829e-15 0.2273
3.1548e-15 0.2315
3.6131e-15 0.2718
6.3987e-15 0.1835
1.0620e-14 0.1950
2.0202e-14 0.1278
2.3763e-14 0.1265
2.2659e-14 0.1295
1.3195e-14 0.1525
7.1704e-15 0.2276
4.6718e-15 0.2944
3.6939e-15 0.1987
4.4634e-15 0.1676
1.2855e-14 0.1385
2.4139e-14 0.1251
3.0489e-14 0.1108
2.4455e-14 0.1145
1.2102e-14 0.1435
6.6727e-15 0.2009
3.7210e-15 0.2310
4.0667e-15 0.2383
7.7991e-15 0.1801
1.4230e-14 0.1891
1.2759e-14 0.1267
1.8900e-14 0.1293
2.1469e-14 0.1469
1.0007e-14 0.1728
7.8291e-15 0.2207
4.3120e-15 0.3053
2.7564e-15 0.2420
4.8100e-15 0.2615
5.4764e-15 0.1696
1.0279e-14 0.1697
1.0307e-14 0.1581
8.0157e-15 0.1560
6.5706e-15 0.1905
8.1960e-15 0.2199
4.0467e-15 0.2598
2.1508e-15 0.2358
2.0030e-15 0.2276
6.4373e-15 0.2107
7.5036e-15 0.2219
8.6919e-15 0.2238
6.1923e-15 0.2017
3.3501e-15 0.2069
2.1192e-15 0.2347
2.7824e-15 0.2292
1.7274e-15 0.2980
3.6635e-15 0.3321
2.7932e-15 0.2489
5.0493e-15 0.2892
3.7053e-15 0.2217
5.0436e-15 0.2768
4.3506e-15 0.2267
3.3203e-15 0.3023
1.5393e-15 0.2897
1.9598e-15 0.3043
2.9490e-15 0.2137
2.9043e-15 0.2234
4.8983e-15 0.2930
3.8304e-15 0.2654
3.4472e-15 0.2701
4.6801e-15 0.2886
2.1713e-15 0.4536
6.3780e-16 0.4143
2.3592e-15 0.1895
4.1634e-15 0.3077
3.2585e-15 0.2848
6.1957e-15 0.2097
7.1247e-15 0.2175
5.7248e-15 0.2262
4.1456e-15 0.2213
2.6497e-15 0.3066
3.8421e-15 0.3098
4.1078e-15 0.2976
4.2791e-15 0.1589
6.5072e-15 0.1836
9.6996e-15 0.1638
1.2231e-14 0.1737
7.9589e-15 0.1644
7.2991e-15 0.1846
3.8364e-15 0.1999
3.0242e-15 0.2425
4.0519e-15 0.2413
7.2324e-15 0.2020
1.0791e-14 0.1934
1.5148e-14 0.1451
2.6072e-14 0.1275
1.8974e-14 0.1472
1.1018e-14 0.1878
6.4386e-15 0.1894
3.2152e-15 0.2671
4.0887e-15 0.2359
5.3792e-15 0.1753
1.2433e-14 0.1505
2.1603e-14 0.1283
2.9568e-14 0.1114
2.2768e-14 0.1198
9.9284e-15 0.1536
7.8836e-15 0.2175
4.5670e-15 0.2766
3.6371e-15 0.2412
6.8648e-15 0.1896
8.6260e-15 0.1707
1.7963e-14 0.1475
1.6579e-14 0.1392
1.6607e-14 0.1481
1.2189e-14 0.1643
6.4952e-15 0.2295
3.6662e-15 0.2495
1.7027e-15 0.2768
3.3868e-15 0.2159
5.5495e-15 0.1962
9.3323e-15 0.2149
1.1015e-14 0.1749
9.5029e-15 0.1761
9.1735e-15 0.2305
7.1913e-15 0.2379
3.4815e-15 0.2931
4.5073e-15 0.3662
3.3561e-15 0.2819
7.3630e-15 0.1866
4.8336e-15 0.1974
6.1330e-15 0.1866
5.3855e-15 0.2106
4.5603e-15 0.1941
3.8529e-15 0.3148
1.6490e-15 0.2748
1.8596e-15 0.3453
2.0927e-15 0.4437
3.0446e-15 0.2133
3.6847e-15 0.2468
3.2300e-15 0.2071
3.3048e-15 0.2735
3.7114e-15 0.3944
2.5537e-15 0.4021
2.7781e-15 0.4828
2.1624e-15 0.2521
4.0112e-15 0.3048
4.3510e-15 0.2999
3.5531e-15 0.2263
2.9078e-15 0.2021
3.2606e-15 0.2397
2.9091e-15 0.2754
2.2712e-15 0.3463
1.8919e-15 0.3317
2.3577e-15 0.2391
2.6098e-15 0.2107
2.4390e-15 0.2501
7.5722e-15 0.2180
5.4538e-15 0.1860
6.5508e-15 0.2139
3.1631e-15 0.1940
2.6018e-15 0.2663
3.5909e-15 0.3245
4.3427e-15 0.2904
5.6033e-15 0.2374
4.6946e-15 0.1957
8.8738e-15 0.1714
9.3610e-15 0.1684
9.4182e-15 0.1897
8.0791e-15 0.1971
5.4013e-15 0.1951
3.2707e-15 0.2753
3.5406e-15 0.2202
7.1768e-15 0.2129
8.3839e-15 0.1941
1.5842e-14 0.1464
2.0177e-14 0.1580
1.7808e-14 0.1501
1.3177e-14 0.1688
4.7313e-15 0.2346
3.2212e-15 0.2636
5.3528e-15 0.2640
5.5644e-15 0.2291
7.7006e-15 0.1742
2.0981e-14 0.1504
2.1575e-14 0.1200
1.6026e-14 0.1378
1.0076e-14 0.1839
8.1122e-15 0.2062
3.4817e-15 0.2875
2.6045e-15 0.2398
9.0924e-15 0.1884
8.8244e-15 0.1686
1.1124e-14 0.1381
1.4321e-14 0.1486
1.4687e-14 0.1463
8.5777e-15 0.1905
5.7778e-15 0.2502
4.5748e-15 0.2822
1.7968e-15 0.2747
4.0175e-15 0.2318
5.1597e-15 0.2019
9.1633e-15 0.1907
8.5244e-15 0.2177
9.5757e-15 0.1953
7.7595e-15 0.1893
5.7734e-15 0.2403
3.7611e-15 0.2918
1.9357e-15 0.3122
2.8935e-15 0.3184
7.3070e-15 0.2354
6.2453e-15 0.2239
7.4741e-15 0.2131
5.7984e-15 0.2634
4.2113e-15 0.2202
1.8483e-15 0.2289
1.4167e-15 0.3254
1.0350e-15 0.3322
1.8654e-15 0.3105
4.3633e-15 0.2930
4.0229e-15 0.3199
5.1548e-15 0.2180
3.7557e-15 0.3263
2.5713e-15 0.2121
2.0446e-15 0.3660
1.7171e-15 0.3117
1.0725e-15 0.2850
3.2946e-15 0.2998
3.1511e-15 0.2353
5.9415e-15 0.2914
2.3315e-15 0.2526
4.2815e-15 0.2217
3.3913e-15 0.2859
2.0495e-15 0.3276
1.1625e-15 0.3187
1.4394e-15 0.2750
1.5445e-15 0.2373
3.6728e-15 0.2816
5.6518e-15 0.2950
6.3691e-15 0.2115
4.3428e-15 0.2101
3.4600e-15 0.2867
2.7659e-15 0.2787
2.0107e-15 0.3077
3.5894e-15 0.2357
2.8879e-15 0.2314
8.5062e-15 0.2042
9.2600e-15 0.1865
9.2872e-15 0.1868
7.7737e-15 0.2133
5.9850e-15 0.1861
5.7455e-15 0.2028
2.9657e-15 0.2423
3.2611e-15 0.3109
6.5309e-15 0.2298
8.2156e-15 0.2078
1.9427e-14 0.1611
1.9570e-14 0.1357
1.2571e-14 0.1578
1.2736e-14 0.1706
6.3768e-15 0.2705
3.1282e-15 0.3494
3.1808e-15 0.2340
6.0448e-15 0.1906
9.8805e-15 0.1838
1.5466e-14 0.1622
2.1144e-14 0.1284
1.6560e-14 0.1445
9.9108e-15 0.1601
5.9146e-15 0.2086
2.8068e-15 0.2927
3.7088e-15 0.2714
8.8280e-15 0.2382
9.0202e-15 0.1553
1.1470e-14 0.1477
1.4832e-14 0.1428
1.4785e-14 0.1525
9.4445e-15 0.1801
7.3173e-15 0.2067
4.3410e-15 0.2436
2.6809e-15 0.3029
4.0116e-15 0.2741
4.8896e-15 0.2158
8.9796e-15 0.1659
8.9858e-15 0.1674
6.2118e-15 0.2090
7.1580e-15 0.2442
5.6130e-15 0.2457
4.7551e-15 0.3041
1.5811e-15 0.3386
4.2507e-15 0.2483
4.6207e-15 0.2089
4.2999e-15 0.1933
6.3528e-15 0.2361
3.6093e-15 0.2031
2.8820e-15 0.2362
2.5964e-15 0.2172
2.5118e-15 0.3355
9.5719e-16 0.2901
3.7119e-15 0.3157
3.8917e-15 0.2296
2.8711e-15 0.2302
5.9788e-15 0.2024
3.7618e-15 0.2532
3.2362e-15 0.2309
1.4852e-15 0.2491
2.4293e-15 0.2989
1.1004e-15 0.3513
3.5065e-15 0.3788
1.8927e-15 0.2715
4.6027e-15 0.2424
2.6096e-15 0.2396
3.4826e-15 0.3509
3.1141e-15 0.3471
1.8008e-15 0.3642
8.5437e-16 0.2669
2.4372e-15 0.2836
2.2932e-15 0.3617
4.5324e-15 0.3265
6.3991e-15 0.2164
5.3128e-15 0.2410
5.4516e-15 0.2060
3.6611e-15 0.1860
2.6426e-15 0.2654
1.9099e-15 0.3245
4.2614e-15 0.2662
5.9202e-15 0.2509
4.9704e-15 0.2192
8.9576e-15 0.1819
6.7652e-15 0.1937
7.5418e-15 0.2135
6.4695e-15 0.1982
6.2411e-15 0.2254
2.0488e-15 0.2675
4.4395e-15 0.2557
6.6237e-15 0.2630
1.0860e-14 0.1780
1.3177e-14 0.1684
1.9380e-14 0.1570
1.3411e-14 0.1584
1.3492e-14 0.1590
6.4959e-15 0.2305
2.7360e-15 0.2676
3.6817e-15 0.3001
3.4268e-15 0.2990
8.2062e-15 0.1937
1.7952e-14 0.1541
1.9854e-14 0.1462
1.3627e-14 0.1570
8.8417e-15 0.1805
6.2965e-15 0.2186
5.1187e-15 0.2299
5.3663e-15 0.2455
5.2254e-15 0.2161
8.4079e-15 0.1870
7.7856e-15 0.2070
1.1345e-14 0.1599
1.1652e-14 0.1887
7.2210e-15 0.2164
7.7511e-15 0.2513
5.3623e-15 0.2617
2.5797e-15 0.3075
5.1624e-15 0.2955
5.4147e-15 0.1896
6.7480e-15 0.2254
7.5990e-15 0.2229
7.2402e-15 0.1937
5.6358e-15 0.2561
2.9127e-15 0.2514
7.3119e-15 0.3423
1.5001e-15 0.3588
1.9937e-15 0.2415
4.2605e-15 0.2527
4.6079e-15 0.2594
5.4449e-15 0.2250
4.3047e-15 0.2777
3.3502e-15 0.2521
1.7921e-15 0.2473
1.8219e-15 0.3119
1.2584e-15 0.3403
3.9289e-15 0.2814
4.7519e-15 0.2460
3.4213e-15 0.3162
3.9181e-15 0.2712
4.3586e-15 0.3314
3.4336e-15 0.3671
2.3208e-15 0.2623
1.5708e-15 0.4195
1.7209e-15 0.3382
2.7620e-15 0.3365
3.3608e-15 0.2926
4.2634e-15 0.2996
3.0096e-15 0.2883
5.4590e-15 0.2612
2.0177e-15 0.2829
2.3224e-15 0.3114
1.0991e-15 0.2698
2.1877e-15 0.3359
1.6327e-15 0.2507
4.1137e-15 0.2468
4.9850e-15 0.3758
5.2231e-15 0.2519
4.3507e-15 0.3178
3.4870e-15 0.2102
3.0805e-15 0.4737
2.5641e-15 0.3338
2.1485e-15 0.2805
6.1250e-15 0.2893
5.0636e-15 0.2500
7.2511e-15 0.2233
5.0684e-15 0.2107
5.0007e-15 0.2156
7.5556e-15 0.1996
7.3541e-15 0.2263
1.5311e-15 0.2454
3.3946e-15 0.1979
4.6571e-15 0.3363
6.4943e-15 0.2311
1.1197e-14 0.1798
1.7283e-14 0.1549
8.5695e-15 0.1582
8.9876e-15 0.1890
4.1273e-15 0.2689
3.2522e-15 0.3145
3.1494e-15 0.2481
5.6038e-15 0.2164
9.7606e-15 0.2018
1.5272e-14 0.1514
1.6726e-14 0.1445
1.3409e-14 0.1677
1.2142e-14 0.1692
6.8182e-15 0.2660
5.1696e-15 0.3019
3.2132e-15 0.3091
5.8106e-15 0.2400
6.8287e-15 0.2016
1.2773e-14 0.1730
1.4308e-14 0.1543
1.2833e-14 0.1632
6.4183e-15 0.2028
5.7754e-15 0.2705
3.4564e-15 0.2456
3.5529e-15 0.2451
3.4972e-15 0.2956
2.7828e-15 0.2619
8.4261e-15 0.1983
6.8525e-15 0.1905
7.8584e-15 0.2198
5.2470e-15 0.2771
6.2217e-15 0.2765
3.7314e-15 0.2663
2.1174e-15 0.3484
2.9638e-15 0.2585
3.4409e-15 0.2841
5.2437e-15 0.2128
5.8389e-15 0.2265
3.8383e-15 0.3171
4.7636e-15 0.2597
1.5885e-15 0.2856
2.3525e-15 0.3564
7.6431e-16 0.4460
2.6517e-15 0.2263
4.6138e-15 0.3663
2.3715e-15 0.2123
4.9200e-15 0.2839
4.4551e-15 0.2933
2.5760e-15 0.3573
3.1269e-15 0.3009
1.5183e-15 0.4385
