     9      9     20
d_kernel   u_kernel

4.2172e-16 0.4345
0.0000e+00 1.0000
4.7188e-16 0.4158
2.2087e-16 0.4540
1.3519e-15 0.3911
4.8506e-16 0.3033
1.3890e-15 0.3304
2.5579e-15 0.4087
1.3451e-15 0.4459
2.2652e-16 0.3663
6.3512e-16 0.3359
3.4867e-16 0.3546
9.7010e-16 0.3902
2.0470e-15 0.4088
7.7564e-15 0.2925
1.6674e-14 0.1936
2.7106e-14 0.1657
1.5816e-14 0.2066
8.8957e-16 0.4143
5.8769e-16 0.3975
1.5356e-15 0.2899
3.5794e-15 0.3062
2.4979e-14 0.1882
9.0718e-14 0.0983
1.5956e-13 0.0702
1.8905e-13 0.0642
1.7016e-13 0.0691
0.0000e+00 1.0000
1.1321e-15 0.2948
1.8430e-15 0.3514
2.0956e-14 0.1725
1.2442e-13 0.0798
3.0189e-13 0.0518
4.3047e-13 0.0422
4.7257e-13 0.0415
4.3972e-13 0.0422
6.6111e-16 0.3268
6.4677e-16 0.3523
4.8238e-15 0.2708
8.7048e-14 0.0922
3.1760e-13 0.0496
5.1955e-13 0.0385
7.2534e-13 0.0335
7.9547e-13 0.0315
7.0235e-13 0.0338
9.3090e-16 0.2803
6.7023e-16 0.2560
1.5416e-14 0.2100
1.7040e-13 0.0693
4.3882e-13 0.0436
6.6355e-13 0.0338
1.4882e-12 0.0230
4.5926e-12 0.0123
1.5840e-12 0.0223
5.6073e-16 0.3511
7.9072e-16 0.3067
2.4268e-14 0.1851
1.8222e-13 0.0655
4.9802e-13 0.0406
8.1092e-13 0.0317
4.5889e-12 0.0123
1.2200e-09 0.0002
4.6440e-12 0.0122
5.3291e-16 0.4074
1.0866e-15 0.2709
2.4009e-14 0.1853
1.4793e-13 0.0722
4.5638e-13 0.0415
6.8250e-13 0.0339
1.5844e-12 0.0225
4.5980e-12 0.0122
1.4826e-12 0.0229
0.0000e+00 1.0000
8.0955e-16 0.3991
8.7173e-15 0.2803
9.4452e-14 0.0902
3.1595e-13 0.0492
5.2461e-13 0.0384
7.0014e-13 0.0331
7.9095e-13 0.0319
6.7145e-13 0.0346
5.1896e-16 0.4439
0.0000e+00 1.0000
1.0590e-15 0.2708
9.8058e-16 0.2726
5.6520e-16 0.3100
9.2302e-16 0.3124
1.6412e-15 0.2765
2.0156e-15 0.4404
6.8305e-16 0.3244
7.6738e-16 0.4984
1.1244e-15 0.4024
8.6986e-16 0.3770
1.2950e-15 0.2175
2.8270e-15 0.4193
9.5458e-15 0.2295
3.0455e-14 0.1596
3.8482e-14 0.1364
3.0783e-14 0.1496
9.2496e-16 0.2479
8.4374e-16 0.3555
2.1283e-15 0.4742
6.2819e-15 0.3207
3.8922e-14 0.1416
1.2273e-13 0.0772
2.8321e-13 0.0544
3.0762e-13 0.0512
2.7846e-13 0.0544
8.0519e-16 0.2990
8.9487e-16 0.2620
2.8261e-15 0.4133
3.5015e-14 0.1350
2.0885e-13 0.0622
4.9491e-13 0.0394
7.8004e-13 0.0315
9.0870e-13 0.0298
8.2356e-13 0.0315
0.0000e+00 1.0000
7.3968e-16 0.2669
1.2094e-14 0.2190
1.4482e-13 0.0719
5.3912e-13 0.0391
1.0278e-12 0.0282
1.3603e-12 0.0243
1.6590e-12 0.0222
1.4341e-12 0.0240
7.3166e-16 0.3395
8.2844e-16 0.2975
2.0444e-14 0.1803
2.8609e-13 0.0536
8.0531e-13 0.0320
1.3877e-12 0.0240
3.9933e-12 0.0140
1.4702e-11 0.0066
4.1148e-12 0.0139
9.1516e-16 0.4239
0.0000e+00 1.0000
2.5969e-14 0.1677
3.2686e-13 0.0502
9.1660e-13 0.0296
1.6764e-12 0.0221
1.4815e-11 0.0066
1.2339e-09 0.0003
1.4820e-11 0.0065
1.1054e-15 0.3693
1.1468e-15 0.3742
2.9639e-14 0.1657
2.7398e-13 0.0549
8.1126e-13 0.0316
1.4201e-12 0.0242
4.0478e-12 0.0139
1.4761e-11 0.0066
3.9473e-12 0.0141
5.2005e-16 0.2766
8.4258e-16 0.2794
9.6129e-15 0.2481
1.3981e-13 0.0750
5.3850e-13 0.0383
1.0241e-12 0.0278
1.3846e-12 0.0236
1.6623e-12 0.0217
1.3932e-12 0.0241
4.7994e-16 0.4273
0.0000e+00 1.0000
5.9902e-16 0.3210
7.9887e-16 0.3637
9.7859e-16 0.2545
3.4086e-15 0.4714
2.7613e-15 0.3079
1.3653e-15 0.2966
2.1396e-15 0.2426
3.0901e-16 0.3631
6.4143e-16 0.3808
8.1237e-16 0.3929
1.1762e-15 0.2588
2.9397e-15 0.2923
1.8599e-14 0.1857
3.5365e-14 0.1438
5.2522e-14 0.1236
2.7784e-14 0.1467
1.0834e-15 0.3135
1.1160e-15 0.4102
1.1362e-15 0.4454
6.0840e-15 0.2568
4.8396e-14 0.1222
2.1402e-13 0.0618
3.8696e-13 0.0444
5.2463e-13 0.0394
3.8352e-13 0.0454
6.0460e-16 0.2821
8.9125e-16 0.2668
2.1298e-15 0.3575
4.5973e-14 0.1267
3.4204e-13 0.0484
9.7676e-13 0.0296
1.4204e-12 0.0242
1.6579e-12 0.0224
1.4278e-12 0.0237
8.9928e-16 0.2723
9.5660e-16 0.3556
1.4597e-14 0.1992
2.0040e-13 0.0634
8.8548e-13 0.0305
1.9162e-12 0.0208
2.9194e-12 0.0168
3.6647e-12 0.0150
2.9029e-12 0.0169
1.6224e-15 0.4479
9.0624e-16 0.2555
4.4114e-14 0.1394
4.4001e-13 0.0428
1.4798e-12 0.0238
2.8775e-12 0.0168
1.1110e-11 0.0082
4.7601e-11 0.0035
1.0969e-11 0.0082
0.0000e+00 1.0000
2.3501e-15 0.3700
4.3740e-14 0.1236
5.2659e-13 0.0394
1.6952e-12 0.0221
3.6361e-12 0.0149
4.7740e-11 0.0035
1.1356e-09 0.0003
4.7677e-11 0.0035
1.7193e-15 0.3371
2.2278e-15 0.2763
3.6384e-14 0.1414
4.0582e-13 0.0437
1.3867e-12 0.0239
2.9463e-12 0.0168
1.0869e-11 0.0083
4.7503e-11 0.0035
1.0954e-11 0.0082
7.1194e-16 0.3092
1.0598e-15 0.3195
1.3496e-14 0.2210
2.0295e-13 0.0611
9.3148e-13 0.0299
1.8976e-12 0.0207
2.9593e-12 0.0167
3.6684e-12 0.0148
2.8623e-12 0.0170
5.3308e-16 0.4381
7.0530e-16 0.3665
7.5895e-16 0.3428
1.0493e-15 0.4344
7.0439e-16 0.2947
1.0887e-15 0.3649
1.3699e-15 0.3335
1.2807e-15 0.2838
3.4478e-15 0.3095
6.5086e-16 0.3822
5.7599e-16 0.2785
7.8339e-16 0.3782
1.1460e-15 0.2590
1.1532e-15 0.2558
1.8935e-14 0.1880
3.0044e-14 0.1459
5.4380e-14 0.1103
4.1426e-14 0.1311
6.4254e-16 0.4108
9.3133e-16 0.3541
1.0673e-15 0.2707
3.2276e-15 0.3262
5.8668e-14 0.1098
2.8324e-13 0.0532
5.9576e-13 0.0363
7.1374e-13 0.0335
6.2282e-13 0.0362
8.3333e-16 0.2732
1.1941e-15 0.2250
2.9216e-15 0.3874
5.2108e-14 0.1183
4.6600e-13 0.0415
1.4680e-12 0.0236
2.5055e-12 0.0182
2.8616e-12 0.0170
2.4411e-12 0.0185
3.9500e-16 0.2833
1.5056e-15 0.4521
1.1686e-14 0.2534
2.7620e-13 0.0536
1.4788e-12 0.0237
3.5171e-12 0.0154
6.0534e-12 0.0118
7.8510e-12 0.0101
5.9666e-12 0.0118
1.3401e-15 0.4162
9.4364e-16 0.2772
4.7500e-14 0.1260
6.3988e-13 0.0357
2.5386e-12 0.0180
6.0407e-12 0.0117
2.7052e-11 0.0051
1.0181e-10 0.0023
2.7303e-11 0.0051
1.1431e-15 0.3476
1.2745e-15 0.2692
5.7174e-14 0.1048
7.9337e-13 0.0319
2.9386e-12 0.0168
7.9977e-12 0.0100
1.0162e-10 0.0023
8.9858e-10 0.0005
1.0198e-10 0.0023
7.5630e-16 0.3585
2.6415e-15 0.4191
3.3812e-14 0.1299
6.1621e-13 0.0369
2.5749e-12 0.0181
5.9353e-12 0.0118
2.6957e-11 0.0051
1.0123e-10 0.0023
2.7241e-11 0.0051
7.8067e-16 0.2808
6.8026e-16 0.3129
1.4111e-14 0.2089
2.8115e-13 0.0514
1.5369e-12 0.0235
3.4497e-12 0.0156
6.1205e-12 0.0117
7.9144e-12 0.0101
5.9424e-12 0.0118
0.0000e+00 1.0000
1.4619e-15 0.3527
7.8272e-16 0.3701
9.3655e-16 0.4061
5.9053e-16 0.2956
1.2112e-15 0.3678
1.5664e-15 0.3614
2.2989e-15 0.2520
2.1403e-15 0.3161
3.7719e-16 0.2812
1.5643e-15 0.3684
3.1010e-15 0.3747
8.3016e-16 0.2745
8.9858e-16 0.2516
1.3452e-14 0.2109
3.6395e-14 0.1330
6.3570e-14 0.0993
4.4660e-14 0.1230
4.9520e-16 0.3531
6.4174e-16 0.4084
1.5712e-15 0.2221
4.6335e-15 0.2978
5.9970e-14 0.1089
3.5468e-13 0.0463
8.6792e-13 0.0303
1.0204e-12 0.0280
8.4286e-13 0.0312
8.5548e-16 0.3939
9.3530e-16 0.2924
3.0159e-15 0.3622
6.1756e-14 0.1007
6.2083e-13 0.0363
2.2745e-12 0.0193
4.0902e-12 0.0144
4.8399e-12 0.0131
3.9038e-12 0.0147
1.2384e-15 0.3824
1.8811e-15 0.3183
1.0460e-14 0.2265
3.2823e-13 0.0472
2.1942e-12 0.0195
5.9753e-12 0.0120
1.1475e-11 0.0085
1.5663e-11 0.0071
1.1401e-11 0.0085
6.5686e-16 0.2878
1.3566e-15 0.2447
3.2658e-14 0.1279
8.3469e-13 0.0312
4.1416e-12 0.0144
1.1517e-11 0.0085
5.0011e-11 0.0037
1.4215e-10 0.0020
5.0286e-11 0.0037
1.0929e-15 0.3018
8.6736e-16 0.3266
5.0869e-14 0.1072
1.0601e-12 0.0272
4.8990e-12 0.0132
1.5497e-11 0.0072
1.4164e-10 0.0020
6.3999e-10 0.0007
1.4188e-10 0.0020
9.9429e-16 0.2455
1.2545e-15 0.2387
3.2811e-14 0.1332
7.9176e-13 0.0315
4.0841e-12 0.0144
1.1529e-11 0.0085
5.0202e-11 0.0037
1.4140e-10 0.0020
5.0447e-11 0.0037
1.2181e-15 0.3023
1.3482e-15 0.2395
7.1198e-15 0.2736
3.6576e-13 0.0460
2.2454e-12 0.0196
5.8369e-12 0.0120
1.1422e-11 0.0085
1.5585e-11 0.0071
1.1332e-11 0.0085
1.1068e-15 0.4512
4.6124e-16 0.2988
7.9902e-16 0.3305
7.3062e-16 0.2868
1.4567e-15 0.4037
1.5567e-15 0.2924
1.8804e-15 0.3293
2.9402e-15 0.3939
1.6212e-15 0.3210
0.0000e+00 1.0000
2.5825e-15 0.3746
1.5451e-15 0.2703
1.2121e-15 0.3745
1.2742e-15 0.4273
3.8203e-15 0.3273
2.7453e-14 0.1523
4.9645e-14 0.1109
3.1019e-14 0.1316
1.0366e-15 0.4085
0.0000e+00 1.0000
1.7693e-15 0.2619
4.9484e-15 0.2850
5.6449e-14 0.1098
3.4777e-13 0.0456
9.0062e-13 0.0285
1.2887e-12 0.0249
9.3030e-13 0.0286
4.6506e-16 0.4480
1.4056e-15 0.4880
1.2262e-15 0.2250
5.4937e-14 0.1062
6.7517e-13 0.0336
2.9009e-12 0.0171
5.9024e-12 0.0120
7.3151e-12 0.0108
5.8040e-12 0.0121
0.0000e+00 1.0000
1.7753e-15 0.3453
8.5226e-15 0.2278
3.3739e-13 0.0462
2.8650e-12 0.0171
8.9423e-12 0.0097
1.8468e-11 0.0066
2.5695e-11 0.0055
1.8691e-11 0.0066
7.5379e-16 0.3089
1.6804e-15 0.4588
3.2479e-14 0.1384
9.3437e-13 0.0286
5.8917e-12 0.0121
1.8517e-11 0.0066
6.9779e-11 0.0031
1.5321e-10 0.0019
7.0280e-11 0.0031
1.0079e-15 0.2419
1.5679e-15 0.2061
4.5147e-14 0.1112
1.3590e-12 0.0245
7.2012e-12 0.0108
2.5523e-11 0.0055
1.5339e-10 0.0019
4.4018e-10 0.0009
1.5311e-10 0.0019
1.8539e-15 0.3117
1.8447e-15 0.2574
3.2590e-14 0.1383
9.6911e-13 0.0282
5.7947e-12 0.0121
1.8607e-11 0.0066
7.0022e-11 0.0031
1.5301e-10 0.0019
7.0204e-11 0.0031
1.3650e-15 0.3266
1.4834e-15 0.2868
6.6979e-15 0.1966
3.7751e-13 0.0440
2.8869e-12 0.0170
9.0907e-12 0.0097
1.8759e-11 0.0066
2.5403e-11 0.0055
1.8676e-11 0.0066
1.3606e-15 0.3471
5.2980e-16 0.3440
1.5663e-15 0.4081
2.0987e-15 0.3353
1.9091e-15 0.2792
0.0000e+00 1.0000
2.1001e-15 0.3078
1.7108e-15 0.2258
3.3244e-15 0.2216
4.8988e-16 0.3276
1.3140e-15 0.2380
6.8846e-16 0.2802
2.0862e-15 0.3963
1.7997e-15 0.2201
6.3463e-15 0.2540
2.2485e-14 0.1576
3.4265e-14 0.1239
2.1659e-14 0.1532
2.9493e-15 0.4345
5.6628e-16 0.2823
2.2329e-15 0.3450
3.0203e-15 0.3317
4.1850e-14 0.1166
3.1406e-13 0.0471
9.7361e-13 0.0280
1.3641e-12 0.0239
1.0004e-12 0.0277
1.4346e-15 0.2913
2.0306e-15 0.3389
3.3189e-15 0.3106
4.5760e-14 0.1155
6.8006e-13 0.0333
3.3599e-12 0.0157
7.3621e-12 0.0107
9.3737e-12 0.0095
7.4147e-12 0.0106
1.5229e-15 0.3330
1.5300e-15 0.2496
5.4431e-15 0.2466
3.2599e-13 0.0458
3.3668e-12 0.0157
1.2010e-11 0.0084
2.5659e-11 0.0056
3.5111e-11 0.0047
2.5533e-11 0.0056
2.1747e-15 0.3820
2.2371e-15 0.3583
1.4944e-14 0.1919
9.2927e-13 0.0278
7.3262e-12 0.0107
2.5523e-11 0.0056
8.0117e-11 0.0029
1.4366e-10 0.0020
8.0251e-11 0.0029
0.0000e+00 1.0000
3.2125e-15 0.2957
3.9164e-14 0.1213
1.3775e-12 0.0234
9.4563e-12 0.0094
3.4633e-11 0.0047
1.4402e-10 0.0020
3.0391e-10 0.0012
1.4388e-10 0.0020
1.5640e-15 0.2687
5.5972e-15 0.4172
2.4541e-14 0.1599
9.4513e-13 0.0282
7.2465e-12 0.0107
2.5531e-11 0.0056
8.0039e-11 0.0029
1.4371e-10 0.0020
7.9933e-11 0.0029
2.1110e-15 0.4477
0.0000e+00 1.0000
6.9024e-15 0.2269
3.2260e-13 0.0462
3.3410e-12 0.0156
1.1876e-11 0.0084
2.5721e-11 0.0056
3.4528e-11 0.0047
2.5808e-11 0.0056
4.7297e-16 0.4362
6.3341e-16 0.3128
1.0840e-15 0.2649
1.4154e-15 0.2972
3.2638e-15 0.4494
3.7216e-15 0.3151
1.3134e-15 0.2421
1.4355e-15 0.2738
1.6108e-15 0.2742
6.7111e-16 0.3081
1.2650e-15 0.4133
1.6900e-15 0.2776
1.1059e-15 0.2382
2.9902e-15 0.2864
3.3452e-15 0.3462
1.0999e-14 0.1948
1.6783e-14 0.1688
7.4726e-15 0.2404
1.3786e-15 0.2832
1.9255e-15 0.3261
1.6055e-15 0.2650
3.6354e-15 0.4286
2.0098e-14 0.1516
2.2897e-13 0.0525
8.0028e-13 0.0297
1.1184e-12 0.0251
8.0663e-13 0.0298
1.3497e-15 0.3781
1.7069e-15 0.3443
2.8542e-15 0.2832
2.4465e-14 0.1439
5.7641e-13 0.0356
3.2663e-12 0.0156
8.0308e-12 0.0101
1.0282e-11 0.0090
7.9243e-12 0.0101
3.2437e-15 0.3902
2.6526e-15 0.2635
4.6188e-15 0.2257
2.3688e-13 0.0540
3.2548e-12 0.0157
1.3435e-11 0.0078
2.9886e-11 0.0051
3.9911e-11 0.0044
2.9838e-11 0.0052
1.0791e-15 0.2401
3.1988e-15 0.3492
1.2791e-14 0.1910
7.7342e-13 0.0300
7.8175e-12 0.0102
2.9928e-11 0.0052
7.9973e-11 0.0029
1.2467e-10 0.0022
8.0033e-11 0.0029
2.6650e-15 0.3608
3.6943e-15 0.4066
2.0366e-14 0.1619
1.1994e-12 0.0249
1.0379e-11 0.0089
3.9932e-11 0.0044
1.2497e-10 0.0022
2.1459e-10 0.0015
1.2512e-10 0.0022
0.0000e+00 1.0000
2.0171e-15 0.2552
7.6822e-15 0.2696
7.9390e-13 0.0296
7.8186e-12 0.0102
2.9913e-11 0.0052
8.0135e-11 0.0029
1.2475e-10 0.0022
7.9724e-11 0.0029
1.8283e-15 0.3558
2.2969e-15 0.3331
4.3497e-15 0.2186
2.2774e-13 0.0537
3.2647e-12 0.0157
1.3569e-11 0.0078
2.9782e-11 0.0052
3.9806e-11 0.0044
3.0298e-11 0.0051
9.1631e-16 0.2678
1.3681e-15 0.3204
1.3735e-15 0.2472
7.2639e-16 0.2764
2.2928e-15 0.2603
4.6984e-15 0.2501
4.5803e-15 0.3202
2.8988e-15 0.2489
4.3383e-15 0.3478
9.8486e-16 0.2629
0.0000e+00 1.0000
2.0311e-15 0.2291
2.0976e-15 0.2433
3.5937e-15 0.2194
4.8948e-15 0.2945
7.8387e-15 0.2574
9.7210e-15 0.2216
7.0215e-15 0.2428
1.5473e-15 0.4332
1.4737e-15 0.2745
2.4994e-15 0.2093
3.0051e-15 0.2106
1.0142e-14 0.1883
1.3178e-13 0.0679
5.0408e-13 0.0360
8.0831e-13 0.0290
4.9585e-13 0.0370
1.2364e-15 0.2736
2.6107e-15 0.3504
3.2554e-15 0.2378
7.9757e-15 0.2026
3.1597e-13 0.0445
2.5371e-12 0.0174
7.0659e-12 0.0106
9.5758e-12 0.0091
7.1373e-12 0.0105
1.1069e-15 0.4746
2.8790e-15 0.3875
4.9034e-15 0.2585
1.2384e-13 0.0692
2.5492e-12 0.0172
1.2807e-11 0.0079
2.9665e-11 0.0051
3.9364e-11 0.0044
2.9845e-11 0.0051
2.9048e-15 0.3943
2.5801e-15 0.2901
7.7527e-15 0.1949
4.9608e-13 0.0366
7.0097e-12 0.0106
2.9492e-11 0.0052
7.2528e-11 0.0031
1.0344e-10 0.0025
7.2971e-11 0.0031
1.4821e-15 0.2883
3.8264e-15 0.2186
6.9828e-15 0.2309
7.8263e-13 0.0295
9.5730e-12 0.0091
3.9447e-11 0.0044
1.0356e-10 0.0025
1.5527e-10 0.0019
1.0361e-10 0.0025
1.5284e-15 0.4507
1.5025e-15 0.2301
2.2683e-15 0.2719
5.0875e-13 0.0362
6.9421e-12 0.0107
2.9665e-11 0.0051
7.3036e-11 0.0031
1.0359e-10 0.0025
7.2696e-11 0.0031
1.9614e-15 0.3281
2.1992e-15 0.2964
5.2882e-15 0.4430
1.1937e-13 0.0688
2.5869e-12 0.0173
1.2953e-11 0.0079
2.9744e-11 0.0051
3.9516e-11 0.0044
2.9749e-11 0.0051
8.8574e-16 0.3898
1.8423e-15 0.3578
9.5689e-16 0.2307
2.3921e-15 0.3494
2.6468e-15 0.4773
1.6387e-15 0.3359
2.5694e-15 0.2263
2.9993e-15 0.3261
3.9874e-15 0.3399
0.0000e+00 1.0000
2.2883e-15 0.2921
2.4192e-15 0.2676
2.5134e-15 0.2797
2.1849e-15 0.2179
3.7595e-15 0.1790
7.6226e-15 0.2386
5.7014e-15 0.2742
5.1624e-15 0.2280
1.3726e-15 0.4144
9.1784e-16 0.2762
2.3619e-15 0.3063
5.0731e-15 0.2465
5.8024e-15 0.1951
3.9499e-14 0.1074
2.3814e-13 0.0499
3.7397e-13 0.0407
2.3467e-13 0.0504
2.3194e-15 0.3538
1.4694e-15 0.2725
3.0051e-15 0.2412
4.6087e-15 0.1974
1.3804e-13 0.0636
1.5486e-12 0.0213
4.9432e-12 0.0123
7.1688e-12 0.0103
5.0454e-12 0.0122
1.2585e-15 0.4456
3.4172e-15 0.3859
5.1225e-15 0.2428
4.4332e-14 0.1052
1.5664e-12 0.0212
9.9448e-12 0.0088
2.5246e-11 0.0056
3.3510e-11 0.0048
2.4967e-11 0.0056
1.7665e-15 0.3355
3.6092e-15 0.2170
7.3990e-15 0.2293
2.3280e-13 0.0517
4.9043e-12 0.0123
2.5069e-11 0.0056
6.0269e-11 0.0034
8.1794e-11 0.0028
6.0228e-11 0.0034
2.0914e-15 0.2879
2.0245e-15 0.2727
6.6982e-15 0.2203
3.7130e-13 0.0410
7.0248e-12 0.0103
3.3486e-11 0.0048
8.1993e-11 0.0028
1.1363e-10 0.0023
8.2295e-11 0.0028
1.8016e-15 0.3823
2.2730e-15 0.2066
4.4546e-15 0.2232
2.1217e-13 0.0525
4.9443e-12 0.0123
2.5143e-11 0.0055
6.0357e-11 0.0034
8.1874e-11 0.0028
6.0509e-11 0.0034
1.9075e-15 0.2858
2.1919e-15 0.2379
5.1650e-15 0.2885
4.4133e-14 0.1096
1.4844e-12 0.0216
9.8698e-12 0.0089
2.5204e-11 0.0056
3.3618e-11 0.0047
2.5099e-11 0.0056
2.5321e-15 0.4232
0.0000e+00 1.0000
1.1338e-15 0.2670
2.9439e-15 0.3538
2.5329e-15 0.4194
2.5523e-15 0.3455
5.3127e-15 0.2601
3.2570e-15 0.3585
2.6004e-15 0.2160
9.4098e-16 0.3783
1.2467e-15 0.3301
2.6582e-15 0.2872
4.7105e-15 0.3451
3.0318e-15 0.2718
4.8256e-15 0.3084
7.3968e-15 0.1914
5.4664e-15 0.2255
4.0280e-15 0.2718
1.4980e-15 0.3655
1.0051e-15 0.2760
2.1004e-15 0.2649
3.5238e-15 0.2281
4.6503e-15 0.2236
1.3322e-14 0.1567
6.0025e-14 0.0841
1.0640e-13 0.0717
6.7269e-14 0.0887
1.3640e-15 0.2505
3.1952e-15 0.2962
3.1539e-15 0.1696
4.4667e-15 0.2084
3.2414e-14 0.1117
6.2768e-13 0.0317
2.5845e-12 0.0164
3.8837e-12 0.0134
2.5953e-12 0.0164
2.5554e-15 0.2967
3.2301e-15 0.2685
5.6111e-15 0.2158
1.4158e-14 0.1524
5.9388e-13 0.0323
5.7727e-12 0.0112
1.7308e-11 0.0066
2.3872e-11 0.0056
1.7133e-11 0.0066
3.1583e-15 0.2528
5.2038e-15 0.2467
4.0979e-15 0.2392
6.2542e-14 0.0909
2.5530e-12 0.0164
1.7093e-11 0.0066
4.3835e-11 0.0041
5.9564e-11 0.0034
4.4339e-11 0.0040
1.7139e-15 0.2227
3.3541e-15 0.2600
6.2931e-15 0.2403
1.0682e-13 0.0683
3.8345e-12 0.0136
2.3792e-11 0.0056
5.9543e-11 0.0034
8.0530e-11 0.0029
5.9643e-11 0.0034
9.4929e-16 0.2494
3.7425e-15 0.2582
5.2034e-15 0.2329
5.0105e-14 0.0973
2.5382e-12 0.0165
1.7239e-11 0.0066
4.4351e-11 0.0041
5.9690e-11 0.0034
4.4079e-11 0.0040
1.0153e-15 0.2952
4.3022e-15 0.3187
5.8034e-15 0.2362
1.4929e-14 0.1555
5.8140e-13 0.0331
5.7497e-12 0.0112
1.7249e-11 0.0066
2.3993e-11 0.0056
1.7342e-11 0.0066
1.0987e-15 0.3319
2.6875e-15 0.4845
3.8937e-15 0.3863
1.2909e-15 0.2670
1.9091e-15 0.4242
3.8043e-15 0.2090
3.4595e-15 0.2173
3.1601e-15 0.4123
2.4615e-15 0.2026
5.4647e-16 0.2953
2.4676e-15 0.3116
3.4550e-15 0.3340
2.3698e-15 0.2052
3.9245e-15 0.2449
6.0678e-15 0.2396
6.0334e-15 0.2466
5.5605e-15 0.2435
5.3205e-15 0.2363
1.1103e-15 0.3083
2.2633e-15 0.3445
3.5396e-15 0.3088
3.7275e-15 0.3090
6.9465e-15 0.2603
4.3287e-15 0.1733
1.5974e-14 0.1418
2.4935e-14 0.1270
1.6392e-14 0.1497
1.9360e-15 0.3224
0.0000e+00 1.0000
3.6278e-15 0.2315
5.6406e-15 0.1664
1.2562e-14 0.1548
1.4929e-13 0.0593
8.0030e-13 0.0274
1.3654e-12 0.0214
8.1429e-13 0.0270
3.6435e-15 0.2732
3.7025e-15 0.3994
3.9866e-15 0.2291
7.2383e-15 0.2081
1.3901e-13 0.0605
2.2504e-12 0.0171
8.7463e-12 0.0090
1.2639e-11 0.0075
8.6633e-12 0.0090
4.2323e-15 0.3818
2.3673e-15 0.2177
5.3266e-15 0.2201
1.3407e-14 0.1926
8.3304e-13 0.0271
8.6662e-12 0.0090
2.6419e-11 0.0052
3.6593e-11 0.0044
2.6215e-11 0.0052
2.4234e-15 0.2699
4.9805e-15 0.2556
5.0884e-15 0.2640
2.5423e-14 0.1281
1.3827e-12 0.0214
1.2768e-11 0.0075
3.6450e-11 0.0044
5.0479e-11 0.0037
3.6852e-11 0.0044
2.2816e-15 0.4370
2.7681e-15 0.2666
3.1238e-15 0.1906
1.4986e-14 0.1594
8.3445e-13 0.0270
8.6686e-12 0.0090
2.6364e-11 0.0052
3.6633e-11 0.0044
2.6258e-11 0.0052
1.6778e-15 0.3239
3.5644e-15 0.2850
2.6551e-15 0.2165
9.0527e-15 0.2000
1.4543e-13 0.0608
2.2481e-12 0.0172
8.7175e-12 0.0090
1.2791e-11 0.0075
8.7174e-12 0.0090
0.0000e+00 1.0000
2.3703e-15 0.4065
3.1846e-15 0.2783
1.7626e-15 0.3121
4.8466e-15 0.3105
6.5482e-15 0.3239
2.4580e-15 0.2240
2.5116e-15 0.3237
2.6598e-15 0.2556
5.2661e-16 0.3064
1.2138e-15 0.3103
2.6799e-15 0.2518
4.6885e-15 0.2861
3.4300e-15 0.2399
4.2652e-15 0.2826
6.2979e-15 0.1913
6.9018e-15 0.2239
7.6075e-15 0.2301
1.6992e-15 0.4001
2.7383e-15 0.3204
4.3060e-15 0.3540
4.2254e-15 0.2483
6.3334e-15 0.2057
5.2030e-15 0.2108
1.0582e-14 0.1564
1.1067e-14 0.1555
1.2726e-14 0.1827
3.2572e-15 0.3761
3.8924e-15 0.2564
3.3978e-15 0.2126
5.7877e-15 0.2224
1.0237e-14 0.1606
2.6016e-14 0.1156
1.3390e-13 0.0606
2.6824e-13 0.0441
1.5737e-13 0.0559
2.2474e-15 0.2764
3.5345e-15 0.2370
3.7763e-15 0.2434
7.3703e-15 0.1895
2.3002e-14 0.1231
4.7056e-13 0.0342
2.6867e-12 0.0154
4.4556e-12 0.0121
2.6980e-12 0.0154
3.1337e-15 0.3755
3.3432e-15 0.2758
4.7059e-15 0.2886
9.5103e-15 0.1873
1.4272e-13 0.0603
2.7038e-12 0.0153
1.0975e-11 0.0079
1.6506e-11 0.0065
1.0941e-11 0.0079
3.8715e-15 0.3597
3.9228e-15 0.2789
5.2992e-15 0.2256
1.0815e-14 0.1987
2.8412e-13 0.0437
4.3381e-12 0.0123
1.6709e-11 0.0064
2.4453e-11 0.0053
1.6663e-11 0.0064
1.9600e-15 0.3448
2.5038e-15 0.1985
3.0124e-15 0.2006
1.3856e-14 0.1772
1.4368e-13 0.0595
2.7178e-12 0.0154
1.1013e-11 0.0079
1.6479e-11 0.0065
1.0985e-11 0.0079
2.8121e-15 0.3725
3.7916e-15 0.4016
3.5964e-15 0.2752
7.7852e-15 0.1766
2.3082e-14 0.1263
5.0754e-13 0.0337
2.6873e-12 0.0154
4.4773e-12 0.0121
2.6640e-12 0.0154
1.7110e-15 0.4655
1.7881e-15 0.3040
1.9662e-15 0.2965
1.0317e-15 0.2522
1.7459e-15 0.2595
3.8855e-15 0.3759
3.9220e-15 0.2841
3.8097e-15 0.3317
2.4846e-15 0.2921
1.5653e-15 0.3386
1.2510e-15 0.2746
2.5721e-15 0.3014
3.5591e-15 0.1781
4.5091e-15 0.2654
3.4032e-15 0.1717
6.5408e-15 0.2189
6.9445e-15 0.2212
8.6180e-15 0.2151
1.5429e-15 0.3458
2.6694e-15 0.3974
2.9263e-15 0.3102
4.9647e-15 0.2702
4.7490e-15 0.1677
7.9222e-15 0.1948
8.7157e-15 0.1722
8.4416e-15 0.1803
1.4218e-14 0.2053
3.0247e-15 0.3137
1.7114e-15 0.1924
3.6588e-15 0.2051
4.7058e-15 0.1725
9.7831e-15 0.1900
1.2075e-14 0.1411
2.5604e-14 0.1179
3.9624e-14 0.1020
2.8066e-14 0.1174
2.6172e-15 0.2858
4.2042e-15 0.2588
4.8947e-15 0.1901
6.3300e-15 0.1693
1.3820e-14 0.1430
6.3969e-14 0.0851
3.9567e-13 0.0361
8.0167e-13 0.0262
4.0372e-13 0.0357
3.0740e-15 0.2710
2.6044e-15 0.2340
5.6908e-15 0.2727
1.2936e-14 0.1538
2.6055e-14 0.1145
3.9834e-13 0.0358
2.4234e-12 0.0157
4.3319e-12 0.0120
2.4769e-12 0.0156
1.6257e-15 0.2862
2.9354e-15 0.2936
6.4016e-15 0.2334
1.5437e-14 0.1792
4.1617e-14 0.0972
7.3100e-13 0.0275
4.3375e-12 0.0120
7.2216e-12 0.0095
4.3338e-12 0.0120
1.9483e-15 0.2752
1.7875e-15 0.2546
5.4799e-15 0.2223
1.1176e-14 0.1993
3.0091e-14 0.1123
4.1350e-13 0.0357
2.4597e-12 0.0156
4.2991e-12 0.0120
2.4758e-12 0.0155
2.3531e-15 0.3588
2.4933e-15 0.2295
6.8576e-15 0.2548
8.3457e-15 0.1852
1.6858e-14 0.1410
6.1492e-14 0.0814
3.9137e-13 0.0365
7.6284e-13 0.0268
3.9860e-13 0.0363
9.0888e-16 0.3021
1.3838e-15 0.3610
3.2636e-15 0.3423
2.4361e-15 0.2696
2.4751e-15 0.2949
3.8862e-15 0.3034
3.1444e-15 0.2783
4.8882e-15 0.2639
4.4962e-15 0.2372
1.2420e-15 0.3030
1.3165e-15 0.2488
1.6317e-15 0.3957
2.1412e-15 0.2019
2.8431e-15 0.2151
7.5224e-15 0.2457
6.7277e-15 0.2500
6.0849e-15 0.2902
6.7416e-15 0.1972
2.3550e-15 0.3189
3.7813e-15 0.4230
4.8620e-15 0.2174
4.1761e-15 0.2470
7.2713e-15 0.2014
7.9349e-15 0.1988
9.3986e-15 0.2027
1.0745e-14 0.1821
1.4142e-14 0.1654
1.7382e-15 0.3465
2.6826e-15 0.2897
5.3195e-15 0.3109
6.3731e-15 0.2041
9.3580e-15 0.1905
1.4646e-14 0.1525
2.6514e-14 0.1256
2.2094e-14 0.1337
1.5674e-14 0.1326
3.2683e-15 0.2818
3.7409e-15 0.3297
6.1333e-15 0.2413
8.3370e-15 0.1937
1.6898e-14 0.1397
2.6045e-14 0.1295
5.5058e-14 0.0891
7.7499e-14 0.0723
4.7344e-14 0.0942
3.1949e-15 0.2761
4.7887e-15 0.3345
8.4694e-15 0.2895
1.1693e-14 0.1489
2.1721e-14 0.1434
4.9681e-14 0.0922
2.4455e-13 0.0442
5.0001e-13 0.0319
2.5537e-13 0.0433
1.8890e-15 0.2128
4.8465e-15 0.2385
6.5598e-15 0.2096
1.1558e-14 0.1682
2.7372e-14 0.1190
8.5043e-14 0.0726
5.0219e-13 0.0316
9.4736e-13 0.0236
4.8775e-13 0.0318
2.4460e-15 0.2816
2.7952e-15 0.4227
5.6032e-15 0.2766
1.2429e-14 0.1729
2.6836e-14 0.1156
5.6779e-14 0.0880
2.5732e-13 0.0422
5.0550e-13 0.0317
2.8890e-13 0.0424
2.1020e-15 0.2670
1.5906e-15 0.2265
5.8058e-15 0.1972
8.6786e-15 0.1809
1.9311e-14 0.1455
2.1765e-14 0.1113
4.8670e-14 0.0851
9.2789e-14 0.0691
5.4407e-14 0.0842
9.1052e-16 0.2439
1.9669e-15 0.3956
1.1521e-15 0.2645
1.8958e-15 0.3022
1.7683e-15 0.3122
3.4552e-15 0.2454
4.8575e-15 0.3506
3.6629e-15 0.3443
4.6500e-15 0.2400
2.7013e-15 0.4944
1.5792e-15 0.3701
3.1253e-15 0.2568
4.1355e-15 0.3835
3.8575e-15 0.2812
4.9437e-15 0.1862
4.0590e-15 0.1805
4.7487e-15 0.2056
8.1958e-15 0.2301
1.0991e-15 0.3276
2.1364e-15 0.2374
3.0687e-15 0.2048
4.6687e-15 0.2270
6.8727e-15 0.2936
8.4403e-15 0.1833
1.0519e-14 0.1759
9.4361e-15 0.1497
1.2538e-14 0.1504
2.2395e-15 0.2455
2.4164e-15 0.2439
3.9862e-15 0.1793
6.2745e-15 0.2313
1.1903e-14 0.1902
1.5895e-14 0.1595
1.5397e-14 0.1339
2.4285e-14 0.1188
1.8169e-14 0.1409
2.2235e-15 0.3351
3.1058e-15 0.2320
4.3400e-15 0.1931
8.4911e-15 0.1840
1.5339e-14 0.1868
2.4551e-14 0.1247
3.7043e-14 0.1077
4.1612e-14 0.1037
3.4962e-14 0.1070
3.9870e-15 0.2624
2.4468e-15 0.2342
7.5028e-15 0.1797
1.5528e-14 0.1779
1.9172e-14 0.1327
3.6032e-14 0.0984
6.9151e-14 0.0855
9.8919e-14 0.0654
6.6378e-14 0.0852
4.0129e-15 0.2901
3.5539e-15 0.1967
6.9343e-15 0.2833
1.3862e-14 0.2250
2.6734e-14 0.1160
5.2703e-14 0.0911
9.0637e-14 0.0729
1.5330e-13 0.0535
8.6974e-14 0.0677
1.9702e-15 0.3752
3.4123e-15 0.2837
6.0702e-15 0.2107
1.2034e-14 0.1962
1.9724e-14 0.1226
3.3901e-14 0.1042
6.3953e-14 0.0847
8.5870e-14 0.0709
6.4705e-14 0.0790
1.0394e-15 0.2420
2.1040e-15 0.2220
6.4124e-15 0.2218
1.0279e-14 0.1853
1.7088e-14 0.1537
2.3312e-14 0.1353
3.3324e-14 0.1131
5.2269e-14 0.1108
3.6125e-14 0.1052
7.4230e-16 0.2133
9.6082e-16 0.2900
1.6644e-15 0.2641
2.0936e-15 0.2600
4.0917e-15 0.3639
4.0049e-15 0.2654
2.1751e-15 0.3182
3.1937e-15 0.2811
3.3161e-15 0.2700
0.0000e+00 1.0000
3.6716e-15 0.3308
2.3696e-15 0.2906
2.5118e-15 0.2110
3.9555e-15 0.3248
6.7951e-15 0.2154
6.2781e-15 0.2131
6.2253e-15 0.2076
6.3594e-15 0.2032
1.4873e-15 0.2930
3.0458e-15 0.2844
3.4849e-15 0.2538
4.2519e-15 0.2370
5.6868e-15 0.1872
1.0572e-14 0.1922
8.0254e-15 0.1897
1.0445e-14 0.1540
1.0550e-14 0.1964
8.8056e-16 0.3092
3.8976e-15 0.2659
3.5952e-15 0.1806
6.1582e-15 0.2034
1.0889e-14 0.1733
1.7811e-14 0.1501
2.0585e-14 0.1498
2.2397e-14 0.1358
1.6558e-14 0.1412
2.1536e-15 0.2435
3.2668e-15 0.1985
5.3636e-15 0.2652
9.9160e-15 0.2077
1.5375e-14 0.1428
3.0378e-14 0.1189
3.8032e-14 0.1053
3.7760e-14 0.1021
3.5261e-14 0.1083
3.3291e-15 0.2955
4.4802e-15 0.2638
9.2923e-15 0.1764
1.0949e-14 0.1998
1.8801e-14 0.1271
2.9619e-14 0.1153
5.7512e-14 0.0890
7.7121e-14 0.0747
6.1438e-14 0.0895
2.2879e-15 0.2537
4.7045e-15 0.2946
6.7326e-15 0.2079
1.5877e-14 0.1815
3.0267e-14 0.1275
3.6661e-14 0.1026
7.5397e-14 0.0771
1.1585e-13 0.0665
7.9532e-14 0.0759
2.2980e-15 0.2912
4.9907e-15 0.2460
9.0724e-15 0.2242
1.4041e-14 0.1894
1.7312e-14 0.1316
2.8488e-14 0.1149
5.0807e-14 0.0926
7.2330e-14 0.0729
5.7044e-14 0.0823
8.1006e-16 0.3683
3.6580e-15 0.2722
3.3286e-15 0.2157
8.1201e-15 0.1773
1.7268e-14 0.1602
1.7268e-14 0.1211
2.8695e-14 0.1178
4.4595e-14 0.1012
3.3792e-14 0.1042
1.4564e-15 0.3023
1.3649e-15 0.3427
1.7858e-15 0.2770
3.6646e-15 0.2250
5.0751e-15 0.2869
5.3185e-15 0.2710
3.7944e-15 0.2156
4.2139e-15 0.2688
3.8399e-15 0.2585
1.7542e-15 0.3859
2.3481e-15 0.2807
3.2880e-15 0.3168
3.3505e-15 0.3125
3.2897e-15 0.2409
5.3656e-15 0.2368
6.3057e-15 0.2019
4.8850e-15 0.1831
6.3217e-15 0.2472
1.6366e-15 0.2442
3.7843e-15 0.3570
2.5454e-15 0.2624
5.0469e-15 0.2411
8.6407e-15 0.2112
1.1292e-14 0.2160
1.0828e-14 0.2167
1.3456e-14 0.1714
1.0060e-14 0.2130
2.6355e-15 0.3748
3.4898e-15 0.2358
4.1055e-15 0.2393
4.7321e-15 0.2509
1.1100e-14 0.1843
1.4803e-14 0.1571
1.5597e-14 0.1486
1.8653e-14 0.1371
2.0030e-14 0.1354
2.0210e-15 0.2798
5.1549e-15 0.2834
6.8705e-15 0.1922
9.1040e-15 0.1733
1.2976e-14 0.1510
2.9325e-14 0.1225
3.1824e-14 0.1173
3.1641e-14 0.1102
3.3816e-14 0.1077
2.8301e-15 0.3120
4.8388e-15 0.2258
8.3187e-15 0.2257
1.2392e-14 0.1841
1.9015e-14 0.1678
3.8847e-14 0.1137
5.4371e-14 0.0882
7.1998e-14 0.0836
5.5135e-14 0.0943
3.1076e-15 0.3265
3.1919e-15 0.2292
8.3348e-15 0.2166
1.2237e-14 0.1570
2.5485e-14 0.1340
3.4488e-14 0.1058
6.3832e-14 0.0806
1.0390e-13 0.0664
7.5066e-14 0.0774
3.9896e-15 0.3553
7.2984e-15 0.2950
8.3082e-15 0.2194
1.3053e-14 0.1871
2.0912e-14 0.1668
3.1661e-14 0.1069
4.4050e-14 0.0913
6.5325e-14 0.0812
5.9234e-14 0.0827
1.7758e-15 0.2547
3.5417e-15 0.3375
3.4558e-15 0.2481
1.2753e-14 0.1676
1.3074e-14 0.1459
1.8046e-14 0.1435
3.0877e-14 0.1186
3.3274e-14 0.0976
2.9295e-14 0.1081
1.1878e-15 0.4108
2.3985e-15 0.3653
3.3547e-15 0.2674
2.3864e-15 0.3168
4.0502e-15 0.3006
3.7494e-15 0.2432
3.5131e-15 0.2549
2.9710e-15 0.2290
4.4764e-15 0.2466
1.8447e-15 0.2885
3.0375e-15 0.3543
3.0107e-15 0.2915
1.9932e-15 0.2560
4.4084e-15 0.3570
4.3674e-15 0.1795
8.2990e-15 0.2273
6.1667e-15 0.1937
9.9139e-15 0.2563
2.9631e-15 0.2837
1.5602e-15 0.2821
3.4622e-15 0.2476
4.8449e-15 0.2717
5.2828e-15 0.2136
8.6802e-15 0.2014
1.1669e-14 0.2031
1.4764e-14 0.1801
1.1460e-14 0.2053
1.4513e-15 0.1974
2.2432e-15 0.2198
4.2091e-15 0.2323
7.4723e-15 0.2341
8.5225e-15 0.1972
1.9359e-14 0.1548
1.5243e-14 0.1482
2.3137e-14 0.1518
1.8201e-14 0.1675
2.9833e-15 0.2872
4.5898e-15 0.3038
7.4652e-15 0.2441
8.7850e-15 0.2057
1.5682e-14 0.1516
2.3628e-14 0.1493
3.2002e-14 0.1195
3.7383e-14 0.1161
3.1067e-14 0.1128
2.1790e-15 0.2881
8.4580e-15 0.2406
8.0463e-15 0.1912
1.5334e-14 0.1803
1.5170e-14 0.1469
3.2196e-14 0.1253
5.1645e-14 0.0923
7.1759e-14 0.0848
4.5692e-14 0.0866
3.6159e-15 0.2876
4.6360e-15 0.2890
9.5958e-15 0.2721
1.2077e-14 0.1705
2.2959e-14 0.1432
2.9002e-14 0.1112
6.6871e-14 0.0853
9.9842e-14 0.0688
7.2582e-14 0.0798
2.7116e-15 0.3532
3.5628e-15 0.2403
7.3930e-15 0.2203
1.4010e-14 0.1845
1.4534e-14 0.1393
3.0865e-14 0.1244
4.5986e-14 0.0980
6.2997e-14 0.0828
4.8732e-14 0.0995
2.8688e-15 0.3559
4.0040e-15 0.2330
4.9475e-15 0.2157
1.1995e-14 0.1999
1.5755e-14 0.1734
1.8337e-14 0.1409
2.7303e-14 0.1134
4.5393e-14 0.1098
3.2961e-14 0.1271
3.2318e-15 0.3090
3.2561e-15 0.2818
2.0868e-15 0.4467
4.2017e-15 0.3270
4.2329e-15 0.3049
4.6449e-15 0.2720
3.5424e-15 0.1911
3.1241e-15 0.2208
3.2333e-15 0.2460
1.6287e-15 0.2836
2.7665e-15 0.3326
1.9913e-15 0.3450
1.9926e-15 0.2475
6.2697e-15 0.2678
5.9267e-15 0.2287
7.8183e-15 0.2047
7.9736e-15 0.1973
8.2727e-15 0.2440
2.8160e-15 0.3356
2.1262e-15 0.3326
1.5172e-15 0.2580
4.1439e-15 0.2100
7.9170e-15 0.2361
1.1260e-14 0.2105
9.8790e-15 0.1794
1.4521e-14 0.1587
9.1123e-15 0.1788
3.6242e-15 0.3926
3.2170e-15 0.2478
6.9424e-15 0.2173
6.2671e-15 0.2279
1.0331e-14 0.2007
1.6504e-14 0.1672
1.9780e-14 0.1498
1.6429e-14 0.1468
1.7446e-14 0.1619
2.4083e-15 0.2673
4.2898e-15 0.2902
5.9159e-15 0.2046
8.7745e-15 0.1983
1.4223e-14 0.1594
2.3917e-14 0.1347
3.0898e-14 0.1133
3.2961e-14 0.1161
2.8442e-14 0.1260
4.3556e-15 0.2925
6.5353e-15 0.2353
6.6517e-15 0.2078
1.0786e-14 0.1932
1.8198e-14 0.1515
3.8102e-14 0.1262
4.5804e-14 0.0966
5.8701e-14 0.0894
4.5489e-14 0.0908
4.5423e-15 0.3004
5.5590e-15 0.3240
4.2875e-15 0.1833
1.3740e-14 0.1933
1.7094e-14 0.1508
3.4251e-14 0.1124
6.3369e-14 0.0903
8.1148e-14 0.0758
6.6968e-14 0.0903
1.7648e-15 0.3183
6.5167e-15 0.3260
8.8619e-15 0.2166
9.1768e-15 0.1715
1.8771e-14 0.1535
2.8429e-14 0.1167
4.5154e-14 0.1025
5.7862e-14 0.0922
5.1986e-14 0.0924
2.3099e-15 0.3273
4.2799e-15 0.2536
6.7298e-15 0.2204
9.4582e-15 0.1729
1.2242e-14 0.1613
1.9948e-14 0.1384
2.6460e-14 0.1290
3.1949e-14 0.1216
2.4877e-14 0.1165
