     9      9     20
d_kernel   u_kernel

1.4076e-16 0.4660
2.8153e-16 0.4211
4.8383e-16 0.3886
6.7131e-16 0.3461
5.7953e-16 0.3373
6.6650e-16 0.3071
1.7762e-15 0.4545
1.4484e-15 0.3268
5.9145e-16 0.3105
1.9877e-16 0.4563
2.4764e-16 0.3551
8.9614e-16 0.3211
6.2592e-16 0.3728
7.1927e-16 0.3387
6.1958e-16 0.2652
5.5454e-15 0.2991
6.3632e-15 0.3163
5.9047e-15 0.2859
0.0000e+00 1.0000
0.0000e+00 1.0000
0.0000e+00 1.0000
6.3979e-16 0.3411
6.7815e-15 0.2504
3.8155e-14 0.1276
1.1179e-13 0.0794
1.4171e-13 0.0732
1.0973e-13 0.0825
6.6976e-16 0.4509
6.1299e-16 0.4464
9.4971e-16 0.4713
7.5084e-15 0.2571
8.3374e-14 0.0959
3.2344e-13 0.0501
5.6323e-13 0.0378
6.1936e-13 0.0356
5.9995e-13 0.0373
1.0512e-15 0.2566
3.5680e-16 0.3057
1.8511e-15 0.4185
4.3643e-14 0.1336
3.2118e-13 0.0496
7.4185e-13 0.0325
1.1229e-12 0.0267
1.1945e-12 0.0256
1.0601e-12 0.0273
1.4994e-15 0.4083
1.0140e-15 0.3147
4.4172e-15 0.3613
1.0718e-13 0.0842
5.6763e-13 0.0382
1.0472e-12 0.0276
2.1424e-12 0.0194
5.5846e-12 0.0112
2.0834e-12 0.0197
9.9696e-16 0.4726
8.8431e-16 0.3098
5.9558e-15 0.2774
1.5160e-13 0.0716
6.8752e-13 0.0340
1.2270e-12 0.0254
5.5789e-12 0.0111
1.2289e-09 0.0002
5.6400e-12 0.0111
1.2516e-15 0.2803
6.0818e-16 0.2830
6.8791e-15 0.2571
1.1363e-13 0.0815
5.8058e-13 0.0369
1.0710e-12 0.0274
2.0831e-12 0.0195
5.5886e-12 0.0111
2.1915e-12 0.0191
3.6926e-16 0.3325
3.3723e-16 0.3103
4.2112e-15 0.3505
3.6169e-14 0.1419
3.0822e-13 0.0512
7.3971e-13 0.0323
1.0513e-12 0.0278
1.2216e-12 0.0252
1.0994e-12 0.0267
2.4315e-16 0.4235
4.9430e-16 0.3410
8.5318e-16 0.3512
8.2564e-16 0.3121
1.4472e-15 0.4065
6.4365e-16 0.3294
9.1887e-16 0.2654
7.9569e-16 0.3121
0.0000e+00 1.0000
1.9378e-16 0.4492
3.0424e-16 0.3720
6.7302e-16 0.2917
8.7450e-16 0.2537
1.4241e-15 0.3645
9.9197e-16 0.2291
4.4332e-15 0.3700
7.3995e-15 0.2629
3.9205e-15 0.2783
2.6338e-16 0.3578
5.9276e-16 0.4721
1.6360e-15 0.3750
1.5258e-15 0.2898
1.0585e-14 0.2296
6.7227e-14 0.1048
1.7694e-13 0.0668
2.4253e-13 0.0556
1.8781e-13 0.0621
6.3582e-16 0.3092
5.2813e-16 0.3531
9.0761e-16 0.4098
3.6568e-15 0.2659
1.2760e-13 0.0777
5.2583e-13 0.0388
1.0214e-12 0.0283
1.2767e-12 0.0253
1.0823e-12 0.0274
1.0463e-15 0.4634
6.6923e-16 0.2782
2.0906e-15 0.3589
6.2857e-14 0.1054
5.5973e-13 0.0386
1.5628e-12 0.0230
2.2714e-12 0.0188
2.7353e-12 0.0172
2.2727e-12 0.0190
1.4050e-15 0.3470
1.5820e-15 0.3691
6.9056e-15 0.3429
1.7237e-13 0.0661
1.0183e-12 0.0284
2.2826e-12 0.0191
5.7582e-12 0.0117
2.0025e-11 0.0056
5.7159e-12 0.0117
5.7619e-16 0.2940
1.4871e-15 0.4163
5.4257e-15 0.3092
2.5448e-13 0.0561
1.2457e-12 0.0256
2.6630e-12 0.0172
2.0265e-11 0.0056
1.2353e-09 0.0003
2.0208e-11 0.0056
5.2461e-16 0.3034
1.3012e-15 0.2846
7.9732e-15 0.2394
1.5923e-13 0.0685
1.0273e-12 0.0281
2.3289e-12 0.0189
5.7392e-12 0.0118
2.0431e-11 0.0056
5.8403e-12 0.0115
7.5167e-16 0.3471
4.5886e-16 0.3320
2.8126e-15 0.4197
5.7606e-14 0.1113
5.0097e-13 0.0402
1.5407e-12 0.0233
2.1487e-12 0.0194
2.7034e-12 0.0172
2.3089e-12 0.0188
0.0000e+00 1.0000
9.4131e-16 0.3325
1.0622e-15 0.4005
1.3719e-15 0.2558
0.0000e+00 1.0000
9.5021e-16 0.3832
5.2352e-16 0.3125
6.7512e-16 0.3134
7.9475e-16 0.2956
0.0000e+00 1.0000
0.0000e+00 1.0000
7.9207e-16 0.2639
1.1991e-15 0.2481
1.5938e-15 0.3901
1.9297e-15 0.3247
2.9869e-15 0.2988
7.5648e-15 0.2602
3.1928e-15 0.2971
5.1101e-16 0.3688
7.8157e-16 0.4681
0.0000e+00 1.0000
9.5743e-16 0.3508
1.2690e-14 0.2147
7.7501e-14 0.0936
2.3381e-13 0.0554
3.5241e-13 0.0464
2.3492e-13 0.0559
6.3554e-16 0.4781
1.0066e-15 0.2855
1.2348e-15 0.3683
8.6715e-15 0.2437
1.5732e-13 0.0674
9.2992e-13 0.0295
1.8725e-12 0.0211
2.3392e-12 0.0188
1.8309e-12 0.0213
0.0000e+00 1.0000
2.5923e-15 0.4732
1.8168e-15 0.3353
8.1743e-14 0.0948
8.6601e-13 0.0307
2.8289e-12 0.0172
4.7830e-12 0.0132
6.0016e-12 0.0117
4.8258e-12 0.0131
7.2785e-16 0.2699
7.8900e-16 0.3554
3.3133e-15 0.3221
2.5649e-13 0.0541
1.8384e-12 0.0214
4.7478e-12 0.0132
1.6719e-11 0.0068
6.4319e-11 0.0030
1.6527e-11 0.0068
1.1093e-15 0.3290
1.3762e-15 0.3749
4.1306e-15 0.2966
3.4853e-13 0.0467
2.2489e-12 0.0192
5.9436e-12 0.0117
6.4826e-11 0.0030
1.0912e-09 0.0003
6.4605e-11 0.0030
0.0000e+00 1.0000
1.5081e-15 0.2650
6.5420e-15 0.2875
2.4622e-13 0.0556
1.7973e-12 0.0214
4.7322e-12 0.0132
1.6313e-11 0.0068
6.4669e-11 0.0030
1.6578e-11 0.0068
0.0000e+00 1.0000
1.6952e-15 0.3250
2.2366e-15 0.3554
6.8204e-14 0.1019
8.2842e-13 0.0312
2.8168e-12 0.0173
4.8189e-12 0.0132
5.9735e-12 0.0117
4.8797e-12 0.0131
1.2120e-15 0.3098
1.4100e-15 0.4530
1.0022e-15 0.2943
1.7673e-15 0.3419
1.6368e-15 0.3060
9.8224e-16 0.2867
1.2103e-15 0.4204
1.5627e-15 0.3222
1.1400e-15 0.2562
0.0000e+00 1.0000
1.1175e-15 0.2935
1.4862e-15 0.3993
1.2307e-15 0.2824
1.7685e-15 0.3759
2.3676e-15 0.4282
6.0680e-15 0.2825
4.0826e-15 0.3142
3.7675e-15 0.3648
9.0627e-16 0.3332
2.2169e-15 0.3504
9.4341e-16 0.4213
2.0826e-15 0.3186
8.3493e-15 0.2381
9.7205e-14 0.0817
3.0650e-13 0.0483
4.7968e-13 0.0399
3.0564e-13 0.0490
6.5539e-16 0.3252
1.2055e-15 0.3564
1.3452e-15 0.4416
1.2155e-14 0.2180
2.1213e-13 0.0578
1.3511e-12 0.0248
2.9690e-12 0.0167
3.8666e-12 0.0148
3.0310e-12 0.0167
1.2470e-15 0.3923
0.0000e+00 1.0000
2.5506e-15 0.3279
9.6818e-14 0.0830
1.2771e-12 0.0252
4.7539e-12 0.0134
9.5503e-12 0.0094
1.2634e-11 0.0081
9.5254e-12 0.0094
8.0444e-16 0.3224
2.1978e-15 0.3754
5.6271e-15 0.2870
3.0764e-13 0.0472
2.9531e-12 0.0168
9.6052e-12 0.0094
3.8359e-11 0.0044
1.2175e-10 0.0022
3.8351e-11 0.0044
2.0255e-15 0.4615
1.2151e-15 0.2806
6.6788e-15 0.2439
4.9002e-13 0.0392
3.8285e-12 0.0148
1.2557e-11 0.0081
1.2240e-10 0.0022
8.1504e-10 0.0005
1.2253e-10 0.0022
1.4573e-15 0.4841
8.9091e-16 0.2120
5.7894e-15 0.3970
3.1727e-13 0.0475
2.9718e-12 0.0167
9.3610e-12 0.0095
3.8250e-11 0.0044
1.2225e-10 0.0022
3.8369e-11 0.0044
9.2850e-16 0.4457
0.0000e+00 1.0000
2.3666e-15 0.3318
7.7026e-14 0.0863
1.2676e-12 0.0255
4.8255e-12 0.0133
9.6105e-12 0.0094
1.2708e-11 0.0081
9.4675e-12 0.0094
4.8414e-16 0.4736
5.1323e-16 0.3525
8.4880e-16 0.4116
1.3867e-15 0.2868
8.6290e-16 0.3365
1.6433e-15 0.3293
1.2312e-15 0.2665
1.4940e-15 0.2233
1.3329e-15 0.2392
7.2004e-16 0.4549
1.3977e-15 0.3217
1.2751e-15 0.4504
2.0402e-15 0.3635
2.3139e-15 0.3267
3.0376e-15 0.4702
4.0149e-15 0.2896
6.2571e-15 0.2620
4.1361e-15 0.2124
1.4734e-15 0.4050
1.6654e-15 0.3977
0.0000e+00 1.0000
1.9876e-15 0.3347
8.6331e-15 0.2194
7.4532e-14 0.0915
3.4615e-13 0.0443
5.0455e-13 0.0375
3.5348e-13 0.0446
6.8694e-16 0.4496
7.6616e-16 0.3224
1.5032e-15 0.3554
7.6536e-15 0.2400
2.1421e-13 0.0573
1.6908e-12 0.0217
4.2634e-12 0.0140
5.6507e-12 0.0122
4.2747e-12 0.0140
9.3920e-16 0.3952
1.3109e-15 0.2901
3.3884e-15 0.3081
9.3711e-14 0.0847
1.7070e-12 0.0217
7.3604e-12 0.0108
1.6378e-11 0.0072
2.2583e-11 0.0060
1.6484e-11 0.0072
1.5249e-15 0.2467
9.7446e-16 0.2573
4.5006e-15 0.2865
3.5601e-13 0.0447
4.2422e-12 0.0141
1.6483e-11 0.0072
6.3437e-11 0.0033
1.5321e-10 0.0019
6.3879e-11 0.0033
5.1834e-16 0.2896
1.5791e-15 0.2829
5.3243e-15 0.2341
5.2331e-13 0.0369
5.7174e-12 0.0122
2.2621e-11 0.0060
1.5353e-10 0.0019
5.5711e-10 0.0008
1.5363e-10 0.0019
1.7092e-15 0.3559
1.5364e-15 0.3378
6.1555e-15 0.2917
3.6432e-13 0.0443
4.3061e-12 0.0140
1.6441e-11 0.0072
6.3258e-11 0.0033
1.5365e-10 0.0019
6.3544e-11 0.0033
0.0000e+00 1.0000
1.1694e-15 0.2221
1.4937e-15 0.2959
7.9581e-14 0.0900
1.6301e-12 0.0221
7.4305e-12 0.0107
1.6413e-11 0.0072
2.2511e-11 0.0060
1.6483e-11 0.0071
2.0343e-16 0.3732
6.7341e-16 0.3402
0.0000e+00 1.0000
7.7954e-16 0.2774
6.9743e-16 0.2988
1.3505e-15 0.4007
1.2572e-15 0.3123
8.2713e-16 0.2576
1.5221e-15 0.2691
3.9543e-16 0.3457
7.2268e-16 0.3700
8.9994e-16 0.3185
8.5578e-16 0.2685
1.3508e-15 0.2339
1.5342e-15 0.2253
3.1842e-15 0.3292
3.2262e-15 0.2752
3.3468e-15 0.2489
0.0000e+00 1.0000
1.6368e-15 0.4158
1.2246e-15 0.3058
1.9471e-15 0.3792
4.5217e-15 0.2596
4.7704e-14 0.1092
3.1329e-13 0.0457
5.0430e-13 0.0367
3.1692e-13 0.0455
8.8304e-16 0.3051
1.6472e-15 0.2958
3.4339e-15 0.4252
5.5028e-15 0.3490
1.6363e-13 0.0611
1.7766e-12 0.0209
5.2993e-12 0.0125
7.1711e-12 0.0108
5.0810e-12 0.0127
3.4141e-15 0.3686
1.9021e-15 0.2451
1.7216e-15 0.2758
6.1802e-14 0.0980
1.7931e-12 0.0207
9.6997e-12 0.0094
2.3369e-11 0.0060
3.2863e-11 0.0049
2.3716e-11 0.0059
1.9557e-15 0.4462
0.0000e+00 1.0000
4.3937e-15 0.3512
3.0098e-13 0.0467
5.2473e-12 0.0125
2.3617e-11 0.0059
8.0136e-11 0.0029
1.5377e-10 0.0019
8.0044e-11 0.0029
1.1122e-15 0.3295
1.1431e-15 0.2349
2.1719e-15 0.2605
4.5598e-13 0.0380
7.2422e-12 0.0107
3.2891e-11 0.0049
1.5372e-10 0.0019
3.7509e-10 0.0010
1.5416e-10 0.0019
1.8939e-15 0.4011
1.4287e-15 0.2763
3.1862e-15 0.3400
2.9791e-13 0.0464
5.2811e-12 0.0125
2.3630e-11 0.0059
7.9780e-11 0.0029
1.5352e-10 0.0019
7.9581e-11 0.0030
3.8547e-16 0.3433
7.6405e-16 0.2448
2.6633e-15 0.2504
5.9765e-14 0.0949
1.6997e-12 0.0212
9.8070e-12 0.0093
2.3764e-11 0.0059
3.2425e-11 0.0050
2.3657e-11 0.0059
0.0000e+00 1.0000
5.4064e-16 0.3057
1.2761e-15 0.4772
1.6773e-15 0.3117
2.2917e-15 0.3225
1.7914e-15 0.2832
1.8361e-15 0.3239
2.4833e-15 0.3524
1.4037e-15 0.2451
0.0000e+00 1.0000
1.2780e-15 0.4190
9.8176e-16 0.3008
2.0749e-15 0.3697
2.2660e-15 0.3542
2.2297e-15 0.2989
2.1146e-15 0.2211
3.3671e-15 0.2535
4.2252e-15 0.3425
0.0000e+00 1.0000
2.0398e-15 0.3427
1.6642e-15 0.2610
1.5882e-15 0.2331
3.7767e-15 0.3126
2.7349e-14 0.1266
2.0839e-13 0.0539
3.5590e-13 0.0426
1.6618e-13 0.0592
9.4976e-16 0.3517
1.4299e-15 0.2907
3.0853e-15 0.3101
3.2145e-15 0.2488
1.0077e-13 0.0751
1.5532e-12 0.0215
5.2098e-12 0.0123
7.4041e-12 0.0104
5.0637e-12 0.0125
1.8951e-15 0.3216
1.5306e-15 0.2349
2.1620e-15 0.3169
3.9353e-14 0.1168
1.5415e-12 0.0216
1.0615e-11 0.0088
2.7860e-11 0.0054
3.8561e-11 0.0045
2.7912e-11 0.0054
6.6688e-16 0.3315
1.4283e-15 0.2648
4.0226e-15 0.3156
1.9913e-13 0.0544
5.3869e-12 0.0121
2.7992e-11 0.0054
8.3639e-11 0.0029
1.3758e-10 0.0021
8.3714e-11 0.0029
8.4107e-16 0.2567
2.4243e-15 0.4029
4.4192e-15 0.1990
3.5215e-13 0.0420
7.5556e-12 0.0103
3.8647e-11 0.0045
1.3686e-10 0.0021
2.5671e-10 0.0014
1.3750e-10 0.0021
8.9403e-16 0.2862
2.0677e-15 0.3466
4.1019e-15 0.2997
1.9829e-13 0.0548
5.2984e-12 0.0122
2.7874e-11 0.0054
8.3550e-11 0.0029
1.3732e-10 0.0021
8.3434e-11 0.0029
1.7223e-15 0.4534
2.1944e-15 0.4801
1.9024e-15 0.2401
3.8491e-14 0.1185
1.5383e-12 0.0217
1.0608e-11 0.0088
2.7854e-11 0.0054
3.8537e-11 0.0045
2.7880e-11 0.0054
0.0000e+00 1.0000
6.2797e-16 0.3467
8.1126e-16 0.3542
3.6524e-16 0.4605
8.0784e-16 0.3485
1.7268e-15 0.2377
1.1755e-15 0.2754
2.3292e-15 0.2579
3.3263e-15 0.3932
0.0000e+00 1.0000
9.6302e-16 0.4106
5.7573e-16 0.2555
1.1306e-15 0.3849
1.3466e-15 0.2111
2.6160e-15 0.2419
1.6716e-15 0.2170
2.8245e-15 0.3373
3.3686e-15 0.1852
0.0000e+00 1.0000
1.5048e-15 0.3259
9.9110e-16 0.4014
1.9461e-15 0.2683
2.1934e-15 0.2262
1.1820e-14 0.1802
8.2369e-14 0.0778
1.6107e-13 0.0594
8.7133e-14 0.0796
7.0422e-16 0.2883
1.5904e-15 0.2510
2.7804e-15 0.2405
3.6751e-15 0.2389
4.7512e-14 0.1000
9.8624e-13 0.0259
3.9972e-12 0.0136
6.1368e-12 0.0111
4.0323e-12 0.0136
1.5250e-15 0.4072
3.0124e-15 0.3596
3.5601e-15 0.3299
1.4313e-14 0.1587
9.9032e-13 0.0260
9.2540e-12 0.0092
2.6870e-11 0.0054
3.7768e-11 0.0046
2.6799e-11 0.0054
1.0999e-15 0.2775
3.0435e-15 0.2456
5.0757e-15 0.2042
7.9803e-14 0.0811
4.1185e-12 0.0135
2.6863e-11 0.0054
7.6590e-11 0.0031
1.1400e-10 0.0024
7.6480e-11 0.0031
1.4733e-15 0.2593
3.7315e-15 0.2980
4.1755e-15 0.2351
1.7823e-13 0.0566
6.2596e-12 0.0110
3.7781e-11 0.0045
1.1350e-10 0.0024
1.8014e-10 0.0017
1.1405e-10 0.0024
1.4066e-15 0.4590
1.7150e-15 0.3312
3.4768e-15 0.2637
8.2892e-14 0.0797
4.0288e-12 0.0134
2.6991e-11 0.0054
7.6449e-11 0.0031
1.1388e-10 0.0024
7.6174e-11 0.0031
0.0000e+00 1.0000
1.5337e-15 0.2534
2.5786e-15 0.2213
1.1905e-14 0.1767
1.0253e-12 0.0258
9.2558e-12 0.0092
2.7017e-11 0.0054
3.7595e-11 0.0046
2.6837e-11 0.0055
7.2198e-16 0.4793
7.0236e-16 0.2704
1.2594e-15 0.2874
8.8483e-16 0.2811
9.4812e-16 0.2541
1.0057e-15 0.2283
1.4326e-15 0.2717
1.2630e-15 0.2266
1.9115e-15 0.1989
1.4689e-15 0.4971
8.4150e-16 0.3162
9.6111e-16 0.2630
1.5074e-15 0.3385
1.9927e-15 0.2031
4.6527e-15 0.2967
3.0567e-15 0.2213
3.1532e-15 0.3102
3.3181e-15 0.2126
7.3978e-16 0.4012
1.9548e-15 0.3766
1.7141e-15 0.2695
2.4185e-15 0.2623
3.7907e-15 0.2066
5.5897e-15 0.2533
2.5399e-14 0.1232
4.6861e-14 0.0946
2.8855e-14 0.1233
1.0205e-15 0.3504
9.9037e-16 0.2545
3.4065e-15 0.2303
3.2846e-15 0.2308
2.0599e-14 0.1472
4.0428e-13 0.0380
2.3332e-12 0.0170
3.6842e-12 0.0137
2.2617e-12 0.0173
2.0142e-15 0.4256
1.4538e-15 0.2681
2.7462e-15 0.2203
7.5511e-15 0.2359
3.9853e-13 0.0379
6.1432e-12 0.0109
2.1011e-11 0.0061
3.0047e-11 0.0050
2.0854e-11 0.0061
2.7667e-15 0.4311
2.7411e-15 0.2639
3.5577e-15 0.2799
2.0471e-14 0.1356
2.3102e-12 0.0172
2.0841e-11 0.0061
6.1313e-11 0.0034
8.7612e-11 0.0028
6.1189e-11 0.0035
2.4819e-15 0.2721
2.6072e-15 0.2619
4.9952e-15 0.2377
4.6768e-14 0.0982
3.7903e-12 0.0135
2.9952e-11 0.0050
8.7660e-11 0.0028
1.2799e-10 0.0022
8.7978e-11 0.0028
0.0000e+00 1.0000
0.0000e+00 1.0000
3.6893e-15 0.2736
2.6939e-14 0.1347
2.3618e-12 0.0169
2.0718e-11 0.0061
6.1201e-11 0.0034
8.7519e-11 0.0028
6.0960e-11 0.0034
1.9449e-15 0.3275
2.9375e-15 0.3139
5.0737e-15 0.2181
5.3836e-15 0.2067
4.0396e-13 0.0381
6.0883e-12 0.0110
2.0772e-11 0.0061
2.9876e-11 0.0051
2.0906e-11 0.0061
6.8235e-16 0.4472
9.2462e-16 0.2990
4.6085e-16 0.2952
9.3052e-16 0.3057
1.9931e-15 0.2909
3.1796e-15 0.2881
1.4491e-15 0.2352
2.4588e-15 0.2325
2.2256e-15 0.1693
1.2931e-15 0.3521
1.5548e-15 0.3127
0.0000e+00 1.0000
2.7115e-15 0.3155
3.8580e-15 0.3421
3.0739e-15 0.2471
3.0466e-15 0.2154
4.8806e-15 0.3400
4.7465e-15 0.2314
8.7244e-16 0.2813
1.8474e-15 0.3314
1.6001e-15 0.2461
2.7998e-15 0.2521
2.0061e-15 0.2247
7.3714e-15 0.1940
8.3757e-15 0.1741
1.4010e-14 0.2001
9.7983e-15 0.2098
1.5629e-15 0.4272
1.6994e-15 0.3548
2.6334e-15 0.2263
4.2635e-15 0.2400
6.2096e-15 0.1941
1.1046e-13 0.0684
8.2522e-13 0.0271
1.4249e-12 0.0207
8.0377e-13 0.0271
1.3243e-15 0.3144
1.7403e-15 0.3978
2.4035e-15 0.2462
4.6762e-15 0.2180
9.8067e-14 0.0686
2.6946e-12 0.0156
1.1817e-11 0.0078
1.8094e-11 0.0063
1.1755e-11 0.0078
2.8957e-15 0.2992
4.1577e-15 0.3278
4.7788e-15 0.2673
7.7168e-15 0.1974
7.6870e-13 0.0279
1.1679e-11 0.0078
4.0595e-11 0.0042
5.8832e-11 0.0035
4.0720e-11 0.0042
2.4166e-15 0.3797
3.3057e-15 0.3611
3.7253e-15 0.1743
1.0083e-14 0.1639
1.4708e-12 0.0204
1.8076e-11 0.0064
5.8903e-11 0.0035
8.5324e-11 0.0028
5.9058e-11 0.0035
2.2739e-15 0.3415
1.4432e-15 0.3079
4.8366e-15 0.2847
8.2409e-15 0.1921
7.9758e-13 0.0269
1.1729e-11 0.0078
4.0532e-11 0.0042
5.9190e-11 0.0035
4.0612e-11 0.0042
2.5229e-15 0.3984
2.7584e-15 0.2953
3.9868e-15 0.2663
5.6411e-15 0.2352
1.0681e-13 0.0662
2.6837e-12 0.0156
1.1784e-11 0.0078
1.8127e-11 0.0063
1.1701e-11 0.0078
6.2122e-16 0.2562
1.1978e-15 0.4455
9.3147e-16 0.2620
2.1397e-15 0.2739
2.3172e-15 0.3031
2.4461e-15 0.3250
2.9279e-15 0.2776
3.4006e-15 0.2816
1.9890e-15 0.2569
1.4276e-15 0.4588
5.0901e-16 0.3108
1.2520e-15 0.2282
3.1123e-15 0.3289
3.8434e-15 0.3375
4.5003e-15 0.1911
5.5885e-15 0.2140
3.6248e-15 0.2176
3.4611e-15 0.1934
1.5082e-15 0.3301
2.4750e-15 0.3421
2.3848e-15 0.2585
2.2280e-15 0.2846
4.9263e-15 0.2383
4.9508e-15 0.1923
5.9515e-15 0.1679
6.7273e-15 0.2175
8.1765e-15 0.2074
9.2999e-16 0.3066
1.4796e-15 0.3202
3.1682e-15 0.2288
3.9517e-15 0.1840
9.2882e-15 0.2065
1.7769e-14 0.1281
1.2418e-13 0.0620
3.0707e-13 0.0415
1.4896e-13 0.0559
9.2495e-16 0.2396
2.4577e-15 0.3094
4.5810e-15 0.1953
6.0461e-15 0.2244
1.8162e-14 0.1293
6.2234e-13 0.0301
4.2109e-12 0.0124
7.0612e-12 0.0097
4.1639e-12 0.0124
2.8809e-15 0.2873
3.4732e-15 0.3080
3.0988e-15 0.1862
8.4473e-15 0.2242
1.3028e-13 0.0611
4.0814e-12 0.0125
1.9403e-11 0.0060
3.0216e-11 0.0048
1.9386e-11 0.0060
1.8271e-15 0.3554
1.8033e-15 0.2120
4.0362e-15 0.2604
9.0356e-15 0.1981
2.9856e-13 0.0417
7.1885e-12 0.0096
3.0385e-11 0.0048
4.6438e-11 0.0039
3.0490e-11 0.0048
1.0987e-15 0.3462
3.3972e-15 0.3798
3.6018e-15 0.2206
8.5247e-15 0.2078
1.2873e-13 0.0608
4.1205e-12 0.0125
1.9175e-11 0.0060
3.0508e-11 0.0048
1.9464e-11 0.0060
2.3460e-15 0.2620
2.6806e-15 0.3149
3.8323e-15 0.2149
5.3921e-15 0.2130
1.9268e-14 0.1323
6.2856e-13 0.0297
4.0725e-12 0.0125
7.2121e-12 0.0096
4.1667e-12 0.0125
5.1744e-16 0.3544
0.0000e+00 1.0000
1.6035e-15 0.4296
1.2885e-15 0.2850
1.7284e-15 0.2760
3.0523e-15 0.3716
3.1881e-15 0.3064
3.6764e-15 0.3617
3.8448e-15 0.3644
0.0000e+00 1.0000
8.7741e-16 0.2642
1.8302e-15 0.3196
2.6822e-15 0.3225
4.3503e-15 0.2756
4.5872e-15 0.2117
4.7676e-15 0.2521
4.0820e-15 0.2453
5.9087e-15 0.2401
1.1454e-15 0.4009
1.3527e-15 0.3535
1.5032e-15 0.2279
3.0784e-15 0.3004
5.7886e-15 0.2404
4.2086e-15 0.2377
7.1126e-15 0.2489
9.7737e-15 0.2442
7.4457e-15 0.2228
1.0445e-15 0.3674
1.8410e-15 0.3083
3.7104e-15 0.2455
4.3319e-15 0.2125
8.0795e-15 0.1928
1.2252e-14 0.1662
2.3436e-14 0.1308
3.7029e-14 0.1069
2.8128e-14 0.1162
2.1940e-15 0.2421
4.0002e-15 0.2611
3.0372e-15 0.1688
5.4833e-15 0.2181
1.3677e-14 0.1578
6.6097e-14 0.0775
6.7624e-13 0.0280
1.4053e-12 0.0199
6.8840e-13 0.0277
2.4273e-15 0.3262
2.0423e-15 0.3382
2.3966e-15 0.2109
5.5720e-15 0.1789
2.2547e-14 0.1305
6.9725e-13 0.0277
5.1046e-12 0.0110
9.3381e-12 0.0083
5.1565e-12 0.0109
1.7354e-15 0.2991
2.8790e-15 0.3498
4.2222e-15 0.2229
5.4880e-15 0.1604
3.7906e-14 0.0959
1.4445e-12 0.0198
9.2625e-12 0.0083
1.6318e-11 0.0064
9.4266e-12 0.0082
3.2868e-15 0.3616
2.1117e-15 0.2796
4.1760e-15 0.1985
9.3678e-15 0.1824
1.7202e-14 0.1204
6.6938e-13 0.0280
5.0638e-12 0.0110
9.4004e-12 0.0083
5.3649e-12 0.0108
2.3870e-15 0.4907
3.3202e-15 0.3192
4.0064e-15 0.2381
4.7604e-15 0.1710
1.2636e-14 0.1644
7.2356e-14 0.0770
6.6808e-13 0.0285
1.4176e-12 0.0200
6.5377e-13 0.0283
4.3263e-16 0.3656
1.0661e-15 0.3077
2.1591e-15 0.3891
2.1244e-15 0.3233
3.5229e-15 0.2501
2.8131e-15 0.2497
2.0209e-15 0.3080
3.0967e-15 0.3204
2.5809e-15 0.2532
1.2078e-15 0.4731
8.7929e-16 0.3230
1.9838e-15 0.2667
2.9267e-15 0.2779
3.2465e-15 0.2364
4.7256e-15 0.2141
3.8090e-15 0.2971
3.8175e-15 0.2501
5.4409e-15 0.2694
0.0000e+00 1.0000
1.9364e-15 0.4114
3.4236e-15 0.3067
3.1441e-15 0.2454
4.0360e-15 0.2177
7.3008e-15 0.2217
7.8174e-15 0.2019
8.0293e-15 0.1743
9.6988e-15 0.2183
9.7299e-16 0.2916
3.0287e-15 0.3100
1.7710e-15 0.2123
5.7152e-15 0.1798
7.6582e-15 0.1872
1.0705e-14 0.1490
1.7971e-14 0.1386
2.0143e-14 0.1267
2.1917e-14 0.1409
3.3087e-15 0.3334
2.5698e-15 0.2262
5.3096e-15 0.2654
4.6178e-15 0.1532
9.8246e-15 0.1664
1.9629e-14 0.1411
5.5930e-14 0.0857
1.1630e-13 0.0613
5.8484e-14 0.0804
1.7964e-15 0.2990
2.6405e-15 0.2736
4.8819e-15 0.2853
6.6142e-15 0.1752
1.5465e-14 0.1525
6.1738e-14 0.0789
5.4810e-13 0.0299
1.1813e-12 0.0211
5.7604e-13 0.0291
1.9070e-15 0.2322
3.4579e-15 0.3098
5.7017e-15 0.2007
7.3472e-15 0.1819
1.9276e-14 0.1414
1.1560e-13 0.0597
1.2015e-12 0.0210
2.5685e-12 0.0147
1.1859e-12 0.0208
3.1985e-15 0.4016
2.8293e-15 0.3480
5.4930e-15 0.2759
9.1940e-15 0.1606
1.2444e-14 0.1270
5.8649e-14 0.0786
5.4380e-13 0.0298
1.1741e-12 0.0211
5.4979e-13 0.0294
2.2308e-15 0.3276
4.4739e-15 0.3249
3.3323e-15 0.2336
4.9429e-15 0.3022
1.1938e-14 0.1672
2.3536e-14 0.1283
6.2701e-14 0.0828
1.1062e-13 0.0634
5.9326e-14 0.0843
4.6488e-16 0.2644
1.3373e-15 0.2820
1.5366e-15 0.3212
1.9661e-15 0.4771
2.7556e-15 0.3261
3.1394e-15 0.2982
2.0313e-15 0.2608
2.0704e-15 0.2353
2.3595e-15 0.2765
9.7333e-16 0.4147
8.0085e-16 0.3162
2.1642e-15 0.4223
2.8069e-15 0.2485
2.5691e-15 0.2984
4.0008e-15 0.2121
5.7971e-15 0.2608
6.1441e-15 0.2501
4.6745e-15 0.2713
1.4336e-15 0.3801
2.0830e-15 0.3650
1.9020e-15 0.2371
4.9959e-15 0.2814
3.6909e-15 0.1930
1.0742e-14 0.2312
9.4938e-15 0.1914
9.1312e-15 0.2095
1.2118e-14 0.2118
1.3462e-15 0.3233
2.5598e-15 0.3127
3.3106e-15 0.3015
7.9640e-15 0.1794
6.9690e-15 0.2429
1.2654e-14 0.1626
1.5872e-14 0.1347
1.7371e-14 0.1267
2.1034e-14 0.1507
1.1550e-15 0.2540
1.4819e-15 0.2892
4.4100e-15 0.2508
1.0087e-14 0.2190
1.1253e-14 0.1596
2.1041e-14 0.1217
2.9376e-14 0.1062
3.7458e-14 0.1045
3.5292e-14 0.1113
1.6884e-15 0.2753
2.2394e-15 0.2823
5.2353e-15 0.2208
8.7003e-15 0.1779
1.6624e-14 0.1395
3.8908e-14 0.0990
7.2241e-14 0.0770
9.7703e-14 0.0663
7.0517e-14 0.0773
1.3656e-15 0.2386
3.5747e-15 0.2749
6.9655e-15 0.2899
8.2627e-15 0.2163
1.7738e-14 0.1323
3.9551e-14 0.0970
1.1417e-13 0.0606
1.9020e-13 0.0480
9.9538e-14 0.0659
2.3727e-15 0.2983
2.7027e-15 0.2289
5.5102e-15 0.2951
1.0895e-14 0.1663
1.5340e-14 0.1423
2.8107e-14 0.1123
5.6947e-14 0.0793
9.1221e-14 0.0630
6.6724e-14 0.0770
2.0177e-15 0.2757
2.0364e-15 0.2439
5.2512e-15 0.2887
5.3510e-15 0.2230
1.0720e-14 0.1646
1.5934e-14 0.1313
2.2704e-14 0.1021
4.3881e-14 0.1003
3.3784e-14 0.1015
8.5562e-16 0.3716
1.1233e-15 0.2665
6.9655e-16 0.3316
1.5015e-15 0.2419
1.6620e-15 0.2654
2.9218e-15 0.3661
2.7831e-15 0.2514
3.7574e-15 0.2853
4.3950e-15 0.4116
1.6473e-15 0.4035
1.5660e-15 0.3582
2.0546e-15 0.2784
3.9048e-15 0.3276
2.6975e-15 0.3282
4.0109e-15 0.2553
5.5247e-15 0.2311
4.9165e-15 0.2488
3.4754e-15 0.2857
1.2831e-15 0.3543
8.9271e-16 0.2522
1.8147e-15 0.2467
3.3484e-15 0.2166
4.0381e-15 0.1674
8.2047e-15 0.1728
8.4838e-15 0.1737
1.0309e-14 0.1989
1.2828e-14 0.1468
1.7146e-15 0.3326
4.1115e-15 0.3537
3.8369e-15 0.2829
5.8399e-15 0.2220
8.5962e-15 0.2017
1.4613e-14 0.1694
2.1042e-14 0.1527
1.8538e-14 0.1371
1.6744e-14 0.1374
1.2985e-15 0.2446
2.5239e-15 0.3489
5.0822e-15 0.2526
8.5714e-15 0.2301
1.2191e-14 0.1695
2.4050e-14 0.1336
2.5750e-14 0.1060
4.1165e-14 0.1054
3.2131e-14 0.1015
1.9818e-15 0.3620
3.0089e-15 0.2696
5.1646e-15 0.2840
6.1411e-15 0.1829
1.9289e-14 0.1488
3.9047e-14 0.1090
5.2073e-14 0.0861
7.7095e-14 0.0773
4.8413e-14 0.0915
2.2432e-15 0.2767
3.1775e-15 0.3397
7.0939e-15 0.2530
8.7271e-15 0.2515
1.8796e-14 0.1611
3.4643e-14 0.1007
6.8011e-14 0.0746
1.1789e-13 0.0620
7.5256e-14 0.0769
1.9458e-15 0.2925
5.1217e-15 0.3196
5.1278e-15 0.2009
9.6196e-15 0.2131
1.3851e-14 0.1346
2.6267e-14 0.1129
4.3050e-14 0.0935
6.1169e-14 0.0758
5.2439e-14 0.0863
1.4897e-15 0.4600
1.5343e-15 0.2300
6.6334e-15 0.3367
7.3585e-15 0.1868
1.1327e-14 0.1593
2.0052e-14 0.1397
2.6239e-14 0.1207
4.3083e-14 0.1025
3.7771e-14 0.1120
8.2319e-16 0.3555
6.7435e-16 0.2870
1.9436e-15 0.2407
2.4476e-15 0.2886
1.7024e-15 0.3029
1.2328e-15 0.3745
3.5649e-15 0.2989
4.0562e-15 0.2932
3.3585e-15 0.3701
1.1222e-15 0.2892
0.0000e+00 1.0000
3.5684e-15 0.2866
1.9160e-15 0.2446
2.8836e-15 0.2814
7.8257e-15 0.2304
5.4614e-15 0.2568
5.3281e-15 0.2711
5.4918e-15 0.2439
1.5513e-15 0.3911
1.4456e-15 0.2824
3.8157e-15 0.2528
5.9576e-15 0.3145
6.4393e-15 0.2030
9.4561e-15 0.1849
8.6403e-15 0.1924
1.0791e-14 0.1972
1.0900e-14 0.1954
2.2200e-15 0.4159
2.9862e-15 0.3765
1.9576e-15 0.3140
5.6946e-15 0.2313
9.3618e-15 0.2110
1.2885e-14 0.1711
1.3580e-14 0.1574
1.5209e-14 0.1238
1.5285e-14 0.1645
1.5245e-15 0.2651
2.7869e-15 0.2771
3.4357e-15 0.1752
6.1456e-15 0.2060
1.3157e-14 0.1757
2.1055e-14 0.1567
2.4716e-14 0.1161
3.2196e-14 0.1114
3.2734e-14 0.1068
2.5766e-15 0.2956
3.1548e-15 0.1945
3.4025e-15 0.2044
8.5868e-15 0.2184
1.6761e-14 0.1433
3.1745e-14 0.0999
4.8242e-14 0.0982
6.0851e-14 0.0889
4.3067e-14 0.0930
1.3334e-15 0.4076
2.7105e-15 0.2339
5.3097e-15 0.2852
8.2115e-15 0.1944
1.9656e-14 0.1371
2.6007e-14 0.1284
6.5903e-14 0.0798
1.0092e-13 0.0665
6.9296e-14 0.0802
2.5193e-15 0.3517
3.9782e-15 0.2633
6.9089e-15 0.2178
6.7471e-15 0.1834
1.8108e-14 0.1417
2.2260e-14 0.1107
4.7719e-14 0.0968
5.5942e-14 0.0785
4.9690e-14 0.0939
2.4247e-15 0.3938
3.0330e-15 0.3247
4.7007e-15 0.2159
7.1388e-15 0.2223
1.1663e-14 0.1626
1.8349e-14 0.1439
2.5277e-14 0.1161
3.2590e-14 0.1127
3.3496e-14 0.1206
8.2922e-16 0.2944
1.5990e-15 0.3559
1.5378e-15 0.2982
8.2368e-16 0.3511
2.2181e-15 0.3418
3.0598e-15 0.3084
3.0002e-15 0.2423
5.3299e-15 0.4030
2.3379e-15 0.2391
6.7050e-16 0.4033
1.2453e-15 0.3215
1.9229e-15 0.2476
1.2828e-15 0.2186
4.3626e-15 0.2362
6.0036e-15 0.2093
3.2056e-15 0.1546
7.5025e-15 0.2081
7.3181e-15 0.2326
7.6900e-16 0.2522
1.6101e-15 0.2620
4.3568e-15 0.3071
5.2357e-15 0.2758
6.4484e-15 0.2138
6.7056e-15 0.2201
8.4914e-15 0.2503
9.6689e-15 0.2080
1.1414e-14 0.2102
1.5412e-15 0.4017
2.8670e-15 0.3689
4.4211e-15 0.3332
5.0428e-15 0.1926
7.3574e-15 0.1825
9.7420e-15 0.1633
1.4785e-14 0.1720
1.4937e-14 0.1577
1.5057e-14 0.1659
1.1577e-15 0.2797
2.9151e-15 0.4344
5.5715e-15 0.2749
8.0584e-15 0.2300
1.2790e-14 0.1852
2.0266e-14 0.1302
2.3808e-14 0.1215
2.3506e-14 0.1159
3.0158e-14 0.1156
2.9698e-15 0.3143
3.6289e-15 0.2277
5.1224e-15 0.1836
9.4801e-15 0.1721
1.6019e-14 0.1573
3.0254e-14 0.1234
4.9261e-14 0.0970
4.9495e-14 0.0951
4.8065e-14 0.0913
1.4188e-15 0.3849
2.8007e-15 0.3001
6.1946e-15 0.2905
7.9304e-15 0.2038
2.3687e-14 0.1363
2.7433e-14 0.1165
6.2576e-14 0.0829
8.7300e-14 0.0707
5.4084e-14 0.0900
2.3447e-15 0.2040
2.8824e-15 0.1939
6.9475e-15 0.2793
6.7391e-15 0.1777
1.4129e-14 0.1362
2.5127e-14 0.1103
4.4455e-14 0.0989
5.2371e-14 0.0896
4.1740e-14 0.0997
1.4413e-15 0.2616
2.6829e-15 0.3083
3.1009e-15 0.2116
8.0823e-15 0.2242
1.3665e-14 0.1561
1.7506e-14 0.1586
3.2098e-14 0.1189
3.5734e-14 0.1130
2.6961e-14 0.1170
6.0764e-16 0.3772
1.3972e-15 0.3472
1.9725e-15 0.3121
1.1528e-15 0.3015
1.5810e-15 0.3634
4.6078e-15 0.3428
2.8886e-15 0.2849
3.9808e-15 0.2901
5.3642e-15 0.3080
9.6196e-16 0.2446
1.3886e-15 0.3408
1.4569e-15 0.2474
2.9648e-15 0.2609
3.5517e-15 0.2824
7.7876e-15 0.2158
4.4729e-15 0.1797
7.3379e-15 0.2831
7.5826e-15 0.2186
1.7434e-15 0.3647
1.1939e-15 0.4776
4.0496e-15 0.3193
6.1038e-15 0.2326
6.0035e-15 0.2006
5.7001e-15 0.2026
6.3998e-15 0.1866
8.9646e-15 0.1660
1.4009e-14 0.1877
4.4049e-15 0.3405
3.1134e-15 0.4686
3.0215e-15 0.3072
4.7033e-15 0.2698
7.2230e-15 0.2049
1.2936e-14 0.1625
1.2663e-14 0.1755
1.2816e-14 0.1350
1.3730e-14 0.1708
2.0531e-15 0.2826
2.5472e-15 0.4374
4.9964e-15 0.3158
8.3494e-15 0.2368
1.0180e-14 0.1702
1.9313e-14 0.1457
2.6389e-14 0.1238
2.5810e-14 0.1187
3.2137e-14 0.1197
2.7372e-15 0.3800
2.8538e-15 0.2459
4.5900e-15 0.2334
9.9302e-15 0.1733
1.5626e-14 0.2006
2.4244e-14 0.1204
4.5177e-14 0.1021
4.8648e-14 0.0928
4.2309e-14 0.1014
2.1615e-15 0.2677
2.5985e-15 0.2925
5.8300e-15 0.2343
1.1662e-14 0.2023
1.5680e-14 0.1318
2.3353e-14 0.1273
6.2948e-14 0.0891
7.2563e-14 0.0837
4.5011e-14 0.0865
2.0787e-15 0.2954
2.9930e-15 0.2267
6.6811e-15 0.2537
1.0524e-14 0.2110
1.2819e-14 0.1702
2.4459e-14 0.1455
3.5781e-14 0.1083
5.9650e-14 0.0911
3.7588e-14 0.1010
1.6874e-15 0.2930
3.7229e-15 0.3222
7.6938e-15 0.2117
8.0011e-15 0.1738
9.9358e-15 0.1581
1.4803e-14 0.1433
2.5476e-14 0.1302
2.9971e-14 0.1134
2.5079e-14 0.1298
1.0437e-15 0.4744
2.4161e-15 0.4023
1.1724e-15 0.2929
1.3710e-15 0.2871
3.3934e-15 0.2504
3.0288e-15 0.2194
1.7865e-15 0.2388
2.8988e-15 0.3033
2.5968e-15 0.3538
7.7250e-16 0.3693
2.5519e-15 0.3034
2.8973e-15 0.3824
1.3266e-15 0.2279
4.7190e-15 0.2093
4.8052e-15 0.2785
4.8136e-15 0.2413
7.3853e-15 0.2139
9.2577e-15 0.2330
1.9482e-15 0.3522
1.1396e-15 0.3773
5.2688e-15 0.3361
4.0245e-15 0.3037
5.4394e-15 0.2999
7.0877e-15 0.1892
7.8908e-15 0.2044
1.0432e-14 0.1896
9.6125e-15 0.1960
1.5512e-15 0.3463
1.6448e-15 0.2866
3.5001e-15 0.2138
5.7181e-15 0.2300
6.6134e-15 0.2014
9.4048e-15 0.2128
1.1984e-14 0.2136
1.6664e-14 0.1549
1.3315e-14 0.1593
3.2675e-15 0.3789
1.8937e-15 0.2918
5.6347e-15 0.3017
8.2257e-15 0.2459
1.0230e-14 0.1895
1.8720e-14 0.1558
2.5322e-14 0.1228
1.9773e-14 0.1183
2.4955e-14 0.1329
2.6849e-15 0.3486
3.4359e-15 0.3348
3.4955e-15 0.2177
1.1672e-14 0.1978
1.4263e-14 0.1546
2.3672e-14 0.1304
4.6036e-14 0.1098
4.6515e-14 0.1034
3.3743e-14 0.1064
3.4186e-15 0.2560
1.8532e-15 0.2648
6.0163e-15 0.2527
8.7266e-15 0.1755
1.6986e-14 0.1894
3.2634e-14 0.1306
4.8172e-14 0.0897
7.6694e-14 0.0819
4.4898e-14 0.0937
1.7705e-15 0.2588
3.4827e-15 0.2355
6.2295e-15 0.2799
1.1063e-14 0.2084
1.3547e-14 0.1763
2.3866e-14 0.1412
3.6419e-14 0.1077
4.6386e-14 0.0963
3.3017e-14 0.1075
2.1041e-15 0.2396
3.4790e-15 0.3142
4.1696e-15 0.2558
6.0343e-15 0.1912
1.0712e-14 0.1693
1.5012e-14 0.1809
2.1421e-14 0.1578
3.3653e-14 0.1153
2.1832e-14 0.1254
9.8520e-16 0.3742
1.0598e-15 0.3170
1.5858e-15 0.2923
2.2296e-15 0.3669
5.3136e-15 0.3041
4.3756e-15 0.2836
4.7377e-15 0.3057
4.3600e-15 0.2588
3.2736e-15 0.2724
1.1706e-15 0.2845
2.6923e-15 0.3082
2.6664e-15 0.3753
3.0674e-15 0.2968
4.1006e-15 0.3267
7.2615e-15 0.2205
6.4724e-15 0.2337
4.2389e-15 0.2283
5.7213e-15 0.2525
2.0794e-15 0.3129
1.4134e-15 0.2695
5.3282e-15 0.3016
3.7124e-15 0.2705
5.8378e-15 0.2626
5.2785e-15 0.2423
8.5769e-15 0.1704
1.2594e-14 0.1698
9.5927e-15 0.1839
9.9974e-16 0.3020
1.8590e-15 0.2560
5.3885e-15 0.3204
3.9279e-15 0.2300
7.4635e-15 0.2343
1.1994e-14 0.2065
1.1905e-14 0.1623
1.5811e-14 0.1406
1.4199e-14 0.1626
2.4067e-15 0.3045
3.2522e-15 0.3683
4.5436e-15 0.2760
8.4392e-15 0.2236
1.0303e-14 0.1924
1.8451e-14 0.1632
2.3484e-14 0.1289
2.1598e-14 0.1465
2.3604e-14 0.1360
1.9469e-15 0.2262
3.2853e-15 0.2246
3.9138e-15 0.2050
1.2029e-14 0.2097
1.5660e-14 0.1630
2.2450e-14 0.1339
3.4854e-14 0.1009
4.1527e-14 0.0989
3.8498e-14 0.1065
2.0581e-15 0.3280
3.4711e-15 0.2690
4.7774e-15 0.2173
1.0540e-14 0.1614
1.5288e-14 0.1778
2.8142e-14 0.1304
5.0139e-14 0.1025
6.4573e-14 0.0876
4.1211e-14 0.1067
1.7430e-15 0.2847
2.5949e-15 0.2410
4.5421e-15 0.2291
9.8842e-15 0.1909
8.8773e-15 0.1548
2.0426e-14 0.1323
3.0311e-14 0.1247
4.7551e-14 0.1039
3.5732e-14 0.1105
2.1091e-15 0.3043
4.3592e-15 0.3578
5.6135e-15 0.3260
7.5605e-15 0.2145
9.7601e-15 0.1778
1.7964e-14 0.1569
1.7850e-14 0.1448
2.1628e-14 0.1196
2.7608e-14 0.1338
