     9      9     20
d_kernel   u_kernel

0.0000e+00 1.0000
0.0000e+00 1.0000
0.0000e+00 1.0000
0.0000e+00 1.0000
0.0000e+00 1.0000
0.0000e+00 1.0000
0.0000e+00 1.0000
0.0000e+00 1.0000
0.0000e+00 1.0000
0.0000e+00 1.0000
0.0000e+00 1.0000
3.0848e-16 0.3972
1.7807e-16 0.4580
0.0000e+00 1.0000
0.0000e+00 1.0000
7.1354e-16 0.3995
3.3407e-16 0.4926
0.0000e+00 1.0000
0.0000e+00 1.0000
0.0000e+00 1.0000
0.0000e+00 1.0000
0.0000e+00 1.0000
4.2249e-16 0.4949
0.0000e+00 1.0000
8.8317e-16 0.4059
6.3592e-16 0.4504
4.3268e-16 0.3428
0.0000e+00 1.0000
0.0000e+00 1.0000
0.0000e+00 1.0000
3.0821e-16 0.4320
6.5930e-16 0.3568
8.9358e-16 0.3388
1.2180e-15 0.3194
1.1681e-15 0.2841
1.5336e-15 0.3463
0.0000e+00 1.0000
0.0000e+00 1.0000
3.8275e-16 0.4998
7.0478e-16 0.3777
3.7970e-16 0.4353
1.4617e-15 0.2660
2.8486e-15 0.2124
3.7829e-15 0.1787
3.5270e-15 0.2922
2.7384e-16 0.4974
3.0428e-16 0.4635
6.8939e-16 0.3627
7.2975e-16 0.3217
1.0194e-15 0.2461
2.4320e-15 0.1883
1.0566e-11 0.0068
1.0718e-10 0.0024
1.0517e-11 0.0068
0.0000e+00 1.0000
0.0000e+00 1.0000
0.0000e+00 1.0000
0.0000e+00 1.0000
8.4986e-16 0.2711
3.9041e-15 0.1713
1.0713e-10 0.0024
1.5604e-09 0.0003
1.0734e-10 0.0024
0.0000e+00 1.0000
0.0000e+00 1.0000
3.4043e-16 0.4189
5.7463e-16 0.3512
1.3885e-15 0.2651
3.0080e-15 0.1982
1.0432e-11 0.0068
1.0742e-10 0.0024
1.0513e-11 0.0068
0.0000e+00 1.0000
0.0000e+00 1.0000
0.0000e+00 1.0000
0.0000e+00 1.0000
1.0832e-15 0.3921
2.1006e-15 0.2401
3.4108e-15 0.1945
3.8539e-15 0.1804
4.6258e-15 0.1929
0.0000e+00 1.0000
0.0000e+00 1.0000
0.0000e+00 1.0000
0.0000e+00 1.0000
1.1140e-16 0.4854
4.0087e-16 0.4887
6.1862e-16 0.4242
1.4643e-16 0.4579
0.0000e+00 1.0000
0.0000e+00 1.0000
0.0000e+00 1.0000
0.0000e+00 1.0000
2.2168e-16 0.4851
0.0000e+00 1.0000
3.5439e-16 0.4353
0.0000e+00 1.0000
0.0000e+00 1.0000
0.0000e+00 1.0000
0.0000e+00 1.0000
0.0000e+00 1.0000
0.0000e+00 1.0000
5.5055e-16 0.4151
4.2229e-16 0.4159
0.0000e+00 1.0000
8.8611e-16 0.3869
7.4693e-16 0.3085
8.4142e-16 0.4200
1.3798e-16 0.4932
0.0000e+00 1.0000
0.0000e+00 1.0000
0.0000e+00 1.0000
7.0377e-16 0.3541
1.2584e-15 0.3890
1.3596e-15 0.2371
1.4720e-15 0.2475
1.2570e-15 0.2719
0.0000e+00 1.0000
0.0000e+00 1.0000
0.0000e+00 1.0000
4.3855e-16 0.3509
8.6475e-16 0.2853
2.0384e-15 0.2317
3.8157e-15 0.1631
6.7900e-15 0.1643
3.1682e-15 0.2018
0.0000e+00 1.0000
0.0000e+00 1.0000
0.0000e+00 1.0000
3.1810e-16 0.3870
7.3432e-16 0.2920
3.2405e-15 0.2322
3.7225e-12 0.0100
6.8363e-11 0.0027
3.7061e-12 0.0101
4.9546e-16 0.4961
0.0000e+00 1.0000
1.5732e-16 0.4145
8.7906e-16 0.4842
1.2317e-15 0.2398
4.6332e-15 0.1886
6.8443e-11 0.0027
8.3965e-10 0.0007
6.8419e-11 0.0027
2.0145e-16 0.4883
0.0000e+00 1.0000
3.5180e-16 0.4303
1.2433e-15 0.2996
1.9102e-15 0.2157
4.7307e-15 0.1692
3.7211e-12 0.0100
6.8413e-11 0.0027
3.7711e-12 0.0100
2.1058e-16 0.4228
0.0000e+00 1.0000
4.2046e-16 0.4833
4.5514e-16 0.3734
1.3908e-15 0.2190
3.6683e-15 0.1910
4.2056e-15 0.2414
3.4553e-15 0.1954
4.0421e-15 0.1683
0.0000e+00 1.0000
0.0000e+00 1.0000
0.0000e+00 1.0000
0.0000e+00 1.0000
2.4321e-16 0.4413
2.0109e-16 0.4369
9.5305e-16 0.4473
0.0000e+00 1.0000
0.0000e+00 1.0000
0.0000e+00 1.0000
0.0000e+00 1.0000
0.0000e+00 1.0000
0.0000e+00 1.0000
0.0000e+00 1.0000
3.1161e-16 0.3764
6.8182e-16 0.4579
2.6354e-16 0.4646
0.0000e+00 1.0000
0.0000e+00 1.0000
0.0000e+00 1.0000
0.0000e+00 1.0000
0.0000e+00 1.0000
2.2097e-16 0.3796
5.5039e-16 0.3170
6.7373e-16 0.3634
1.0091e-15 0.3602
3.8942e-16 0.4645
0.0000e+00 1.0000
0.0000e+00 1.0000
2.9915e-16 0.4327
1.1892e-15 0.3799
6.5214e-16 0.3667
7.1795e-16 0.2577
1.4832e-15 0.2289
2.4132e-15 0.2588
9.1855e-16 0.2895
0.0000e+00 1.0000
0.0000e+00 1.0000
4.3293e-16 0.4356
7.6677e-16 0.3017
1.4335e-15 0.2899
2.4221e-15 0.2094
4.6644e-15 0.1691
6.2290e-15 0.1491
3.7658e-15 0.1768
0.0000e+00 1.0000
3.9327e-16 0.4255
2.1014e-16 0.4426
0.0000e+00 1.0000
1.2971e-15 0.3744
4.0825e-15 0.2011
3.7532e-14 0.0687
2.4519e-12 0.0110
4.5249e-14 0.0710
1.4043e-16 0.4275
0.0000e+00 1.0000
5.2190e-16 0.4018
3.1408e-16 0.4830
1.0350e-15 0.2081
3.9361e-15 0.1600
2.4702e-12 0.0109
8.4298e-11 0.0022
2.4633e-12 0.0109
0.0000e+00 1.0000
0.0000e+00 1.0000
0.0000e+00 1.0000
6.7398e-16 0.4632
2.4082e-15 0.4059
3.8838e-15 0.1703
4.5177e-14 0.0673
2.3983e-12 0.0110
4.0376e-14 0.0659
0.0000e+00 1.0000
0.0000e+00 1.0000
3.4493e-16 0.3703
6.2042e-16 0.3384
1.4043e-15 0.2994
2.7830e-15 0.2182
4.0692e-15 0.2009
5.7344e-15 0.1481
3.4299e-15 0.2042
0.0000e+00 1.0000
0.0000e+00 1.0000
0.0000e+00 1.0000
0.0000e+00 1.0000
0.0000e+00 1.0000
0.0000e+00 1.0000
0.0000e+00 1.0000
0.0000e+00 1.0000
2.2536e-16 0.4289
1.9813e-16 0.4703
0.0000e+00 1.0000
0.0000e+00 1.0000
0.0000e+00 1.0000
0.0000e+00 1.0000
1.7395e-16 0.4600
6.8413e-16 0.3572
7.9796e-16 0.4680
0.0000e+00 1.0000
0.0000e+00 1.0000
3.2813e-16 0.4486
4.7896e-16 0.4353
0.0000e+00 1.0000
4.5584e-16 0.4050
5.9358e-16 0.3801
1.0154e-15 0.2617
1.3115e-15 0.3169
1.8898e-16 0.4080
0.0000e+00 1.0000
0.0000e+00 1.0000
3.7920e-16 0.4499
4.6151e-16 0.3525
1.7751e-15 0.2493
1.0630e-15 0.2243
2.0917e-15 0.2805
2.6753e-15 0.2864
1.1814e-15 0.2370
0.0000e+00 1.0000
0.0000e+00 1.0000
3.0462e-16 0.4401
6.2533e-16 0.3075
1.5962e-15 0.2925
2.2898e-15 0.1879
3.4797e-15 0.1622
6.9867e-15 0.1529
3.2544e-15 0.1805
0.0000e+00 1.0000
2.0562e-16 0.4715
4.8280e-16 0.4826
8.7338e-16 0.3366
1.6309e-15 0.3836
3.5638e-15 0.1653
1.3387e-14 0.1053
2.4171e-14 0.0846
1.3297e-14 0.1259
6.2205e-17 0.4434
0.0000e+00 1.0000
1.5805e-16 0.4449
4.8739e-16 0.3728
1.8318e-15 0.2363
4.6844e-15 0.1715
2.0860e-14 0.0770
5.5560e-14 0.0549
2.2904e-14 0.0794
0.0000e+00 1.0000
0.0000e+00 1.0000
2.5584e-16 0.3936
5.2710e-16 0.3182
2.5711e-15 0.2670
4.5050e-15 0.1672
1.1364e-14 0.1230
2.1160e-14 0.0839
1.3089e-14 0.1144
0.0000e+00 1.0000
0.0000e+00 1.0000
3.5364e-16 0.3855
0.0000e+00 1.0000
1.3383e-15 0.2527
2.5415e-15 0.1873
5.1635e-15 0.1978
4.4897e-15 0.1581
3.2365e-15 0.2099
0.0000e+00 1.0000
0.0000e+00 1.0000
0.0000e+00 1.0000
0.0000e+00 1.0000
4.9927e-16 0.4373
0.0000e+00 1.0000
3.1031e-16 0.4156
5.6611e-16 0.4818
0.0000e+00 1.0000
3.5199e-16 0.4465
0.0000e+00 1.0000
0.0000e+00 1.0000
0.0000e+00 1.0000
3.8922e-16 0.3890
2.7516e-16 0.4457
5.7559e-16 0.3416
5.4249e-16 0.4392
0.0000e+00 1.0000
0.0000e+00 1.0000
2.1052e-16 0.4435
2.9557e-16 0.4805
3.2401e-16 0.3563
6.8264e-16 0.3404
1.0935e-15 0.3215
1.1035e-15 0.3384
3.2144e-16 0.3256
6.6804e-16 0.3071
0.0000e+00 1.0000
0.0000e+00 1.0000
4.2680e-16 0.4130
0.0000e+00 1.0000
8.9920e-16 0.2781
1.4391e-15 0.3169
1.4199e-15 0.2378
2.5572e-15 0.2340
9.1779e-16 0.2900
0.0000e+00 1.0000
0.0000e+00 1.0000
0.0000e+00 1.0000
4.8213e-16 0.4754
1.1465e-15 0.2543
2.1830e-15 0.2250
2.8196e-15 0.1699
6.2560e-15 0.1509
3.7119e-15 0.2019
0.0000e+00 1.0000
0.0000e+00 1.0000
4.1612e-16 0.3506
4.2137e-16 0.3232
1.9860e-15 0.2863
3.4952e-15 0.1648
1.1241e-14 0.1292
1.6301e-14 0.0938
9.5067e-15 0.1152
0.0000e+00 1.0000
0.0000e+00 1.0000
4.8098e-16 0.4908
5.2207e-16 0.3840
2.6625e-15 0.2308
3.9635e-15 0.1523
1.6987e-14 0.0991
3.6344e-14 0.0720
1.7297e-14 0.0942
3.8826e-16 0.4705
1.8205e-16 0.4712
3.5872e-16 0.3580
1.3358e-15 0.3733
2.1557e-15 0.2857
3.7286e-15 0.1684
9.8449e-15 0.1549
1.6575e-14 0.0997
1.0979e-14 0.1194
0.0000e+00 1.0000
0.0000e+00 1.0000
0.0000e+00 1.0000
1.5906e-15 0.4919
1.1488e-15 0.2491
3.3922e-15 0.2454
3.9361e-15 0.1856
4.6534e-15 0.1436
4.0782e-15 0.2077
0.0000e+00 1.0000
0.0000e+00 1.0000
1.6685e-16 0.4671
0.0000e+00 1.0000
0.0000e+00 1.0000
0.0000e+00 1.0000
0.0000e+00 1.0000
4.1575e-16 0.4620
1.7640e-16 0.4851
1.6708e-16 0.4528
0.0000e+00 1.0000
3.6556e-16 0.4422
4.0598e-16 0.4475
1.3100e-16 0.4145
9.6198e-16 0.3790
6.3702e-16 0.3818
2.8196e-16 0.4252
9.5315e-16 0.4691
3.7728e-16 0.4754
0.0000e+00 1.0000
2.6480e-16 0.4911
2.9961e-16 0.3325
6.1322e-16 0.3070
1.3345e-15 0.4041
1.1877e-15 0.2646
1.3511e-15 0.2914
5.6032e-16 0.3818
0.0000e+00 1.0000
4.4143e-16 0.3450
4.0261e-16 0.3986
4.2834e-16 0.3887
9.6300e-16 0.3595
1.3622e-15 0.3244
2.0519e-15 0.2331
3.2258e-15 0.3023
1.7269e-15 0.2297
0.0000e+00 1.0000
1.6044e-16 0.4188
0.0000e+00 1.0000
1.1416e-15 0.3530
7.6055e-16 0.2998
1.6506e-15 0.2134
3.8087e-15 0.1772
6.5388e-15 0.1497
5.2944e-15 0.2201
0.0000e+00 1.0000
0.0000e+00 1.0000
4.4883e-16 0.4621
1.0313e-15 0.4084
1.9220e-15 0.3180
2.7941e-15 0.2022
1.0570e-14 0.1274
1.2958e-14 0.1092
8.6812e-15 0.1459
0.0000e+00 1.0000
3.1039e-16 0.4150
3.1668e-16 0.4421
1.0311e-15 0.3197
1.8585e-15 0.2629
3.3221e-15 0.1719
1.3431e-14 0.1045
2.6146e-14 0.0843
1.2668e-14 0.0967
0.0000e+00 1.0000
0.0000e+00 1.0000
7.8258e-16 0.3979
1.4917e-15 0.3255
1.6833e-15 0.2439
4.5512e-15 0.2078
7.3692e-15 0.1468
1.2888e-14 0.1092
8.5263e-15 0.1370
0.0000e+00 1.0000
3.2040e-16 0.3914
4.5051e-16 0.4046
1.2516e-15 0.3145
1.7270e-15 0.2541
2.6437e-15 0.2495
3.1937e-15 0.2392
5.4371e-15 0.1605
4.2733e-15 0.2401
0.0000e+00 1.0000
0.0000e+00 1.0000
3.4468e-16 0.4117
0.0000e+00 1.0000
3.6184e-16 0.4233
7.1533e-16 0.4127
0.0000e+00 1.0000
0.0000e+00 1.0000
1.8836e-16 0.3655
0.0000e+00 1.0000
0.0000e+00 1.0000
2.3882e-16 0.4987
4.3915e-16 0.4167
0.0000e+00 1.0000
5.0584e-16 0.4015
2.9632e-16 0.3197
0.0000e+00 1.0000
0.0000e+00 1.0000
1.7360e-16 0.4272
0.0000e+00 1.0000
3.6563e-16 0.4661
0.0000e+00 1.0000
7.8206e-16 0.3374
4.1706e-16 0.3889
1.3560e-15 0.2826
1.8261e-15 0.3630
3.3229e-16 0.3773
0.0000e+00 1.0000
0.0000e+00 1.0000
3.6314e-16 0.3418
6.1183e-16 0.4590
5.1908e-16 0.3252
1.0470e-15 0.4059
1.0166e-15 0.2840
2.2902e-15 0.2506
2.1967e-15 0.2745
0.0000e+00 1.0000
0.0000e+00 1.0000
0.0000e+00 1.0000
7.6324e-16 0.3784
1.1172e-15 0.3803
1.5867e-15 0.2452
5.1827e-15 0.1854
4.6176e-15 0.1412
3.1391e-15 0.1961
0.0000e+00 1.0000
0.0000e+00 1.0000
1.9911e-16 0.4854
6.7159e-16 0.4596
1.8814e-15 0.2421
2.9219e-15 0.2178
8.1372e-15 0.1443
1.1189e-14 0.1239
7.1297e-15 0.1344
0.0000e+00 1.0000
3.3151e-16 0.4054
6.1340e-16 0.4221
8.9175e-16 0.3615
1.0288e-15 0.2810
3.4147e-15 0.1959
9.9583e-15 0.1230
1.7345e-14 0.0996
9.9338e-15 0.1156
6.1338e-16 0.4216
5.4827e-16 0.3878
1.0590e-15 0.3825
6.2040e-16 0.3936
1.9003e-15 0.3673
3.5239e-15 0.2230
6.6631e-15 0.1723
8.6684e-15 0.1086
8.2231e-15 0.1369
1.3517e-16 0.4628
2.7634e-16 0.4615
0.0000e+00 1.0000
1.5779e-15 0.3677
1.2701e-15 0.2644
1.5163e-15 0.2853
3.5884e-15 0.2194
3.9457e-15 0.1970
3.1977e-15 0.1973
1.7235e-16 0.4503
0.0000e+00 1.0000
2.2116e-16 0.4583
0.0000e+00 1.0000
0.0000e+00 1.0000
2.5028e-16 0.4749
2.8138e-16 0.4180
0.0000e+00 1.0000
0.0000e+00 1.0000
0.0000e+00 1.0000
2.9207e-16 0.4352
0.0000e+00 1.0000
0.0000e+00 1.0000
0.0000e+00 1.0000
1.3511e-16 0.4476
7.9609e-16 0.4305
9.6618e-16 0.3248
2.7078e-16 0.4265
2.3368e-16 0.4892
0.0000e+00 1.0000
5.4566e-16 0.3699
2.6720e-16 0.4096
6.8254e-16 0.4900
3.2530e-16 0.4068
1.5275e-15 0.2760
2.4520e-15 0.3083
7.0995e-16 0.3334
0.0000e+00 1.0000
3.0873e-16 0.4889
0.0000e+00 1.0000
3.9884e-16 0.4642
5.8087e-16 0.3799
6.2708e-16 0.2599
1.2653e-15 0.2942
2.9462e-15 0.2246
2.6042e-15 0.2449
1.6808e-16 0.4985
0.0000e+00 1.0000
4.5385e-16 0.4152
3.9308e-16 0.3351
1.2917e-15 0.4043
2.0270e-15 0.3215
4.4177e-15 0.2194
4.1563e-15 0.1616
2.9122e-15 0.2661
0.0000e+00 1.0000
0.0000e+00 1.0000
0.0000e+00 1.0000
4.6294e-16 0.3522
1.8780e-15 0.2746
2.4542e-15 0.2214
8.5282e-15 0.1623
8.3203e-15 0.1376
6.4819e-15 0.1417
0.0000e+00 1.0000
4.9950e-16 0.3722
4.9399e-16 0.4184
7.2060e-16 0.4251
6.8610e-16 0.2758
3.1117e-15 0.1880
8.2610e-15 0.1400
1.3594e-14 0.1113
1.0338e-14 0.1517
0.0000e+00 1.0000
0.0000e+00 1.0000
7.2200e-16 0.3279
1.1258e-15 0.4197
2.0912e-15 0.4009
3.3662e-15 0.1582
5.0609e-15 0.1810
9.6882e-15 0.1492
6.7793e-15 0.1480
0.0000e+00 1.0000
0.0000e+00 1.0000
8.0008e-16 0.4309
1.4867e-15 0.4180
4.3915e-16 0.3212
2.4912e-15 0.2773
3.2496e-15 0.1587
3.8013e-15 0.1790
3.9827e-15 0.2125
0.0000e+00 1.0000
2.1970e-16 0.4269
0.0000e+00 1.0000
0.0000e+00 1.0000
0.0000e+00 1.0000
4.6649e-16 0.3819
1.3681e-16 0.4552
8.0471e-16 0.4102
4.0342e-16 0.3928
0.0000e+00 1.0000
2.9363e-16 0.4230
3.1439e-16 0.4066
0.0000e+00 1.0000
0.0000e+00 1.0000
0.0000e+00 1.0000
9.8590e-16 0.2916
1.1801e-15 0.4313
2.5468e-16 0.3579
0.0000e+00 1.0000
3.0020e-16 0.3990
5.2001e-16 0.4670
1.7623e-16 0.3841
7.0839e-16 0.3646
1.0813e-15 0.3826
9.2351e-16 0.3118
1.4516e-15 0.2375
1.1667e-15 0.2502
0.0000e+00 1.0000
0.0000e+00 1.0000
0.0000e+00 1.0000
0.0000e+00 1.0000
6.5893e-16 0.4085
1.1807e-15 0.2807
1.5962e-15 0.2355
1.6817e-15 0.2372
1.1957e-15 0.3038
0.0000e+00 1.0000
1.8574e-16 0.4758
0.0000e+00 1.0000
7.5141e-16 0.3942
1.2953e-15 0.2972
1.3660e-15 0.4387
3.2129e-15 0.1843
3.9334e-15 0.1840
2.0912e-15 0.2664
0.0000e+00 1.0000
0.0000e+00 1.0000
0.0000e+00 1.0000
1.3916e-15 0.2772
2.2592e-15 0.3060
3.2062e-15 0.1984
4.4298e-15 0.1735
5.2080e-15 0.1473
4.2692e-15 0.1803
0.0000e+00 1.0000
0.0000e+00 1.0000
5.0836e-16 0.4880
4.9964e-16 0.3531
2.3482e-15 0.2623
2.7339e-15 0.1796
5.3121e-15 0.1488
1.1837e-14 0.1492
6.4324e-15 0.1454
1.1192e-15 0.3666
0.0000e+00 1.0000
0.0000e+00 1.0000
4.0815e-16 0.4297
1.7467e-15 0.2349
3.2967e-15 0.2541
4.0887e-15 0.1661
6.7185e-15 0.1688
4.9993e-15 0.1335
0.0000e+00 1.0000
4.9273e-16 0.3628
6.5978e-16 0.4596
1.0328e-15 0.3719
1.3139e-15 0.3996
1.9346e-15 0.3003
2.8645e-15 0.2845
3.5203e-15 0.1983
2.7197e-15 0.2371
0.0000e+00 1.0000
0.0000e+00 1.0000
0.0000e+00 1.0000
0.0000e+00 1.0000
0.0000e+00 1.0000
2.1044e-16 0.4420
6.6153e-16 0.4374
6.9757e-16 0.3691
0.0000e+00 1.0000
0.0000e+00 1.0000
0.0000e+00 1.0000
3.1770e-16 0.3481
7.9267e-16 0.4734
0.0000e+00 1.0000
1.9373e-16 0.4044
6.7217e-16 0.2995
1.3588e-15 0.4085
6.2583e-16 0.3380
1.8735e-16 0.4796
0.0000e+00 1.0000
0.0000e+00 1.0000
5.4879e-16 0.3322
5.0742e-16 0.3379
5.9684e-16 0.3781
9.9402e-16 0.4370
1.5480e-15 0.2261
2.1640e-15 0.3429
0.0000e+00 1.0000
0.0000e+00 1.0000
0.0000e+00 1.0000
0.0000e+00 1.0000
9.8086e-16 0.2501
1.0120e-15 0.2863
1.7819e-15 0.2938
1.5231e-15 0.2190
2.0412e-15 0.4390
0.0000e+00 1.0000
2.4731e-16 0.4710
8.1776e-16 0.3129
1.6798e-15 0.3984
6.6876e-16 0.3041
2.5730e-15 0.2613
3.2544e-15 0.2260
3.0186e-15 0.2540
2.3774e-15 0.1974
0.0000e+00 1.0000
0.0000e+00 1.0000
4.6269e-16 0.3825
1.0463e-15 0.3782
7.6930e-16 0.2473
2.9003e-15 0.1696
3.7076e-15 0.1779
6.1114e-15 0.1675
5.3086e-15 0.1750
0.0000e+00 1.0000
0.0000e+00 1.0000
8.0402e-16 0.3698
8.8492e-16 0.4306
1.6683e-15 0.2841
2.6978e-15 0.2219
4.2638e-15 0.1964
8.1290e-15 0.1527
6.1169e-15 0.1630
0.0000e+00 1.0000
0.0000e+00 1.0000
0.0000e+00 1.0000
5.2371e-16 0.3221
2.2867e-15 0.2183
2.3553e-15 0.2499
3.5122e-15 0.1758
6.0030e-15 0.1823
4.4944e-15 0.1593
0.0000e+00 1.0000
2.8157e-16 0.4072
0.0000e+00 1.0000
3.4357e-16 0.3731
7.6259e-16 0.3291
1.0883e-15 0.2295
2.6228e-15 0.2573
1.7421e-15 0.1932
3.7506e-15 0.2264
0.0000e+00 1.0000
0.0000e+00 1.0000
0.0000e+00 1.0000
0.0000e+00 1.0000
0.0000e+00 1.0000
0.0000e+00 1.0000
8.4594e-16 0.4659
1.1629e-15 0.4730
0.0000e+00 1.0000
0.0000e+00 1.0000
0.0000e+00 1.0000
0.0000e+00 1.0000
2.5966e-16 0.4291
3.4846e-16 0.4008
0.0000e+00 1.0000
0.0000e+00 1.0000
7.4350e-16 0.4877
1.3842e-15 0.3276
0.0000e+00 1.0000
0.0000e+00 1.0000
3.4374e-16 0.4650
3.3750e-16 0.3792
0.0000e+00 1.0000
7.3285e-16 0.3779
6.8612e-16 0.3457
8.8795e-16 0.2750
1.6781e-15 0.2899
1.8224e-16 0.4693
2.2372e-16 0.4235
1.4954e-16 0.4247
1.3498e-15 0.4447
1.0193e-15 0.3251
1.3566e-15 0.4107
1.6771e-15 0.3247
1.7951e-15 0.3172
2.6852e-15 0.3006
0.0000e+00 1.0000
0.0000e+00 1.0000
4.8296e-16 0.3711
0.0000e+00 1.0000
5.8178e-16 0.3050
2.7761e-15 0.2414
3.4723e-15 0.2142
3.4635e-15 0.2084
2.7557e-15 0.2563
0.0000e+00 1.0000
0.0000e+00 1.0000
3.1077e-16 0.4436
7.3234e-16 0.3269
0.0000e+00 1.0000
4.0314e-15 0.2832
2.7509e-15 0.2061
4.1275e-15 0.1972
4.9900e-15 0.2016
0.0000e+00 1.0000
4.0744e-16 0.4220
5.4350e-16 0.3857
6.6572e-16 0.3033
2.0075e-15 0.2731
2.3106e-15 0.2423
3.9764e-15 0.2107
6.0388e-15 0.1808
5.7259e-15 0.2000
2.0133e-16 0.4909
4.5788e-16 0.4306
0.0000e+00 1.0000
6.8538e-16 0.4404
2.2554e-15 0.2430
2.1345e-15 0.3127
3.2756e-15 0.1755
4.1921e-15 0.2243
4.0004e-15 0.1914
0.0000e+00 1.0000
0.0000e+00 1.0000
2.5445e-16 0.4051
0.0000e+00 1.0000
1.2111e-15 0.3490
1.5873e-15 0.2387
1.7987e-15 0.2001
2.6959e-15 0.2529
2.5494e-15 0.2836
0.0000e+00 1.0000
0.0000e+00 1.0000
2.4041e-16 0.4785
0.0000e+00 1.0000
0.0000e+00 1.0000
0.0000e+00 1.0000
0.0000e+00 1.0000
7.7218e-16 0.3815
4.5849e-16 0.4149
0.0000e+00 1.0000
0.0000e+00 1.0000
0.0000e+00 1.0000
4.1908e-16 0.4345
0.0000e+00 1.0000
0.0000e+00 1.0000
0.0000e+00 1.0000
3.4948e-16 0.3596
1.1010e-15 0.3339
0.0000e+00 1.0000
0.0000e+00 1.0000
0.0000e+00 1.0000
2.5170e-16 0.3485
5.4543e-16 0.3455
9.9814e-16 0.4439
4.1182e-16 0.3932
9.1986e-16 0.2922
1.8824e-15 0.4012
3.6106e-16 0.4221
2.4564e-16 0.4074
3.1055e-16 0.3862
0.0000e+00 1.0000
9.6797e-16 0.4353
1.6079e-15 0.2855
1.8635e-15 0.2347
1.5216e-15 0.2551
1.9994e-15 0.3648
0.0000e+00 1.0000
4.3408e-16 0.3998
5.2030e-16 0.3301
5.0887e-16 0.3906
1.1249e-15 0.2849
2.0036e-15 0.2284
2.3077e-15 0.2201
1.8142e-15 0.2233
1.7763e-15 0.3538
0.0000e+00 1.0000
1.5020e-16 0.4587
6.9606e-16 0.4873
8.2588e-16 0.2704
1.1828e-15 0.3653
3.1928e-15 0.2290
2.7837e-15 0.1928
4.2049e-15 0.2429
2.6287e-15 0.2078
0.0000e+00 1.0000
2.9906e-16 0.3861
2.2514e-16 0.3985
0.0000e+00 1.0000
1.2529e-15 0.2681
2.9095e-15 0.2242
3.3871e-15 0.2419
6.6704e-15 0.1944
3.9084e-15 0.2536
0.0000e+00 1.0000
0.0000e+00 1.0000
0.0000e+00 1.0000
1.4323e-15 0.2785
1.5038e-15 0.3782
1.2958e-15 0.1834
3.3875e-15 0.2254
4.9276e-15 0.2068
4.9281e-15 0.1787
0.0000e+00 1.0000
0.0000e+00 1.0000
6.1125e-16 0.3712
0.0000e+00 1.0000
3.8923e-16 0.4178
1.4320e-15 0.2920
1.4987e-15 0.2219
1.7977e-15 0.2999
1.7807e-15 0.2182
0.0000e+00 1.0000
0.0000e+00 1.0000
0.0000e+00 1.0000
0.0000e+00 1.0000
0.0000e+00 1.0000
0.0000e+00 1.0000
0.0000e+00 1.0000
0.0000e+00 1.0000
5.7143e-16 0.3704
0.0000e+00 1.0000
0.0000e+00 1.0000
3.8860e-16 0.4411
1.3858e-16 0.4500
0.0000e+00 1.0000
4.9417e-16 0.4210
1.6186e-16 0.4738
0.0000e+00 1.0000
1.2291e-15 0.4087
0.0000e+00 1.0000
2.0736e-16 0.4624
5.4205e-16 0.4638
4.3882e-16 0.3908
2.5723e-16 0.3844
9.4254e-16 0.3316
5.3816e-16 0.4816
7.6689e-16 0.2469
1.1514e-15 0.3306
3.0930e-16 0.4169
7.0123e-17 0.4069
6.9211e-16 0.3880
4.3258e-16 0.4102
0.0000e+00 1.0000
1.4702e-15 0.2377
2.0259e-15 0.2877
1.0091e-15 0.2828
1.8657e-15 0.3661
0.0000e+00 1.0000
1.0436e-16 0.4088
0.0000e+00 1.0000
8.4074e-16 0.3603
1.0076e-15 0.3706
2.3766e-15 0.3180
2.1215e-15 0.2184
1.9591e-15 0.2659
1.9055e-15 0.3074
0.0000e+00 1.0000
8.9812e-17 0.4921
0.0000e+00 1.0000
8.2874e-16 0.4836
8.5180e-16 0.3385
2.7448e-15 0.2967
1.8971e-15 0.2081
3.3050e-15 0.2124
2.6026e-15 0.2106
2.4606e-16 0.4406
1.3597e-16 0.4962
4.5409e-16 0.3550
5.3940e-16 0.3791
1.3399e-15 0.2971
1.4289e-15 0.2192
3.8497e-15 0.2351
3.7891e-15 0.2376
4.1815e-15 0.3102
0.0000e+00 1.0000
4.4729e-16 0.3639
2.4058e-16 0.4854
1.1463e-15 0.3013
1.6819e-15 0.4451
1.7341e-15 0.2830
2.6077e-15 0.1902
3.8344e-15 0.2962
4.1124e-15 0.1866
3.8585e-16 0.4814
6.1674e-16 0.4434
4.1654e-16 0.4305
8.3335e-16 0.4352
1.4844e-15 0.3705
6.7476e-16 0.2936
1.7171e-15 0.3136
2.2190e-15 0.2705
2.0278e-15 0.2947
0.0000e+00 1.0000
0.0000e+00 1.0000
0.0000e+00 1.0000
2.8878e-16 0.4968
8.7011e-17 0.4879
0.0000e+00 1.0000
1.9574e-16 0.4434
0.0000e+00 1.0000
9.2865e-16 0.3004
0.0000e+00 1.0000
0.0000e+00 1.0000
0.0000e+00 1.0000
0.0000e+00 1.0000
2.6709e-16 0.4430
7.8436e-16 0.4778
4.7878e-16 0.3714
7.7159e-16 0.4430
1.1375e-15 0.3512
0.0000e+00 1.0000
0.0000e+00 1.0000
7.3088e-16 0.4651
2.4364e-16 0.3802
4.1492e-16 0.4361
8.6279e-16 0.3219
7.4692e-16 0.4587
7.3342e-16 0.3647
4.4160e-16 0.4023
2.2781e-16 0.4810
0.0000e+00 1.0000
1.0021e-15 0.4981
0.0000e+00 1.0000
9.5878e-16 0.4419
6.3905e-16 0.3604
1.7611e-15 0.2852
9.9679e-16 0.2754
7.9275e-16 0.2638
0.0000e+00 1.0000
0.0000e+00 1.0000
1.6422e-16 0.4807
4.4715e-16 0.3517
1.5885e-15 0.2996
8.6921e-16 0.2977
1.5213e-15 0.2240
2.2552e-15 0.2622
1.5071e-15 0.2756
0.0000e+00 1.0000
0.0000e+00 1.0000
3.4965e-16 0.3717
4.5543e-16 0.4299
1.3262e-15 0.3758
1.9732e-15 0.2521
1.2921e-15 0.2153
3.2761e-15 0.2979
3.0708e-15 0.2523
2.6889e-16 0.4058
5.2268e-16 0.4686
4.1414e-16 0.4207
3.8895e-16 0.3559
1.6819e-15 0.4062
1.4713e-15 0.2544
2.3414e-15 0.3123
4.6210e-15 0.2670
3.1890e-15 0.2502
0.0000e+00 1.0000
0.0000e+00 1.0000
0.0000e+00 1.0000
1.5024e-15 0.2916
9.0809e-16 0.3020
1.7009e-15 0.3045
2.1745e-15 0.2805
2.0706e-15 0.2602
3.0052e-15 0.2239
0.0000e+00 1.0000
2.4195e-16 0.3911
0.0000e+00 1.0000
4.4477e-16 0.3655
1.1511e-15 0.3566
1.2995e-15 0.3035
1.3468e-15 0.2678
1.6207e-15 0.3018
2.1559e-15 0.3028
0.0000e+00 1.0000
0.0000e+00 1.0000
0.0000e+00 1.0000
0.0000e+00 1.0000
2.5874e-16 0.4792
0.0000e+00 1.0000
2.9652e-16 0.4863
0.0000e+00 1.0000
1.2492e-15 0.3358
0.0000e+00 1.0000
4.1016e-16 0.4267
0.0000e+00 1.0000
1.9724e-16 0.4847
5.2750e-16 0.4440
9.0392e-16 0.4623
8.1815e-16 0.4875
6.9341e-16 0.4258
0.0000e+00 1.0000
0.0000e+00 1.0000
0.0000e+00 1.0000
3.6977e-16 0.4411
1.6677e-16 0.4668
3.7299e-16 0.4157
8.3481e-16 0.3095
3.6146e-16 0.3244
3.3267e-16 0.3020
8.1008e-16 0.3610
1.6689e-16 0.4708
1.8598e-16 0.4465
5.4874e-16 0.4859
2.0173e-16 0.4493
9.2143e-16 0.4009
1.5318e-15 0.2923
1.7386e-15 0.4085
2.2740e-15 0.3713
5.4509e-16 0.2807
4.2140e-16 0.4907
5.1779e-16 0.4309
5.2782e-16 0.4731
4.3645e-16 0.3734
7.4394e-16 0.3168
1.7014e-15 0.3080
1.1105e-15 0.2447
1.1949e-15 0.2656
1.7371e-15 0.3453
0.0000e+00 1.0000
4.9670e-16 0.4630
0.0000e+00 1.0000
1.2117e-15 0.3390
1.2621e-15 0.3130
1.7793e-15 0.2580
1.3740e-15 0.2580
2.2907e-15 0.2414
1.6429e-15 0.2422
2.2561e-16 0.3851
2.2151e-16 0.4685
3.2540e-16 0.4493
1.2803e-15 0.4619
1.7760e-15 0.2903
2.2732e-15 0.2895
3.1065e-15 0.2675
2.5952e-15 0.2301
2.3092e-15 0.2032
0.0000e+00 1.0000
3.6511e-16 0.3751
5.8792e-16 0.4721
9.9305e-16 0.3931
1.1682e-15 0.4180
1.5395e-15 0.3754
3.0775e-15 0.2660
4.2540e-15 0.3552
2.0631e-15 0.2763
0.0000e+00 1.0000
3.4302e-16 0.4660
6.5479e-16 0.3073
5.3196e-16 0.3250
1.0284e-15 0.4655
1.7816e-15 0.3683
9.7964e-16 0.2830
1.4668e-15 0.3022
2.1147e-15 0.3201
0.0000e+00 1.0000
2.4689e-16 0.4885
0.0000e+00 1.0000
0.0000e+00 1.0000
1.6880e-16 0.4549
0.0000e+00 1.0000
4.8057e-16 0.4576
5.1207e-16 0.4157
8.8166e-16 0.4503
0.0000e+00 1.0000
0.0000e+00 1.0000
0.0000e+00 1.0000
3.8424e-16 0.4763
6.3365e-16 0.4523
6.8342e-16 0.4279
0.0000e+00 1.0000
2.1768e-16 0.3170
4.9666e-16 0.4239
0.0000e+00 1.0000
0.0000e+00 1.0000
1.8497e-16 0.4258
0.0000e+00 1.0000
6.3941e-16 0.4350
9.1036e-16 0.3384
6.6031e-16 0.3572
0.0000e+00 1.0000
1.2412e-15 0.4552
2.0748e-16 0.4890
0.0000e+00 1.0000
0.0000e+00 1.0000
4.6735e-16 0.3763
9.8165e-16 0.4408
6.0463e-16 0.4863
1.5277e-15 0.3009
5.2437e-16 0.2999
1.5664e-15 0.3102
0.0000e+00 1.0000
0.0000e+00 1.0000
3.6603e-16 0.3522
8.6448e-16 0.4116
8.6544e-16 0.3159
2.1545e-15 0.4108
1.2112e-15 0.2926
9.4059e-16 0.2715
1.8277e-15 0.2739
0.0000e+00 1.0000
4.0489e-16 0.4743
0.0000e+00 1.0000
3.5688e-16 0.4220
1.7258e-15 0.3011
1.1011e-15 0.3150
9.2715e-16 0.3331
2.6209e-15 0.3442
2.5841e-15 0.2929
4.4088e-16 0.4004
3.9557e-16 0.4437
0.0000e+00 1.0000
5.8716e-16 0.3942
1.4896e-15 0.3741
1.5145e-15 0.2477
2.0209e-15 0.2658
2.4002e-15 0.2904
4.3782e-15 0.3072
0.0000e+00 1.0000
0.0000e+00 1.0000
9.5420e-16 0.3255
8.5971e-16 0.3164
5.1219e-16 0.3333
1.2312e-15 0.3375
2.1341e-15 0.2495
2.8797e-15 0.3150
2.5270e-15 0.2901
0.0000e+00 1.0000
1.7502e-16 0.4336
4.8333e-16 0.3388
1.6562e-15 0.4774
7.9675e-16 0.4685
9.5232e-16 0.3049
4.9635e-16 0.2719
2.3529e-15 0.4321
1.3728e-15 0.3202
0.0000e+00 1.0000
0.0000e+00 1.0000
0.0000e+00 1.0000
4.3759e-17 0.4861
0.0000e+00 1.0000
0.0000e+00 1.0000
2.0016e-16 0.3916
0.0000e+00 1.0000
2.8236e-16 0.3396
0.0000e+00 1.0000
0.0000e+00 1.0000
0.0000e+00 1.0000
2.7389e-16 0.4394
4.7944e-16 0.3272
8.0189e-16 0.4960
3.8737e-16 0.3223
0.0000e+00 1.0000
5.6504e-16 0.4766
0.0000e+00 1.0000
0.0000e+00 1.0000
0.0000e+00 1.0000
0.0000e+00 1.0000
2.7761e-16 0.3607
8.1582e-16 0.4801
9.1404e-16 0.4201
6.5024e-16 0.4290
8.7243e-16 0.3744
1.9082e-16 0.4923
3.5911e-16 0.4491
0.0000e+00 1.0000
3.7247e-16 0.3726
6.7381e-16 0.3007
9.5771e-16 0.4034
1.4513e-15 0.3564
1.0062e-15 0.3082
1.2829e-15 0.4533
0.0000e+00 1.0000
3.3871e-16 0.3814
5.4792e-16 0.4289
3.8381e-16 0.3439
6.8676e-16 0.3579
5.5837e-16 0.4659
1.0452e-15 0.3000
1.2115e-15 0.2302
1.2580e-15 0.2676
0.0000e+00 1.0000
0.0000e+00 1.0000
4.7282e-16 0.4081
3.9659e-16 0.3716
1.2701e-15 0.3614
1.7625e-15 0.2665
6.0056e-16 0.2462
2.1579e-15 0.2886
1.3993e-15 0.2860
0.0000e+00 1.0000
0.0000e+00 1.0000
2.3864e-16 0.4285
7.6592e-16 0.4539
8.5106e-16 0.3313
1.7088e-15 0.3448
1.8925e-15 0.2957
1.8721e-15 0.3603
3.4198e-15 0.3196
0.0000e+00 1.0000
0.0000e+00 1.0000
7.9553e-16 0.3692
9.1458e-16 0.3656
4.5855e-16 0.3318
1.4240e-15 0.3527
1.1143e-15 0.3830
3.1879e-15 0.3574
3.3028e-15 0.3471
0.0000e+00 1.0000
1.3485e-16 0.4953
7.0956e-16 0.4335
2.0928e-16 0.4959
5.1828e-16 0.3887
1.3889e-15 0.3109
1.2558e-15 0.3354
7.0649e-16 0.4030
1.8692e-15 0.4309
0.0000e+00 1.0000
0.0000e+00 1.0000
0.0000e+00 1.0000
2.4410e-16 0.4885
3.9861e-16 0.4114
4.6990e-16 0.4385
1.9255e-16 0.4664
0.0000e+00 1.0000
2.3572e-16 0.4522
0.0000e+00 1.0000
0.0000e+00 1.0000
4.1805e-16 0.4396
2.0501e-16 0.4241
1.6793e-16 0.4691
0.0000e+00 1.0000
5.8177e-16 0.3628
2.9845e-16 0.3659
2.9681e-16 0.4310
0.0000e+00 1.0000
6.8019e-16 0.4941
0.0000e+00 1.0000
6.2917e-16 0.4131
0.0000e+00 1.0000
1.0996e-15 0.4425
3.1411e-16 0.4144
1.1087e-15 0.4931
8.5108e-16 0.4405
1.1232e-16 0.4536
0.0000e+00 1.0000
2.6877e-16 0.4305
0.0000e+00 1.0000
8.7581e-16 0.3834
1.6056e-15 0.4996
7.7879e-16 0.3383
7.8065e-16 0.3135
7.1842e-16 0.3351
0.0000e+00 1.0000
0.0000e+00 1.0000
6.9305e-16 0.3736
1.1768e-15 0.4179
1.7836e-15 0.4356
7.7312e-16 0.3599
1.1005e-15 0.2938
1.4393e-15 0.3043
8.4207e-16 0.2751
0.0000e+00 1.0000
0.0000e+00 1.0000
1.3574e-16 0.4376
6.2807e-16 0.3707
5.7518e-16 0.3360
5.3884e-16 0.3865
7.5516e-16 0.3036
1.8904e-15 0.3455
3.1548e-15 0.3487
0.0000e+00 1.0000
1.6888e-16 0.4719
0.0000e+00 1.0000
4.8695e-16 0.3828
8.2242e-16 0.3032
8.9608e-16 0.2797
1.5312e-15 0.2823
2.1234e-15 0.2866
1.6079e-15 0.2757
0.0000e+00 1.0000
0.0000e+00 1.0000
9.7309e-16 0.2994
1.6726e-15 0.4140
8.7131e-16 0.4339
8.4052e-16 0.3285
1.0505e-15 0.3657
1.5727e-15 0.3785
1.3141e-15 0.3861
2.5000e-16 0.4743
2.1235e-16 0.4989
7.1787e-16 0.3865
6.7632e-16 0.4357
8.9213e-16 0.4378
1.1529e-15 0.2648
7.0787e-16 0.3084
0.0000e+00 1.0000
1.1019e-15 0.2868
0.0000e+00 1.0000
2.9298e-16 0.4703
0.0000e+00 1.0000
0.0000e+00 1.0000
4.5406e-16 0.3690
3.3646e-16 0.4157
1.9505e-16 0.4426
0.0000e+00 1.0000
0.0000e+00 1.0000
2.6497e-16 0.4840
0.0000e+00 1.0000
0.0000e+00 1.0000
0.0000e+00 1.0000
0.0000e+00 1.0000
4.8898e-16 0.3782
2.2739e-16 0.3778
6.8405e-16 0.4994
2.2478e-16 0.4897
0.0000e+00 1.0000
0.0000e+00 1.0000
0.0000e+00 1.0000
0.0000e+00 1.0000
8.5981e-16 0.4785
6.2926e-16 0.3789
6.1693e-16 0.4023
0.0000e+00 1.0000
0.0000e+00 1.0000
0.0000e+00 1.0000
0.0000e+00 1.0000
0.0000e+00 1.0000
5.2573e-16 0.4970
0.0000e+00 1.0000
7.6114e-16 0.3786
0.0000e+00 1.0000
1.3582e-15 0.4769
8.6421e-16 0.3839
4.5113e-16 0.4676
8.6505e-17 0.4871
0.0000e+00 1.0000
4.4323e-16 0.4059
0.0000e+00 1.0000
6.6251e-16 0.4741
8.9782e-16 0.2414
9.7550e-16 0.4296
1.0703e-15 0.2847
0.0000e+00 1.0000
2.7645e-16 0.4888
0.0000e+00 1.0000
3.4736e-16 0.4159
9.6180e-16 0.3656
7.1350e-16 0.2841
0.0000e+00 1.0000
1.7955e-15 0.3169
1.3042e-15 0.3012
0.0000e+00 1.0000
0.0000e+00 1.0000
0.0000e+00 1.0000
1.5434e-15 0.3229
8.1683e-16 0.3163
1.3631e-15 0.2728
2.1161e-15 0.3428
1.7804e-15 0.3056
1.3063e-15 0.3479
0.0000e+00 1.0000
6.1121e-16 0.4685
5.6371e-16 0.3657
0.0000e+00 1.0000
8.5472e-16 0.4981
6.6589e-16 0.3734
7.2009e-16 0.3939
2.2541e-15 0.3848
2.0774e-15 0.2925
2.4117e-16 0.4648
5.8841e-16 0.4748
5.5410e-16 0.4453
0.0000e+00 1.0000
3.5166e-16 0.3940
2.1844e-15 0.3650
4.8206e-16 0.3781
7.5471e-16 0.3479
1.0610e-15 0.3066
0.0000e+00 1.0000
2.2490e-16 0.4081
0.0000e+00 1.0000
2.0873e-16 0.4352
0.0000e+00 1.0000
0.0000e+00 1.0000
0.0000e+00 1.0000
3.1302e-16 0.4374
0.0000e+00 1.0000
0.0000e+00 1.0000
0.0000e+00 1.0000
0.0000e+00 1.0000
2.1351e-16 0.4618
4.5039e-16 0.4744
6.8143e-16 0.3886
0.0000e+00 1.0000
0.0000e+00 1.0000
3.0746e-16 0.4296
0.0000e+00 1.0000
3.6908e-16 0.4444
0.0000e+00 1.0000
0.0000e+00 1.0000
0.0000e+00 1.0000
0.0000e+00 1.0000
3.2901e-16 0.3571
0.0000e+00 1.0000
6.7851e-16 0.4696
0.0000e+00 1.0000
4.2179e-16 0.4299
5.8136e-16 0.4241
5.1311e-16 0.3708
4.8925e-16 0.4033
0.0000e+00 1.0000
6.2713e-16 0.2715
4.4735e-16 0.3537
1.6265e-15 0.3428
0.0000e+00 1.0000
0.0000e+00 1.0000
0.0000e+00 1.0000
6.0386e-16 0.3110
1.6678e-15 0.4391
4.8210e-16 0.4190
5.6515e-16 0.3016
1.1644e-15 0.2976
7.3890e-16 0.3453
0.0000e+00 1.0000
0.0000e+00 1.0000
2.5541e-16 0.3977
6.3419e-16 0.4386
7.2184e-16 0.3299
3.8440e-16 0.4099
1.2301e-15 0.3283
9.8839e-16 0.3591
2.6148e-15 0.3491
0.0000e+00 1.0000
0.0000e+00 1.0000
0.0000e+00 1.0000
9.7776e-16 0.4810
4.8549e-16 0.3424
2.9138e-16 0.4848
2.0584e-15 0.3648
2.1459e-15 0.2397
1.9384e-15 0.3489
0.0000e+00 1.0000
0.0000e+00 1.0000
1.0673e-15 0.3839
1.2821e-15 0.3622
5.3374e-16 0.4862
0.0000e+00 1.0000
1.8800e-15 0.4321
2.2075e-15 0.4862
1.0079e-15 0.3443
0.0000e+00 1.0000
0.0000e+00 1.0000
0.0000e+00 1.0000
2.4660e-16 0.4059
2.9265e-16 0.4344
5.3953e-16 0.3243
1.5897e-16 0.3932
0.0000e+00 1.0000
1.1934e-15 0.2776
