     9      9     20
d_kernel   u_kernel

0.0000e+00 1.0000
2.3798e-16 0.4129
2.7598e-16 0.4748
3.5997e-16 0.3677
5.8272e-16 0.3448
3.9528e-16 0.3431
0.0000e+00 1.0000
4.4022e-16 0.4473
4.9724e-16 0.4260
0.0000e+00 1.0000
0.0000e+00 1.0000
3.3823e-16 0.4135
5.2554e-16 0.3084
7.1139e-16 0.3315
9.3684e-16 0.3824
3.8601e-16 0.3822
4.5967e-16 0.2979
7.2985e-16 0.2542
0.0000e+00 1.0000
0.0000e+00 1.0000
0.0000e+00 1.0000
4.6792e-16 0.3278
5.2573e-16 0.3594
1.9425e-15 0.2689
1.0420e-15 0.2805
1.6821e-15 0.3490
1.6554e-15 0.3032
0.0000e+00 1.0000
0.0000e+00 1.0000
1.1312e-15 0.4295
1.4071e-15 0.4506
1.0308e-15 0.3075
1.5301e-15 0.2304
1.8221e-15 0.2041
4.5842e-15 0.2288
3.4434e-15 0.3555
0.0000e+00 1.0000
0.0000e+00 1.0000
1.7000e-15 0.4433
0.0000e+00 1.0000
2.7498e-15 0.3400
5.2774e-14 0.0907
1.9766e-12 0.0183
4.7231e-12 0.0124
1.9982e-12 0.0182
0.0000e+00 1.0000
4.8309e-16 0.4797
5.6229e-16 0.3519
0.0000e+00 1.0000
4.5232e-15 0.2865
1.9136e-12 0.0185
1.7980e-11 0.0069
3.8156e-11 0.0045
1.8235e-11 0.0068
5.2612e-16 0.3355
5.0111e-16 0.4166
7.3740e-16 0.4335
1.1753e-15 0.3686
7.6412e-15 0.2518
4.6922e-12 0.0124
3.7760e-11 0.0045
1.3332e-09 0.0003
3.8097e-11 0.0045
6.8967e-16 0.3826
8.9738e-16 0.4266
1.8813e-15 0.3526
1.8459e-15 0.3253
3.2903e-15 0.2137
1.9910e-12 0.0182
1.8256e-11 0.0068
3.8069e-11 0.0045
1.8108e-11 0.0068
0.0000e+00 1.0000
0.0000e+00 1.0000
0.0000e+00 1.0000
7.9228e-16 0.3418
1.6889e-15 0.2447
6.1995e-14 0.0849
1.9048e-12 0.0186
4.7497e-12 0.0123
1.9183e-12 0.0185
0.0000e+00 1.0000
2.8242e-16 0.4102
2.5073e-16 0.4382
0.0000e+00 1.0000
2.2006e-16 0.3205
4.2901e-16 0.4174
0.0000e+00 1.0000
4.7904e-16 0.3295
2.8516e-16 0.4254
0.0000e+00 1.0000
0.0000e+00 1.0000
0.0000e+00 1.0000
3.3307e-16 0.4105
1.2757e-15 0.4318
8.2298e-16 0.3672
6.3538e-16 0.3460
4.4225e-16 0.3509
8.2628e-16 0.3448
3.2453e-16 0.3905
2.8578e-16 0.3983
5.8385e-16 0.3547
4.4462e-16 0.4211
1.1200e-15 0.3634
2.9097e-16 0.3350
1.4345e-15 0.2610
2.1879e-15 0.4884
1.8417e-15 0.2203
2.9594e-16 0.4800
5.3640e-16 0.3038
6.3714e-16 0.2607
6.7552e-16 0.3656
1.2902e-15 0.4501
2.4857e-15 0.3355
3.0026e-15 0.2358
6.4869e-15 0.2669
4.2505e-15 0.1861
3.4964e-16 0.3162
3.5395e-16 0.3376
9.7670e-16 0.3043
1.1028e-15 0.2699
1.9198e-15 0.2080
6.1105e-14 0.0804
3.2127e-12 0.0140
8.5774e-12 0.0090
3.1615e-12 0.0141
1.9709e-16 0.4421
3.2770e-16 0.4789
0.0000e+00 1.0000
1.5592e-15 0.4036
3.6068e-15 0.2095
3.2019e-12 0.0140
4.6521e-11 0.0043
1.2499e-10 0.0025
4.6905e-11 0.0043
0.0000e+00 1.0000
0.0000e+00 1.0000
1.3401e-15 0.4090
1.4675e-15 0.3529
6.5020e-15 0.2185
8.5365e-12 0.0090
1.2486e-10 0.0025
1.1354e-09 0.0004
1.2462e-10 0.0025
0.0000e+00 1.0000
7.2231e-16 0.3198
1.0509e-15 0.3393
2.6705e-15 0.3791
3.2501e-15 0.2154
3.2477e-12 0.0140
4.6550e-11 0.0043
1.2487e-10 0.0025
4.6580e-11 0.0043
7.3586e-16 0.4735
3.3911e-16 0.3322
6.0161e-16 0.3641
1.5245e-15 0.3401
2.0054e-15 0.2232
4.8326e-14 0.0902
3.1111e-12 0.0143
8.6066e-12 0.0090
3.2066e-12 0.0141
0.0000e+00 1.0000
0.0000e+00 1.0000
0.0000e+00 1.0000
4.9891e-16 0.4662
5.0113e-16 0.3463
2.2150e-16 0.4594
2.8658e-16 0.3654
7.0743e-16 0.3645
6.9605e-16 0.3137
0.0000e+00 1.0000
4.8714e-16 0.4600
0.0000e+00 1.0000
5.3703e-16 0.3762
5.8155e-16 0.3101
1.4349e-15 0.3627
1.3316e-15 0.4014
2.1773e-15 0.4718
1.2195e-15 0.2786
3.0438e-16 0.3852
7.3312e-16 0.3805
0.0000e+00 1.0000
8.3259e-16 0.3883
7.4465e-16 0.2907
2.2774e-15 0.3318
2.5914e-15 0.2969
2.3175e-15 0.2374
1.3258e-15 0.2309
2.3701e-16 0.4196
2.5291e-16 0.3658
6.3867e-16 0.2796
1.2978e-15 0.3336
1.5681e-15 0.3398
2.0332e-15 0.2322
4.3671e-15 0.2318
4.7617e-15 0.1856
2.8065e-15 0.1848
0.0000e+00 1.0000
5.6071e-16 0.3417
8.7648e-16 0.3011
1.1646e-15 0.2167
1.5469e-15 0.2305
3.0982e-14 0.1087
2.9490e-12 0.0139
9.6991e-12 0.0081
3.0651e-12 0.0136
8.8614e-16 0.3464
4.0012e-16 0.3749
6.7163e-16 0.3695
2.2120e-15 0.3120
3.0214e-15 0.1911
2.9933e-12 0.0138
7.0087e-11 0.0034
1.8542e-10 0.0020
7.0400e-11 0.0034
2.1585e-16 0.4541
2.5529e-16 0.4390
1.3656e-15 0.4213
2.3656e-15 0.3562
3.2858e-15 0.1814
9.5344e-12 0.0082
1.8530e-10 0.0020
7.3097e-10 0.0007
1.8466e-10 0.0020
0.0000e+00 1.0000
2.5419e-16 0.3447
1.4932e-15 0.4727
3.1680e-15 0.2982
5.0695e-15 0.2017
2.9591e-12 0.0139
7.0601e-11 0.0034
1.8546e-10 0.0020
7.0415e-11 0.0034
0.0000e+00 1.0000
1.3525e-15 0.4506
0.0000e+00 1.0000
1.6686e-15 0.3319
2.4272e-15 0.3434
2.3534e-14 0.1163
2.9517e-12 0.0139
9.7208e-12 0.0081
3.0206e-12 0.0138
0.0000e+00 1.0000
3.4939e-16 0.4138
0.0000e+00 1.0000
4.6427e-16 0.3416
0.0000e+00 1.0000
0.0000e+00 1.0000
4.8297e-16 0.3696
6.7072e-16 0.4224
3.6585e-16 0.3712
5.6618e-16 0.4411
0.0000e+00 1.0000
4.2564e-16 0.4388
6.5236e-16 0.3986
7.4485e-16 0.2726
1.7649e-15 0.4334
1.7573e-15 0.3560
7.4432e-16 0.2490
6.9260e-16 0.2898
2.7018e-16 0.4683
0.0000e+00 1.0000
6.7405e-16 0.3864
3.3218e-16 0.3488
9.0528e-16 0.2088
1.1589e-15 0.2871
2.7342e-15 0.2704
2.7111e-15 0.2296
1.7995e-15 0.2469
0.0000e+00 1.0000
7.8010e-16 0.3757
0.0000e+00 1.0000
9.4686e-16 0.4269
1.2643e-15 0.2712
1.9952e-15 0.2488
2.8674e-15 0.2243
3.7229e-15 0.1566
5.7532e-15 0.2196
3.2858e-16 0.4555
3.9507e-16 0.4961
9.9645e-16 0.2783
1.6765e-15 0.2917
2.6532e-15 0.3329
7.2764e-15 0.1726
1.2336e-12 0.0196
5.2023e-12 0.0102
1.2399e-12 0.0196
2.3565e-16 0.4161
7.8273e-16 0.3884
8.2954e-16 0.2963
1.3075e-15 0.2542
3.6994e-15 0.2338
1.2708e-12 0.0195
5.8436e-11 0.0035
1.5801e-10 0.0021
5.8233e-11 0.0035
5.6376e-16 0.4880
1.6143e-15 0.4642
1.3564e-15 0.2543
2.1084e-15 0.2066
6.0918e-15 0.2331
5.1648e-12 0.0103
1.5798e-10 0.0021
4.3778e-10 0.0011
1.5805e-10 0.0021
1.2706e-16 0.4821
6.5531e-16 0.4821
0.0000e+00 1.0000
2.1897e-15 0.2595
4.6811e-15 0.2004
1.2096e-12 0.0199
5.8704e-11 0.0035
1.5835e-10 0.0021
5.8055e-11 0.0035
0.0000e+00 1.0000
4.3782e-16 0.3251
1.1337e-15 0.4122
8.8007e-16 0.3796
3.7074e-15 0.2717
7.7344e-15 0.1707
1.2142e-12 0.0197
5.1327e-12 0.0103
1.2664e-12 0.0193
0.0000e+00 1.0000
0.0000e+00 1.0000
0.0000e+00 1.0000
0.0000e+00 1.0000
1.3130e-15 0.4394
1.8491e-15 0.4534
1.3181e-15 0.4835
9.2170e-16 0.4590
2.2341e-16 0.3623
0.0000e+00 1.0000
1.2350e-16 0.4010
2.4498e-16 0.4980
4.0617e-16 0.3202
0.0000e+00 1.0000
4.5078e-16 0.3757
1.1381e-15 0.2703
2.0614e-15 0.2748
9.9874e-16 0.2981
0.0000e+00 1.0000
0.0000e+00 1.0000
5.6509e-16 0.3882
1.1664e-15 0.4657
9.4579e-16 0.3631
1.6084e-15 0.4059
1.8202e-15 0.2025
2.0308e-15 0.2326
2.8463e-15 0.3538
1.8363e-16 0.4375
2.4691e-16 0.4323
5.4726e-16 0.2635
1.2566e-15 0.3630
1.3800e-15 0.2880
3.2488e-15 0.2417
2.7168e-15 0.2006
7.6836e-15 0.1803
4.1208e-15 0.1808
6.4411e-16 0.3597
6.1729e-16 0.3675
4.2662e-16 0.3253
2.0849e-15 0.2870
4.5688e-15 0.2701
6.0700e-15 0.1755
1.4037e-13 0.0498
8.0255e-13 0.0229
1.4193e-13 0.0495
1.8571e-16 0.4142
8.6019e-16 0.3513
1.0141e-15 0.4943
2.7837e-15 0.2722
4.7759e-15 0.2073
1.3355e-13 0.0516
2.2428e-11 0.0052
7.5031e-11 0.0029
2.2168e-11 0.0052
7.2403e-16 0.4444
6.9737e-16 0.3066
1.3531e-15 0.2574
2.7118e-15 0.2405
4.5395e-15 0.1592
8.3268e-13 0.0223
7.4754e-11 0.0030
2.2028e-10 0.0017
7.4966e-11 0.0030
0.0000e+00 1.0000
1.0209e-15 0.3244
2.9907e-15 0.4084
4.4665e-15 0.3420
5.0416e-15 0.1695
1.4687e-13 0.0496
2.2424e-11 0.0052
7.4737e-11 0.0030
2.2411e-11 0.0052
2.4241e-16 0.3847
3.6741e-16 0.3796
0.0000e+00 1.0000
1.7395e-15 0.2440
2.8142e-15 0.1977
4.8549e-15 0.1620
1.3938e-13 0.0503
8.5769e-13 0.0221
1.2389e-13 0.0521
1.2689e-16 0.4461
0.0000e+00 1.0000
2.9385e-16 0.4013
3.9409e-16 0.3593
1.1561e-15 0.4070
4.2298e-16 0.3559
1.1971e-15 0.2370
1.2795e-15 0.4281
7.2136e-16 0.4169
0.0000e+00 1.0000
4.8936e-16 0.4895
1.3063e-15 0.4971
1.0703e-15 0.3323
9.6011e-16 0.3672
1.7579e-15 0.3361
8.3125e-16 0.2663
1.0743e-15 0.2618
1.2354e-15 0.2442
3.8571e-16 0.3186
3.0430e-16 0.3427
8.0367e-16 0.3256
0.0000e+00 1.0000
1.0821e-15 0.3405
9.3692e-16 0.3592
1.1078e-15 0.2292
2.5109e-15 0.2500
2.8004e-15 0.2182
0.0000e+00 1.0000
8.9986e-16 0.4356
1.2938e-15 0.2844
1.4652e-15 0.2782
1.9370e-15 0.2369
1.9667e-15 0.2584
4.3771e-15 0.1786
6.1479e-15 0.2138
4.0986e-15 0.1760
4.7543e-16 0.3694
0.0000e+00 1.0000
1.5391e-15 0.2472
2.1528e-15 0.3174
3.8902e-15 0.2025
6.3696e-15 0.1828
1.2917e-14 0.1847
2.7662e-14 0.0949
1.3048e-14 0.1525
2.5361e-16 0.4373
0.0000e+00 1.0000
1.6698e-15 0.4225
1.3052e-15 0.2400
4.8365e-15 0.2457
1.4124e-14 0.1407
2.0984e-12 0.0143
1.0966e-11 0.0067
2.1340e-12 0.0142
3.9327e-16 0.3988
8.8300e-16 0.3254
1.9990e-15 0.4866
2.5127e-15 0.2401
5.9388e-15 0.1888
2.8017e-14 0.0946
1.1068e-11 0.0067
4.8612e-11 0.0034
1.1098e-11 0.0067
1.8798e-15 0.3853
2.6953e-15 0.3353
2.3426e-15 0.3451
1.6975e-15 0.2478
5.3687e-15 0.2188
1.0618e-14 0.1310
2.0222e-12 0.0145
1.1054e-11 0.0067
2.0868e-12 0.0143
8.1819e-16 0.4444
1.0124e-15 0.3573
7.4404e-16 0.3953
2.7889e-15 0.2972
3.0527e-15 0.2008
5.0022e-15 0.1765
1.2334e-14 0.1194
2.3801e-14 0.0959
1.5318e-14 0.1346
0.0000e+00 1.0000
0.0000e+00 1.0000
2.6933e-16 0.4942
6.4314e-16 0.3463
5.7427e-16 0.4726
4.3601e-16 0.4169
1.1804e-15 0.3536
1.2293e-15 0.4255
7.3372e-16 0.3517
2.8159e-16 0.4368
1.2487e-15 0.4681
0.0000e+00 1.0000
4.8338e-16 0.3756
3.7914e-16 0.3221
1.2382e-15 0.2691
8.6645e-16 0.2978
1.7308e-15 0.2877
1.5701e-15 0.2173
3.6659e-16 0.3523
0.0000e+00 1.0000
1.1109e-15 0.3019
1.1097e-15 0.4698
1.1314e-15 0.3035
1.3969e-15 0.2767
2.2097e-15 0.2366
3.0413e-15 0.3383
1.5744e-15 0.2578
0.0000e+00 1.0000
3.6355e-16 0.3485
1.0094e-15 0.3380
1.4826e-15 0.3301
3.6054e-15 0.2874
3.8499e-15 0.1909
4.6196e-15 0.1636
5.2490e-15 0.1580
5.0480e-15 0.2202
0.0000e+00 1.0000
1.0843e-15 0.3792
8.2833e-16 0.2921
1.2280e-15 0.2996
3.7832e-15 0.3108
8.6221e-15 0.1716
9.7897e-15 0.1361
1.3389e-14 0.1314
1.0011e-14 0.1386
0.0000e+00 1.0000
9.7128e-16 0.3987
1.4995e-15 0.2739
2.5206e-15 0.2959
5.5366e-15 0.2127
1.2898e-14 0.1299
3.5214e-14 0.0768
1.4757e-13 0.0439
4.0025e-14 0.0858
3.3524e-16 0.4142
7.4143e-16 0.4984
9.0385e-16 0.2874
2.8789e-15 0.1919
4.9212e-15 0.1824
1.5434e-14 0.1124
1.3558e-13 0.0448
1.0523e-12 0.0182
1.4451e-13 0.0451
1.7990e-15 0.4081
2.0631e-15 0.3506
1.1848e-15 0.3228
3.5500e-15 0.2972
6.0358e-15 0.2185
1.1607e-14 0.1317
3.0577e-14 0.0804
1.3813e-13 0.0458
3.7083e-14 0.0885
0.0000e+00 1.0000
0.0000e+00 1.0000
1.2269e-15 0.3779
3.2639e-15 0.3578
4.0291e-15 0.2157
6.8035e-15 0.1623
1.2263e-14 0.1429
1.4111e-14 0.1252
1.0875e-14 0.1564
0.0000e+00 1.0000
0.0000e+00 1.0000
2.6098e-16 0.4025
2.0848e-16 0.3660
7.5089e-16 0.3317
3.9959e-16 0.2830
6.0179e-16 0.3678
8.1868e-16 0.2836
7.8318e-16 0.3418
0.0000e+00 1.0000
6.2923e-16 0.3679
5.5305e-16 0.3856
4.0450e-16 0.3290
9.0577e-16 0.2621
6.6162e-16 0.2946
1.1769e-15 0.4225
3.2726e-15 0.3139
1.3393e-15 0.3125
3.2381e-16 0.3754
2.7040e-16 0.4018
5.4020e-16 0.2906
1.8984e-15 0.3291
1.3409e-15 0.2436
1.5321e-15 0.2632
3.3415e-15 0.3054
2.3919e-15 0.2512
3.0759e-15 0.2015
6.5106e-17 0.3878
1.2375e-15 0.4395
1.7712e-15 0.3962
2.2988e-15 0.2523
3.0888e-15 0.3736
5.5527e-15 0.2069
3.9471e-15 0.1446
4.6623e-15 0.2164
4.6620e-15 0.1723
8.4186e-16 0.4900
6.9032e-16 0.3390
1.2071e-15 0.2782
2.1477e-15 0.3029
4.5635e-15 0.1722
5.9928e-15 0.2068
1.2583e-14 0.1668
1.3152e-14 0.1322
8.0695e-15 0.1332
0.0000e+00 1.0000
1.0017e-15 0.4766
1.2160e-15 0.2465
2.4155e-15 0.2975
4.5436e-15 0.1788
1.2300e-14 0.1330
2.2413e-14 0.0982
4.1780e-14 0.0815
2.2582e-14 0.0959
5.2043e-16 0.4868
9.2040e-16 0.3518
1.3389e-15 0.2739
2.7657e-15 0.1992
3.8144e-15 0.1990
1.5139e-14 0.1248
3.4347e-14 0.0936
7.2157e-14 0.0644
3.5824e-14 0.0915
0.0000e+00 1.0000
6.1989e-16 0.2914
1.5514e-15 0.4722
4.6139e-15 0.3363
5.3331e-15 0.2108
1.2031e-14 0.1396
2.5834e-14 0.1103
3.7155e-14 0.0900
2.3977e-14 0.1080
8.8170e-16 0.4492
1.2488e-15 0.4057
1.6090e-15 0.2972
3.9407e-15 0.3279
3.7186e-15 0.1719
7.1689e-15 0.1792
1.1455e-14 0.1932
1.1915e-14 0.1412
7.7503e-15 0.1437
9.7236e-16 0.3225
0.0000e+00 1.0000
0.0000e+00 1.0000
6.6181e-16 0.4046
3.8786e-16 0.4204
1.0866e-15 0.3234
1.1455e-15 0.3266
1.2328e-15 0.4924
1.2223e-15 0.3332
2.9391e-16 0.4879
6.0746e-16 0.4229
0.0000e+00 1.0000
3.8495e-16 0.3449
9.6024e-16 0.3281
9.4129e-16 0.2490
1.1636e-15 0.3561
2.7286e-15 0.2587
1.1262e-15 0.2414
7.1119e-16 0.3460
6.6060e-16 0.3766
8.4053e-16 0.2808
1.8861e-15 0.3169
1.6821e-15 0.3158
2.0983e-15 0.2919
2.5533e-15 0.3013
2.3543e-15 0.2737
3.3716e-15 0.2201
7.1262e-16 0.4435
1.2147e-15 0.3634
1.2828e-15 0.3705
2.9787e-15 0.3314
3.5911e-15 0.3779
5.0511e-15 0.2084
4.4679e-15 0.2109
5.4841e-15 0.2005
5.0510e-15 0.1876
1.9047e-16 0.4442
6.3899e-16 0.3634
1.4416e-15 0.3469
1.6094e-15 0.2393
2.7984e-15 0.1738
5.1696e-15 0.1818
8.5409e-15 0.2079
1.3356e-14 0.1334
8.3574e-15 0.1392
6.3280e-16 0.4202
1.2173e-15 0.3713
1.8441e-15 0.3453
1.9281e-15 0.2801
6.7033e-15 0.2108
1.2045e-14 0.1413
1.9320e-14 0.1076
2.8263e-14 0.0922
2.1159e-14 0.1192
5.0724e-16 0.4809
1.9660e-15 0.3825
2.2925e-15 0.3494
2.8894e-15 0.2695
4.6980e-15 0.1906
1.1259e-14 0.1386
2.7968e-14 0.0932
6.2574e-14 0.0774
3.0602e-14 0.1029
4.9590e-16 0.4184
1.1920e-15 0.3063
2.2410e-15 0.3661
4.1762e-15 0.2684
6.0111e-15 0.2036
1.2921e-14 0.1438
1.8311e-14 0.1223
3.1279e-14 0.0920
2.4491e-14 0.1177
8.4662e-16 0.3621
1.5625e-15 0.4828
0.0000e+00 1.0000
1.5713e-15 0.2281
4.4753e-15 0.1969
5.1824e-15 0.1558
9.0878e-15 0.1450
1.1677e-14 0.1312
9.0845e-15 0.1505
5.1588e-16 0.3648
0.0000e+00 1.0000
3.8515e-16 0.4306
5.1644e-16 0.4799
5.0805e-16 0.4579
1.4247e-15 0.2729
6.8190e-16 0.4119
2.9062e-15 0.3399
4.3726e-16 0.3667
0.0000e+00 1.0000
7.9570e-16 0.4602
8.9696e-16 0.4443
8.5138e-16 0.4834
5.5534e-16 0.3525
1.4080e-15 0.2903
1.5274e-15 0.2652
1.2069e-15 0.2606
9.5431e-16 0.2748
0.0000e+00 1.0000
1.0318e-15 0.4056
1.6979e-15 0.2999
1.1195e-15 0.2448
2.0090e-15 0.3673
3.7573e-15 0.2631
2.7730e-15 0.2135
2.0142e-15 0.3089
3.2741e-15 0.3181
0.0000e+00 1.0000
1.2282e-15 0.4221
2.0839e-15 0.4050
2.0186e-15 0.3613
1.4628e-15 0.2023
4.0492e-15 0.2647
6.6521e-15 0.2321
6.0312e-15 0.2414
4.5262e-15 0.2232
7.1739e-16 0.3212
0.0000e+00 1.0000
1.9318e-15 0.4136
2.8064e-15 0.3616
2.5128e-15 0.1880
5.0126e-15 0.1663
8.6458e-15 0.1606
1.2602e-14 0.1275
8.2684e-15 0.1421
5.4023e-16 0.3097
0.0000e+00 1.0000
4.9934e-16 0.3582
2.2955e-15 0.1996
5.6925e-15 0.2046
8.8179e-15 0.1482
1.8125e-14 0.1109
2.5650e-14 0.1068
1.6814e-14 0.1329
7.0903e-16 0.3758
1.7499e-15 0.3855
9.6019e-16 0.3516
2.7637e-15 0.3037
5.4131e-15 0.2053
1.0419e-14 0.1485
2.0370e-14 0.1013
4.6351e-14 0.0866
2.1893e-14 0.1058
5.0817e-16 0.3196
1.5462e-15 0.4757
2.0697e-15 0.2521
4.1345e-15 0.2576
6.7315e-15 0.1993
9.2091e-15 0.1742
1.7746e-14 0.1210
2.7978e-14 0.1068
1.9430e-14 0.1253
7.4842e-16 0.4806
0.0000e+00 1.0000
1.5410e-15 0.2703
1.5524e-15 0.2299
3.9786e-15 0.2286
4.6797e-15 0.1373
8.2477e-15 0.1562
1.1878e-14 0.1382
7.3986e-15 0.1532
0.0000e+00 1.0000
0.0000e+00 1.0000
0.0000e+00 1.0000
4.1972e-16 0.3041
7.9474e-16 0.3098
2.0441e-15 0.4031
0.0000e+00 1.0000
1.2205e-15 0.2693
6.6762e-16 0.2957
5.8170e-16 0.3476
0.0000e+00 1.0000
1.2955e-15 0.3757
4.7090e-16 0.3724
1.7044e-15 0.2444
1.8538e-15 0.2623
1.9574e-15 0.4521
1.5336e-15 0.4046
1.9692e-15 0.3149
5.4762e-16 0.3714
2.1010e-15 0.4512
0.0000e+00 1.0000
1.2663e-15 0.2383
1.3590e-15 0.2579
2.7277e-15 0.2596
3.3829e-15 0.2633
2.5562e-15 0.2111
2.6518e-15 0.3729
0.0000e+00 1.0000
9.8989e-16 0.4904
1.9446e-15 0.3875
1.4935e-15 0.2216
3.6412e-15 0.3305
3.0975e-15 0.2634
5.0135e-15 0.3103
5.4407e-15 0.2170
5.4823e-15 0.2185
0.0000e+00 1.0000
7.3173e-16 0.3833
2.0562e-15 0.3737
1.8773e-15 0.2487
3.7435e-15 0.2459
5.2206e-15 0.1578
8.7223e-15 0.1635
1.0574e-14 0.1408
8.2031e-15 0.1604
3.3394e-16 0.3923
5.7274e-16 0.4348
1.0225e-15 0.2572
4.1366e-15 0.2359
7.4853e-15 0.1870
1.0266e-14 0.1605
1.5827e-14 0.1138
2.0993e-14 0.1123
1.3127e-14 0.1245
6.4348e-16 0.3686
7.1124e-16 0.3395
1.0730e-15 0.2918
3.2467e-15 0.2781
5.1151e-15 0.2334
1.0273e-14 0.1713
2.4232e-14 0.1131
3.9976e-14 0.0937
1.9632e-14 0.1233
0.0000e+00 1.0000
1.1944e-15 0.3085
2.5327e-15 0.3886
3.4046e-15 0.2538
5.6644e-15 0.1850
1.2192e-14 0.1477
1.5752e-14 0.1180
2.4604e-14 0.1152
1.2123e-14 0.1164
1.4426e-16 0.4185
8.9543e-16 0.3213
1.4591e-15 0.2919
1.5840e-15 0.1874
2.5396e-15 0.1986
4.4133e-15 0.1858
7.9555e-15 0.1575
1.2681e-14 0.1625
7.3108e-15 0.1964
3.7566e-16 0.4034
3.0954e-16 0.4507
0.0000e+00 1.0000
4.9141e-16 0.3382
1.4216e-15 0.3840
9.7296e-16 0.4617
1.3089e-15 0.3527
7.5593e-16 0.3197
1.6665e-15 0.4571
4.6156e-16 0.3635
1.0312e-15 0.3594
9.2956e-16 0.3723
6.9024e-16 0.2982
3.1396e-15 0.3678
1.2474e-15 0.2806
2.0140e-15 0.2846
1.2665e-15 0.3193
1.8371e-15 0.2319
1.7030e-15 0.4419
1.1721e-15 0.4415
1.0017e-15 0.3521
0.0000e+00 1.0000
3.0002e-15 0.3022
1.4688e-15 0.2441
3.0800e-15 0.2841
2.9171e-15 0.2575
2.9255e-15 0.2274
3.2756e-16 0.4973
6.9111e-16 0.4635
1.0066e-15 0.3618
1.0094e-15 0.2524
2.8593e-15 0.3012
4.8540e-15 0.2513
4.6651e-15 0.2131
3.6246e-15 0.1817
4.1188e-15 0.2096
4.8866e-16 0.3837
1.3089e-15 0.3878
1.5509e-15 0.3900
2.8284e-15 0.2394
2.6737e-15 0.1974
4.3078e-15 0.1719
8.0666e-15 0.1651
1.0351e-14 0.1488
5.6058e-15 0.1814
9.4301e-16 0.4969
5.5047e-16 0.3615
1.1906e-15 0.2381
2.3462e-15 0.1913
6.3511e-15 0.1789
5.4807e-15 0.2136
1.6681e-14 0.1375
2.0808e-14 0.1392
1.2846e-14 0.1346
0.0000e+00 1.0000
1.1810e-15 0.4661
1.8804e-15 0.3342
3.1104e-15 0.3217
7.1490e-15 0.2405
6.4286e-15 0.1591
2.0554e-14 0.1241
3.0299e-14 0.1126
2.0707e-14 0.1245
7.6232e-16 0.3435
1.5284e-15 0.3592
1.8267e-15 0.2927
2.6808e-15 0.3171
4.4869e-15 0.1999
6.3497e-15 0.1570
1.4074e-14 0.1478
1.9041e-14 0.1317
1.3523e-14 0.1507
4.6056e-16 0.4798
1.8168e-15 0.3987
2.1407e-15 0.2943
2.8248e-15 0.2805
2.5231e-15 0.2292
5.8151e-15 0.1713
7.4600e-15 0.1832
1.0531e-14 0.1596
8.2164e-15 0.1854
0.0000e+00 1.0000
0.0000e+00 1.0000
4.4635e-16 0.3523
8.2934e-16 0.2589
5.8384e-16 0.3316
8.5070e-16 0.3377
7.8100e-16 0.3019
8.9074e-16 0.3731
8.4464e-16 0.2804
5.5637e-16 0.3711
6.6237e-16 0.3867
8.2073e-16 0.2674
1.0869e-15 0.4512
2.2099e-15 0.2841
1.3329e-15 0.2697
1.5986e-15 0.3753
1.3535e-15 0.4027
2.2611e-15 0.3366
2.0531e-15 0.3914
0.0000e+00 1.0000
8.5741e-16 0.4884
2.4361e-16 0.3805
1.6121e-15 0.3464
9.8614e-16 0.2500
2.8013e-15 0.3446
3.6975e-15 0.3109
1.9230e-15 0.2206
2.2445e-16 0.3501
1.5925e-15 0.4072
8.3882e-16 0.3503
9.2545e-16 0.3462
2.3118e-15 0.2843
4.9916e-15 0.3250
3.5753e-15 0.2340
4.0652e-15 0.1704
4.2903e-15 0.2450
1.6151e-15 0.3201
1.4157e-15 0.2658
1.6930e-15 0.3795
2.8658e-15 0.2976
4.1292e-15 0.2356
4.5837e-15 0.2060
7.7752e-15 0.1656
1.0422e-14 0.1844
5.9772e-15 0.1828
5.9766e-16 0.3704
3.7694e-16 0.3356
1.6526e-15 0.3019
2.7392e-15 0.2676
4.7003e-15 0.1851
6.3235e-15 0.1723
1.2747e-14 0.1390
1.8051e-14 0.1160
9.2522e-15 0.1456
5.3646e-16 0.4969
1.6826e-15 0.4019
1.4509e-15 0.3189
3.5941e-15 0.3698
6.4297e-15 0.2023
9.0520e-15 0.1753
1.2877e-14 0.1428
2.8853e-14 0.1105
1.7982e-14 0.1426
1.3223e-15 0.3153
8.4135e-16 0.4169
1.8068e-15 0.2711
3.1952e-15 0.2659
4.8447e-15 0.2466
8.3638e-15 0.1829
1.0721e-14 0.1342
1.5360e-14 0.1314
1.2688e-14 0.1398
6.8780e-16 0.3790
1.2545e-15 0.3071
1.3262e-15 0.3384
1.6955e-15 0.2326
3.3580e-15 0.2402
7.2649e-15 0.1745
6.1016e-15 0.1724
1.1874e-14 0.1831
6.1055e-15 0.2071
4.5560e-16 0.4088
0.0000e+00 1.0000
2.8293e-16 0.4740
1.9932e-15 0.3928
1.5112e-15 0.4636
1.3616e-15 0.4960
1.4435e-15 0.4206
1.4283e-15 0.3331
0.0000e+00 1.0000
6.8340e-16 0.4480
0.0000e+00 1.0000
6.6873e-16 0.3862
9.8939e-16 0.4415
1.8318e-15 0.2863
1.3356e-15 0.3128
1.5124e-15 0.3673
1.2691e-15 0.3244
1.5619e-15 0.3204
1.4871e-15 0.4732
4.2160e-16 0.4378
5.7205e-16 0.4039
7.0387e-16 0.3036
1.3277e-15 0.3457
1.3646e-15 0.3774
2.7753e-15 0.2786
2.9252e-15 0.2950
3.0187e-15 0.2792
1.0331e-15 0.3625
7.2580e-16 0.3443
1.0309e-15 0.3092
1.1884e-15 0.2966
1.5169e-15 0.2096
3.1300e-15 0.3684
5.0967e-15 0.2143
3.0930e-15 0.1840
2.7127e-15 0.2063
7.5899e-16 0.3536
0.0000e+00 1.0000
2.7032e-15 0.2868
1.9283e-15 0.2949
3.9027e-15 0.2840
4.5952e-15 0.2272
6.3048e-15 0.1733
6.7569e-15 0.1939
5.4239e-15 0.1827
4.6445e-16 0.4369
8.4734e-16 0.2695
2.4271e-15 0.2937
3.3482e-15 0.2549
4.1491e-15 0.2632
5.8688e-15 0.1771
1.2149e-14 0.1604
1.4435e-14 0.1425
1.1093e-14 0.1642
6.2031e-16 0.4397
0.0000e+00 1.0000
2.0964e-15 0.3100
4.2524e-15 0.2649
7.4815e-15 0.2416
7.8165e-15 0.2249
1.4730e-14 0.1399
2.3880e-14 0.1306
1.3285e-14 0.1535
1.5805e-15 0.4420
1.3227e-15 0.3195
1.7356e-15 0.3984
3.0253e-15 0.2883
4.7726e-15 0.1979
7.7340e-15 0.2169
1.2586e-14 0.1412
1.5856e-14 0.1400
9.4396e-15 0.1917
5.9573e-16 0.3078
1.7019e-15 0.3724
1.3545e-15 0.3517
2.8602e-15 0.2405
3.9648e-15 0.2146
5.0085e-15 0.1864
6.1728e-15 0.2310
1.0384e-14 0.1825
7.0590e-15 0.1748
6.0412e-16 0.3559
0.0000e+00 1.0000
3.7114e-16 0.3700
1.8650e-15 0.4889
1.0720e-15 0.3084
8.9242e-16 0.4276
5.5201e-16 0.4976
1.3696e-15 0.3527
0.0000e+00 1.0000
4.7491e-16 0.4086
0.0000e+00 1.0000
0.0000e+00 1.0000
7.3360e-16 0.3055
1.4922e-15 0.4735
1.4641e-15 0.4569
2.0890e-15 0.3480
2.4723e-15 0.3298
1.1568e-15 0.2654
1.2264e-15 0.3561
1.9608e-16 0.3743
4.3894e-16 0.3139
8.7791e-16 0.2962
1.2343e-15 0.4014
2.8225e-15 0.4007
2.0589e-15 0.2854
3.7355e-15 0.2895
3.1330e-15 0.2639
3.2724e-16 0.3502
9.4467e-16 0.3747
1.1254e-15 0.2897
1.4280e-15 0.4717
2.5653e-15 0.2729
3.1371e-15 0.3130
4.8993e-15 0.2183
4.9636e-15 0.1608
3.0633e-15 0.2001
1.1907e-15 0.3717
0.0000e+00 1.0000
1.7616e-15 0.2672
2.2278e-15 0.3238
4.0101e-15 0.1898
4.3315e-15 0.1846
5.4000e-15 0.1866
7.9809e-15 0.1997
5.5997e-15 0.1974
2.9046e-16 0.4664
1.2077e-15 0.3412
1.9551e-15 0.4583
2.7394e-15 0.3192
3.5413e-15 0.2216
4.4165e-15 0.1752
9.4356e-15 0.1935
1.6548e-14 0.1400
1.0234e-14 0.1600
3.0779e-16 0.3325
1.2708e-15 0.3943
1.4680e-15 0.3656
3.4033e-15 0.3083
3.6320e-15 0.2626
5.9656e-15 0.1883
1.2697e-14 0.1403
1.8317e-14 0.1377
1.0074e-14 0.1507
0.0000e+00 1.0000
1.5178e-15 0.3159
3.4606e-15 0.3918
3.0706e-15 0.2516
4.5440e-15 0.2794
3.7803e-15 0.1862
9.4475e-15 0.1491
1.3318e-14 0.1281
1.1460e-14 0.1651
0.0000e+00 1.0000
9.4904e-16 0.4519
1.2308e-15 0.3091
2.1283e-15 0.2608
2.4229e-15 0.2570
4.5242e-15 0.1890
6.1569e-15 0.1979
8.3256e-15 0.1804
4.2834e-15 0.2009
6.3241e-16 0.4886
4.0683e-16 0.4425
0.0000e+00 1.0000
1.8080e-15 0.4224
1.0974e-15 0.2624
1.0626e-15 0.3426
1.1419e-15 0.4682
6.3659e-16 0.4033
9.9315e-16 0.4263
0.0000e+00 1.0000
0.0000e+00 1.0000
0.0000e+00 1.0000
0.0000e+00 1.0000
6.0996e-16 0.3190
0.0000e+00 1.0000
2.2777e-15 0.3502
1.9260e-15 0.3761
4.3470e-16 0.2375
0.0000e+00 1.0000
5.0426e-16 0.4774
0.0000e+00 1.0000
1.0700e-15 0.3618
1.3850e-15 0.4102
1.7315e-15 0.3153
3.0847e-15 0.3403
2.1517e-15 0.2415
2.5460e-15 0.3065
2.1587e-16 0.3733
1.0092e-15 0.3781
9.1060e-16 0.2671
9.5566e-16 0.2561
2.0839e-15 0.2936
3.7134e-15 0.3223
4.6248e-15 0.2395
4.9126e-15 0.2012
2.8482e-15 0.2821
3.6031e-16 0.3553
1.6226e-15 0.4374
1.6547e-15 0.3224
2.3683e-15 0.2818
4.0986e-15 0.2348
4.3535e-15 0.2271
5.8645e-15 0.1954
5.5346e-15 0.1943
4.8934e-15 0.2171
6.4476e-16 0.3092
1.2405e-15 0.4863
1.4772e-15 0.3302
1.5962e-15 0.2379
4.3957e-15 0.2355
6.2795e-15 0.1902
8.2712e-15 0.1857
1.2199e-14 0.1390
7.4257e-15 0.1691
8.0465e-16 0.4994
8.0748e-16 0.4491
1.6622e-15 0.2903
4.5528e-15 0.2743
4.1612e-15 0.2374
6.2468e-15 0.2228
1.3173e-14 0.1766
1.5426e-14 0.1537
1.3079e-14 0.1641
1.5905e-15 0.4386
7.2868e-16 0.3945
1.5187e-15 0.2287
1.6547e-15 0.3616
5.0266e-15 0.3113
6.1246e-15 0.1965
1.2274e-14 0.1514
1.1053e-14 0.1639
9.4903e-15 0.1859
8.3847e-16 0.3792
0.0000e+00 1.0000
2.2382e-15 0.4795
2.6195e-15 0.3890
3.1746e-15 0.2159
5.4962e-15 0.2537
6.3993e-15 0.2058
7.4375e-15 0.1895
5.6790e-15 0.2661
3.3058e-16 0.3760
9.0005e-17 0.4686
1.1131e-15 0.4945
2.2722e-15 0.3857
8.8048e-16 0.3233
4.8055e-16 0.3001
0.0000e+00 1.0000
2.8916e-15 0.4429
7.7072e-16 0.3067
3.0995e-16 0.3451
0.0000e+00 1.0000
2.9095e-16 0.3664
8.4327e-16 0.3844
8.3365e-16 0.3226
1.7379e-15 0.4495
1.6287e-15 0.4139
1.0375e-15 0.3056
9.8118e-16 0.3486
8.0957e-16 0.3240
7.1161e-16 0.3761
6.1288e-16 0.4035
0.0000e+00 1.0000
1.3251e-15 0.3651
1.3863e-15 0.3186
3.7879e-15 0.3107
2.3206e-15 0.3128
1.7371e-15 0.2265
3.9860e-16 0.4242
8.8687e-16 0.3871
1.0826e-15 0.2792
1.5696e-15 0.2786
1.5225e-15 0.2472
1.9173e-15 0.2175
3.1650e-15 0.2084
6.9571e-15 0.2512
2.2190e-15 0.1795
3.4632e-16 0.3420
9.1611e-16 0.2971
1.4182e-15 0.2843
2.5397e-15 0.2476
2.8773e-15 0.3027
3.7239e-15 0.1917
4.7901e-15 0.2086
6.8287e-15 0.2449
3.9584e-15 0.2013
1.3262e-15 0.4402
7.3874e-16 0.3874
1.1791e-15 0.3747
1.8245e-15 0.2956
2.4077e-15 0.2350
5.1889e-15 0.1735
7.5708e-15 0.2352
1.0514e-14 0.1634
6.8577e-15 0.1969
0.0000e+00 1.0000
9.2574e-16 0.3887
1.5926e-15 0.2909
3.1524e-15 0.2945
3.2652e-15 0.2938
5.5977e-15 0.2242
9.9763e-15 0.1653
1.5898e-14 0.1569
1.0855e-14 0.1746
9.7196e-16 0.4018
9.2049e-16 0.4326
1.9805e-15 0.2469
4.3287e-15 0.2825
4.5232e-15 0.2420
4.9899e-15 0.2229
8.5339e-15 0.1930
1.2428e-14 0.1683
6.8711e-15 0.1677
0.0000e+00 1.0000
7.0181e-16 0.3676
1.3375e-15 0.2805
1.2313e-15 0.2308
3.1837e-15 0.2353
3.7150e-15 0.2598
4.7264e-15 0.2417
8.7904e-15 0.2350
5.7176e-15 0.1910
0.0000e+00 1.0000
0.0000e+00 1.0000
5.4623e-16 0.3973
1.5425e-15 0.3830
0.0000e+00 1.0000
5.9873e-16 0.3735
2.5238e-15 0.4954
7.1468e-16 0.3317
9.2747e-16 0.3290
2.3116e-16 0.4244
3.6164e-16 0.4411
1.2373e-15 0.4733
5.5178e-16 0.3143
1.2275e-15 0.4311
0.0000e+00 1.0000
1.7605e-15 0.3997
2.3090e-15 0.3250
1.7901e-15 0.3107
8.4518e-16 0.3797
6.9137e-16 0.3441
1.5075e-15 0.3884
1.2858e-15 0.4611
1.8573e-15 0.3561
1.6512e-15 0.3010
1.8975e-15 0.3021
2.2274e-15 0.2501
2.8002e-15 0.2446
5.0128e-16 0.3824
9.3073e-16 0.3875
1.2412e-15 0.2912
1.0799e-15 0.3138
1.5840e-15 0.2648
3.6344e-15 0.3044
2.8332e-15 0.2369
4.3150e-15 0.3338
4.1746e-15 0.3129
1.3778e-15 0.4324
1.3157e-15 0.2988
1.6303e-15 0.3526
2.0565e-15 0.3223
1.8603e-15 0.4047
4.7738e-15 0.1989
4.3357e-15 0.2401
6.0038e-15 0.2828
5.5446e-15 0.2253
7.9433e-16 0.3862
1.1480e-15 0.3655
7.0010e-16 0.4184
4.6904e-15 0.3065
3.9097e-15 0.2392
5.0835e-15 0.2287
9.5593e-15 0.1825
9.8864e-15 0.1823
9.0165e-15 0.2070
3.9460e-16 0.3588
2.0329e-15 0.4212
2.2386e-15 0.3838
2.5632e-15 0.3089
2.8819e-15 0.3031
4.6363e-15 0.2245
9.3751e-15 0.1875
9.7315e-15 0.1685
9.6877e-15 0.1700
0.0000e+00 1.0000
9.2675e-16 0.3002
8.2782e-16 0.2896
1.9891e-15 0.4341
2.5756e-15 0.3176
3.4123e-15 0.3064
9.5066e-15 0.1692
1.1369e-14 0.1751
7.3114e-15 0.1571
0.0000e+00 1.0000
6.1057e-16 0.3716
1.8357e-15 0.3128
2.1803e-15 0.3304
2.4280e-15 0.2146
2.4592e-15 0.2985
4.6326e-15 0.1934
6.3502e-15 0.2048
6.2466e-15 0.2272
4.7398e-16 0.4450
0.0000e+00 1.0000
1.7790e-15 0.4223
0.0000e+00 1.0000
5.5924e-16 0.4052
1.3126e-15 0.4328
0.0000e+00 1.0000
1.0342e-15 0.3356
1.0774e-15 0.3359
0.0000e+00 1.0000
3.7737e-16 0.4612
0.0000e+00 1.0000
7.2217e-16 0.3162
1.3573e-15 0.4543
0.0000e+00 1.0000
2.6327e-15 0.3618
1.1670e-15 0.3894
2.1413e-15 0.3433
7.0687e-16 0.4536
5.9444e-16 0.3009
5.1325e-16 0.4769
1.0957e-15 0.3116
2.5139e-15 0.3123
2.0850e-15 0.2822
2.0211e-15 0.2184
2.6867e-15 0.2658
1.3930e-15 0.2396
1.0934e-15 0.4449
2.2888e-16 0.4354
5.3824e-16 0.3065
1.8170e-15 0.3570
2.2644e-15 0.2797
1.6095e-15 0.2451
1.8891e-15 0.3643
5.1136e-15 0.2564
2.0358e-15 0.2313
6.8007e-16 0.4932
2.5058e-15 0.4565
8.9160e-16 0.2945
1.2956e-15 0.3042
2.8843e-15 0.2724
4.6018e-15 0.2819
5.0029e-15 0.2287
6.0776e-15 0.2328
4.3859e-15 0.2019
1.1469e-15 0.4815
7.5425e-16 0.4575
1.0246e-15 0.4423
1.7821e-15 0.2756
1.8593e-15 0.2649
4.2629e-15 0.1991
7.2810e-15 0.2127
1.0179e-14 0.2046
6.5312e-15 0.1864
1.1506e-15 0.4833
8.5950e-16 0.2623
2.3476e-15 0.3346
3.7211e-15 0.2751
2.3771e-15 0.2454
5.7697e-15 0.2744
7.6541e-15 0.1819
1.0313e-14 0.1842
8.7384e-15 0.2203
7.0822e-16 0.3328
1.0822e-15 0.3781
2.9131e-15 0.3006
4.5284e-15 0.3660
3.3492e-15 0.3142
5.6219e-15 0.2172
7.7482e-15 0.1983
8.0616e-15 0.1991
6.1500e-15 0.1639
3.6963e-16 0.4233
1.8677e-15 0.4174
8.6086e-16 0.4276
2.5569e-15 0.3103
2.6708e-15 0.2147
4.5286e-15 0.2335
4.7182e-15 0.2149
6.0160e-15 0.1957
5.2592e-15 0.2281
0.0000e+00 1.0000
5.6121e-16 0.3523
4.8251e-16 0.3530
1.1553e-16 0.4932
7.0341e-16 0.3427
6.4138e-16 0.2777
0.0000e+00 1.0000
9.7472e-16 0.2962
9.5601e-16 0.3329
1.2164e-16 0.4240
3.3867e-16 0.3765
8.1699e-16 0.3845
4.7188e-16 0.3612
0.0000e+00 1.0000
0.0000e+00 1.0000
7.6621e-16 0.2601
1.4396e-15 0.4388
1.5540e-15 0.4214
0.0000e+00 1.0000
0.0000e+00 1.0000
0.0000e+00 1.0000
1.0934e-15 0.3965
1.4718e-15 0.4183
1.0909e-15 0.4470
3.0970e-15 0.2939
2.2640e-15 0.2642
2.5708e-15 0.3402
1.3287e-15 0.3671
0.0000e+00 1.0000
0.0000e+00 1.0000
1.6691e-15 0.3329
1.8281e-15 0.3540
3.7661e-15 0.2785
1.3992e-15 0.2363
2.5287e-15 0.2373
2.2903e-15 0.2473
1.3497e-15 0.3519
1.4219e-15 0.2724
1.2468e-15 0.3048
1.8710e-15 0.2463
1.5276e-15 0.2818
4.5675e-15 0.2434
4.6698e-15 0.2997
6.0123e-15 0.3047
3.9558e-15 0.1826
9.9885e-16 0.4413
0.0000e+00 1.0000
8.1081e-16 0.3502
2.2600e-15 0.3375
2.6060e-15 0.2673
3.1505e-15 0.2547
7.3613e-15 0.2679
8.9963e-15 0.2315
6.1502e-15 0.1997
1.4296e-15 0.4348
1.3270e-15 0.4323
3.4469e-15 0.3721
2.1347e-15 0.2811
2.0780e-15 0.2997
4.7501e-15 0.2755
9.2042e-15 0.1763
9.1946e-15 0.2017
8.6277e-15 0.2161
1.0196e-15 0.3312
9.7216e-16 0.3422
1.3394e-15 0.3573
1.4124e-15 0.2698
2.0229e-15 0.2946
3.1751e-15 0.2324
9.8581e-15 0.2076
7.4005e-15 0.1942
5.3181e-15 0.2584
5.3572e-16 0.3879
1.2854e-15 0.4134
1.0160e-15 0.3423
2.3406e-15 0.3139
2.4321e-15 0.2265
4.1147e-15 0.3168
4.4683e-15 0.2095
6.5211e-15 0.2528
5.1129e-15 0.2398
