     9      9     20
d_kernel   u_kernel

2.2584e-16 0.4270
2.6473e-16 0.3428
9.9848e-16 0.4159
4.3569e-16 0.3663
3.7736e-16 0.3866
3.1977e-16 0.4890
4.1661e-16 0.3195
0.0000e+00 1.0000
1.3600e-16 0.4321
5.5003e-16 0.3373
2.7671e-16 0.3454
8.9990e-16 0.2744
1.1916e-15 0.2539
9.7147e-16 0.3102
9.9387e-16 0.3341
1.2075e-15 0.3447
0.0000e+00 1.0000
3.1776e-16 0.4538
3.3765e-16 0.4532
8.7453e-16 0.3279
2.1557e-15 0.2271
2.8245e-15 0.2068
2.7932e-15 0.2123
2.8649e-15 0.1922
1.3235e-15 0.2376
5.8363e-16 0.2776
3.2614e-16 0.4288
9.8771e-16 0.4191
9.1694e-16 0.3070
2.0759e-15 0.2441
5.6631e-12 0.0100
3.0332e-11 0.0048
5.7267e-12 0.0100
2.0430e-15 0.2360
1.0573e-15 0.2632
5.3505e-16 0.3215
9.7588e-16 0.4764
1.4706e-15 0.3385
2.3100e-15 0.2163
3.0166e-11 0.0048
1.3669e-09 0.0003
3.0153e-11 0.0048
3.1555e-15 0.2043
1.2433e-15 0.3308
3.2564e-16 0.3408
5.2249e-16 0.3599
1.0074e-15 0.3087
2.1694e-15 0.2294
5.7765e-12 0.0099
3.0135e-11 0.0048
5.6803e-12 0.0100
2.6889e-15 0.2116
6.0598e-16 0.3269
3.5691e-16 0.3746
8.2089e-16 0.4276
9.9088e-16 0.3589
8.4272e-16 0.2755
2.3439e-15 0.2004
4.4136e-15 0.2142
2.4254e-15 0.2616
1.5743e-15 0.2495
8.0440e-16 0.3041
7.7057e-16 0.3705
1.8215e-16 0.4348
4.0417e-16 0.3618
3.3462e-16 0.3748
6.6568e-16 0.3217
1.1690e-15 0.3300
2.1541e-15 0.3536
8.5197e-16 0.4221
4.5702e-16 0.4558
3.9921e-16 0.3590
0.0000e+00 1.0000
3.2744e-16 0.3673
4.3993e-16 0.4550
5.4067e-16 0.3574
0.0000e+00 1.0000
1.7360e-15 0.3361
9.2162e-16 0.3688
0.0000e+00 1.0000
1.9489e-16 0.4351
3.9307e-16 0.3456
5.0932e-16 0.3613
7.4647e-16 0.3708
3.6810e-16 0.3401
3.7274e-16 0.3442
7.9228e-16 0.4063
6.6415e-16 0.3046
0.0000e+00 1.0000
2.9350e-16 0.3767
5.5329e-16 0.3413
8.4051e-16 0.2889
1.4148e-15 0.2482
1.2336e-15 0.3032
1.1160e-15 0.2202
1.8607e-15 0.3397
8.6198e-16 0.3435
9.0884e-16 0.3663
0.0000e+00 1.0000
4.9286e-16 0.3510
9.1328e-16 0.2857
1.3402e-15 0.2628
3.7326e-15 0.1731
5.3860e-15 0.1647
4.6589e-15 0.2216
2.5300e-15 0.2579
1.5453e-15 0.2758
1.8903e-16 0.4926
9.2709e-16 0.3101
2.1528e-15 0.2287
4.1953e-15 0.2193
1.4603e-11 0.0061
1.1026e-10 0.0024
1.4483e-11 0.0061
3.4079e-15 0.2225
7.8114e-16 0.2776
6.1733e-16 0.4111
4.9161e-16 0.4418
1.4442e-15 0.3632
4.9959e-15 0.1707
1.1053e-10 0.0024
1.5268e-09 0.0003
1.1030e-10 0.0024
3.5939e-15 0.1805
1.2445e-15 0.3359
8.7043e-16 0.2735
5.0202e-16 0.2906
9.7908e-16 0.2913
3.2619e-15 0.2304
1.4620e-11 0.0061
1.1092e-10 0.0024
1.4478e-11 0.0061
3.8732e-15 0.1997
1.1086e-15 0.2411
6.2004e-16 0.2626
0.0000e+00 1.0000
6.1192e-16 0.2950
1.5876e-15 0.2828
3.7172e-15 0.1937
4.0068e-15 0.2041
4.7125e-15 0.2145
1.2962e-15 0.2292
1.1200e-15 0.2517
6.6259e-16 0.3477
0.0000e+00 1.0000
1.0332e-15 0.4530
1.6831e-15 0.2949
1.7837e-15 0.3176
1.8140e-15 0.3037
1.4252e-15 0.2485
0.0000e+00 1.0000
5.9629e-16 0.3803
4.6859e-16 0.3465
2.0185e-16 0.4696
4.5692e-16 0.3934
6.6154e-16 0.3693
1.2336e-15 0.4968
4.9818e-16 0.3518
5.9419e-16 0.3240
4.5719e-16 0.4388
0.0000e+00 1.0000
2.0072e-16 0.4580
5.4502e-16 0.4640
3.9632e-16 0.4309
0.0000e+00 1.0000
3.7423e-16 0.3240
8.7639e-16 0.2719
4.8301e-16 0.3192
1.0124e-15 0.4383
3.7130e-16 0.3649
0.0000e+00 1.0000
0.0000e+00 1.0000
7.7875e-16 0.3111
1.9845e-15 0.2289
2.0202e-15 0.3117
2.5479e-15 0.3373
2.1667e-15 0.3291
1.2028e-15 0.2689
3.8564e-16 0.4297
3.3995e-16 0.3886
8.5518e-16 0.4260
1.0531e-15 0.4262
2.1905e-15 0.2127
3.6575e-15 0.1478
4.6247e-15 0.1943
3.6632e-15 0.2121
2.6218e-15 0.2626
1.0170e-15 0.3197
5.7546e-16 0.3877
5.0634e-16 0.4288
1.5160e-15 0.2855
4.3694e-15 0.2060
8.5126e-12 0.0072
1.0016e-10 0.0024
8.4181e-12 0.0072
3.3827e-15 0.2533
9.8948e-16 0.3341
4.2061e-16 0.4283
7.3816e-16 0.3371
2.9456e-15 0.2904
5.7609e-15 0.1560
9.9782e-11 0.0024
9.2949e-10 0.0007
9.9734e-11 0.0024
4.6032e-15 0.1871
2.1060e-15 0.2127
1.2930e-15 0.2547
8.1941e-16 0.3616
1.3844e-15 0.3107
4.2497e-15 0.1605
8.4521e-12 0.0072
1.0015e-10 0.0024
8.5984e-12 0.0072
3.3898e-15 0.1944
1.6042e-15 0.2995
1.5421e-15 0.3183
6.9807e-16 0.3943
9.3990e-16 0.2925
2.0752e-15 0.2361
5.0952e-15 0.1808
6.3015e-15 0.2019
4.8986e-15 0.1760
2.4139e-15 0.2232
1.0151e-15 0.2963
1.0282e-15 0.4408
4.2674e-16 0.3899
6.4602e-16 0.3507
9.2897e-16 0.4256
1.7805e-15 0.2402
1.6462e-15 0.2290
2.2604e-15 0.2486
1.8157e-15 0.3490
4.7720e-16 0.3601
6.2519e-16 0.3499
0.0000e+00 1.0000
4.4663e-16 0.3913
4.2999e-16 0.4057
7.4762e-16 0.3525
8.7445e-16 0.3207
7.1528e-16 0.4379
6.8318e-16 0.4996
4.1023e-16 0.3867
1.7315e-16 0.4780
7.9891e-16 0.3518
9.2467e-16 0.2887
7.9172e-16 0.3279
2.7916e-15 0.3620
1.2735e-15 0.4737
8.5733e-16 0.4249
4.8657e-16 0.3475
5.8306e-16 0.3203
2.0904e-16 0.3374
4.4509e-16 0.3077
1.0284e-15 0.3173
1.2994e-15 0.2332
2.2958e-15 0.2677
1.3484e-15 0.3863
7.2982e-16 0.2877
1.1282e-15 0.3249
7.2025e-16 0.2572
3.9923e-16 0.3872
5.2252e-16 0.4384
6.9165e-16 0.2624
3.4341e-15 0.3263
5.8787e-15 0.2138
4.7006e-15 0.1518
4.8051e-15 0.1545
2.5848e-15 0.1898
1.2889e-15 0.2851
5.7531e-16 0.4000
6.1481e-16 0.3375
1.6587e-15 0.2664
3.8010e-15 0.1811
3.4889e-13 0.0278
1.0589e-11 0.0059
3.5796e-13 0.0273
4.1573e-15 0.2012
2.1642e-15 0.3247
5.2468e-16 0.4583
1.4129e-15 0.3625
2.6786e-15 0.3356
4.0153e-15 0.1702
1.0541e-11 0.0059
1.8427e-10 0.0016
1.0424e-11 0.0060
5.3757e-15 0.1490
1.5313e-15 0.2116
1.0065e-15 0.2777
8.0838e-16 0.3492
2.3047e-15 0.2819
4.5487e-15 0.1438
3.6410e-13 0.0274
1.0515e-11 0.0060
3.6212e-13 0.0274
4.6412e-15 0.1819
1.3837e-15 0.2245
7.9825e-16 0.4373
6.7445e-16 0.3602
1.3450e-15 0.2735
2.8904e-15 0.2374
3.3990e-15 0.1852
6.7814e-15 0.1670
4.1403e-15 0.2028
2.0363e-15 0.1949
6.5469e-16 0.3509
5.1917e-16 0.4236
4.0453e-16 0.4203
9.6078e-16 0.3177
1.4784e-15 0.3433
1.9832e-15 0.3085
3.3077e-15 0.3302
1.6902e-15 0.3143
1.7239e-15 0.3145
5.8927e-16 0.2855
4.4032e-16 0.3472
1.3893e-16 0.4512
9.3593e-16 0.3653
9.9828e-16 0.4632
1.1582e-15 0.3162
1.0784e-15 0.3437
7.2186e-16 0.2879
1.2776e-15 0.3506
0.0000e+00 1.0000
0.0000e+00 1.0000
0.0000e+00 1.0000
5.0247e-16 0.4118
6.8452e-16 0.3392
8.9277e-16 0.3140
7.7515e-16 0.3738
3.8156e-16 0.3629
5.3193e-16 0.3926
3.1911e-16 0.3929
3.8069e-16 0.4762
6.6228e-16 0.3774
1.7024e-15 0.3773
1.5853e-15 0.2712
2.9351e-15 0.3493
1.8730e-15 0.2264
1.6660e-15 0.2529
1.7393e-15 0.2976
1.0780e-15 0.3486
9.4765e-16 0.3598
6.9784e-16 0.2858
1.6188e-15 0.2489
1.9834e-15 0.2196
4.6584e-15 0.2058
5.0019e-15 0.1316
6.5179e-15 0.1406
2.5524e-15 0.2007
1.4226e-15 0.2570
9.8483e-16 0.4686
8.8383e-16 0.3095
2.0627e-15 0.2362
4.4715e-15 0.2107
1.3496e-14 0.1112
2.7454e-14 0.0761
1.5603e-14 0.1087
4.7828e-15 0.1663
1.7639e-15 0.2077
1.2363e-15 0.4554
1.0926e-15 0.2305
1.8574e-15 0.2704
5.6062e-15 0.1556
2.9497e-14 0.0764
3.5814e-13 0.0243
2.4962e-14 0.0754
5.6157e-15 0.1681
1.5503e-15 0.2491
6.9564e-16 0.3257
2.8772e-16 0.3555
1.5263e-15 0.2539
5.2997e-15 0.1788
1.2793e-14 0.0999
2.5322e-14 0.0716
1.3175e-14 0.1051
5.3961e-15 0.1643
1.0026e-15 0.2638
5.7150e-16 0.3261
6.9223e-16 0.3955
1.4510e-15 0.2840
2.0513e-15 0.2857
3.2985e-15 0.1799
5.1008e-15 0.1553
3.7290e-15 0.1596
2.2310e-15 0.2023
1.0006e-15 0.3177
6.2532e-16 0.2833
3.5347e-16 0.4912
5.1630e-16 0.3330
7.8458e-16 0.2369
1.6463e-15 0.3142
3.0097e-15 0.2941
1.7071e-15 0.2520
1.1929e-15 0.2962
6.8104e-16 0.3495
2.8592e-16 0.4559
0.0000e+00 1.0000
2.3689e-16 0.3874
5.4945e-16 0.3171
1.2409e-15 0.4238
2.1219e-15 0.3764
9.1401e-16 0.3265
8.9857e-16 0.4872
3.7969e-16 0.3806
0.0000e+00 1.0000
3.3206e-16 0.3672
5.4103e-16 0.3071
1.6047e-15 0.3931
1.1680e-15 0.3141
4.3575e-16 0.3350
8.3193e-16 0.4909
8.9898e-16 0.4962
5.2121e-16 0.3190
5.4394e-16 0.4863
5.2464e-16 0.4071
1.4124e-15 0.3125
2.0141e-15 0.4225
2.9180e-15 0.2509
1.4732e-15 0.2162
2.1414e-15 0.2188
1.2377e-15 0.2656
1.2138e-15 0.3324
6.0103e-16 0.3763
5.2137e-16 0.3898
9.9263e-16 0.3226
3.0442e-15 0.2065
4.8900e-15 0.1532
6.5256e-15 0.1432
5.2959e-15 0.1487
3.2594e-15 0.2155
9.2830e-16 0.2880
6.8709e-16 0.4539
1.3646e-15 0.2715
2.0674e-15 0.2745
3.6736e-15 0.2064
1.1049e-14 0.1364
1.8892e-14 0.0893
9.7275e-15 0.1060
4.3507e-15 0.1460
1.2288e-15 0.2409
5.2845e-16 0.3248
1.0633e-15 0.3657
1.9147e-15 0.2183
6.1471e-15 0.1836
1.6819e-14 0.0829
3.8399e-14 0.0640
2.0591e-14 0.0959
5.6309e-15 0.1480
1.3890e-15 0.2334
8.7403e-16 0.3147
4.6684e-16 0.3470
9.6590e-16 0.2460
4.4895e-15 0.1782
1.1625e-14 0.0957
1.9027e-14 0.0854
1.0010e-14 0.1149
4.8582e-15 0.1804
1.6424e-15 0.3020
3.5315e-16 0.4339
9.5519e-16 0.4016
9.5347e-16 0.2227
2.5119e-15 0.2097
3.6035e-15 0.1527
5.0830e-15 0.1722
3.6202e-15 0.1384
2.0407e-15 0.2031
1.4430e-15 0.3315
4.9209e-16 0.3806
6.2890e-16 0.3414
7.3045e-16 0.4686
7.2501e-16 0.3229
2.0575e-15 0.2305
1.7150e-15 0.2404
2.0545e-15 0.2945
8.8360e-16 0.2372
6.6262e-16 0.2786
0.0000e+00 1.0000
5.3461e-16 0.3827
5.8836e-16 0.4003
5.8682e-16 0.2895
3.8046e-16 0.3282
2.7534e-15 0.3022
7.3214e-16 0.3666
6.8859e-16 0.4265
6.5078e-16 0.3976
4.7204e-16 0.3889
6.1623e-16 0.3053
7.1489e-16 0.3524
1.1488e-15 0.4708
1.6497e-15 0.3523
5.6225e-16 0.3037
7.5346e-16 0.3778
5.3896e-16 0.2961
3.2004e-16 0.3290
3.3468e-16 0.4835
4.5369e-16 0.3933
1.0936e-15 0.4137
1.3466e-15 0.2512
1.8265e-15 0.2401
1.9504e-15 0.4266
1.5754e-15 0.2444
1.3360e-15 0.2612
8.7006e-16 0.2558
5.2573e-16 0.3471
4.6961e-16 0.3161
1.2638e-15 0.2672
3.8386e-15 0.2515
3.3552e-15 0.1449
7.4259e-15 0.1762
5.6279e-15 0.1946
2.8534e-15 0.2483
1.8412e-15 0.2648
5.0689e-16 0.3111
9.6314e-16 0.3369
9.3277e-16 0.2587
4.2871e-15 0.2022
1.0657e-14 0.1478
1.5275e-14 0.0933
9.8192e-15 0.1258
3.4457e-15 0.1600
3.5943e-15 0.2918
3.9588e-16 0.3208
1.3054e-15 0.3175
2.0048e-15 0.2182
5.3693e-15 0.1754
1.3681e-14 0.1128
2.9464e-14 0.0770
1.4028e-14 0.0978
6.2475e-15 0.1414
1.1794e-15 0.2185
8.1345e-16 0.3679
8.5697e-16 0.2814
2.5623e-15 0.2932
4.4911e-15 0.1601
9.0622e-15 0.1102
1.3293e-14 0.1043
8.1089e-15 0.1272
3.4292e-15 0.1365
1.6614e-15 0.2347
6.9756e-16 0.3681
8.4360e-16 0.2881
1.3592e-15 0.2393
1.8735e-15 0.2215
3.7098e-15 0.1422
6.7048e-15 0.1713
3.2524e-15 0.1784
2.8411e-15 0.2256
1.5368e-15 0.2404
4.6983e-16 0.3820
9.5677e-16 0.3632
0.0000e+00 1.0000
7.5614e-16 0.3023
2.2557e-15 0.2599
2.2276e-15 0.2553
1.1709e-15 0.2304
1.1026e-15 0.2549
9.1155e-16 0.4367
1.1635e-15 0.4297
0.0000e+00 1.0000
3.4333e-16 0.4742
9.2688e-16 0.2927
6.0542e-16 0.3335
1.0548e-15 0.2979
8.7106e-16 0.2858
9.9006e-16 0.3709
4.2844e-16 0.3657
7.5785e-16 0.4329
7.7413e-16 0.4395
5.1953e-16 0.3492
4.9349e-16 0.3487
7.8457e-16 0.3226
7.4226e-16 0.2667
1.3754e-15 0.3274
8.4304e-16 0.2625
2.4616e-16 0.4096
1.1515e-16 0.4508
5.3164e-16 0.2981
5.9898e-16 0.2819
1.3060e-15 0.2246
1.9549e-15 0.2159
2.5525e-15 0.2263
2.3553e-15 0.2649
1.5257e-15 0.4002
1.6564e-15 0.4026
3.0015e-16 0.4908
5.6294e-16 0.4529
1.6970e-15 0.3507
3.6379e-15 0.2926
3.9185e-15 0.1983
5.5963e-15 0.1817
4.2845e-15 0.1635
1.7521e-15 0.1952
1.0792e-15 0.3073
8.0161e-16 0.3713
9.8442e-16 0.2618
1.1939e-15 0.2854
4.0935e-15 0.2292
9.2602e-15 0.1487
1.0875e-14 0.1342
7.8505e-15 0.1213
3.7886e-15 0.1529
2.6743e-15 0.2044
1.2523e-15 0.3000
1.0610e-15 0.2783
2.4724e-15 0.2837
4.4190e-15 0.1559
1.0290e-14 0.1207
1.8512e-14 0.1007
1.1610e-14 0.1157
4.7824e-15 0.1566
2.0244e-15 0.2863
9.1815e-16 0.2316
1.4622e-15 0.4618
2.2740e-15 0.2460
5.0102e-15 0.1850
6.3245e-15 0.1247
9.8143e-15 0.1085
5.8845e-15 0.1553
3.1179e-15 0.1879
2.0134e-15 0.2895
9.6377e-16 0.3651
6.8511e-16 0.2988
2.0848e-15 0.3248
2.2481e-15 0.1951
2.8881e-15 0.1449
5.9863e-15 0.1733
2.5133e-15 0.1841
2.3651e-15 0.2894
2.5985e-15 0.2681
7.7474e-16 0.2473
9.3398e-16 0.4873
0.0000e+00 1.0000
1.1751e-15 0.3674
1.5079e-15 0.2696
2.1542e-15 0.2134
1.1010e-15 0.2393
1.1392e-15 0.2827
9.6683e-16 0.3078
5.7558e-16 0.3346
0.0000e+00 1.0000
1.2760e-16 0.4166
9.4993e-16 0.3109
1.5618e-15 0.3290
1.1760e-15 0.3472
1.0835e-15 0.3735
7.7981e-16 0.3273
1.9261e-16 0.4727
3.8232e-16 0.3374
5.0927e-16 0.4102
6.6482e-16 0.3795
3.4491e-16 0.2883
7.5911e-16 0.2730
3.1229e-16 0.3459
1.9063e-15 0.3749
6.7283e-16 0.4032
6.9443e-16 0.3123
4.4800e-16 0.3937
7.0445e-16 0.3867
7.0636e-16 0.2673
1.1853e-15 0.2369
1.6453e-15 0.2544
3.7465e-15 0.2725
2.4405e-15 0.2189
1.3788e-15 0.4064
1.3313e-15 0.4575
8.3799e-16 0.3180
6.5053e-16 0.3292
2.2389e-15 0.3947
3.0311e-15 0.2468
3.7973e-15 0.2143
4.5039e-15 0.2019
3.3074e-15 0.2069
2.7705e-15 0.2832
1.6051e-15 0.2865
8.1919e-16 0.3188
9.9849e-16 0.2942
1.7081e-15 0.2723
4.1554e-15 0.1937
6.2542e-15 0.1184
8.0999e-15 0.1376
6.9650e-15 0.1704
2.5923e-15 0.1677
1.4275e-15 0.4500
1.6801e-15 0.3391
1.1382e-15 0.3355
1.6065e-15 0.3476
4.1896e-15 0.1881
8.7896e-15 0.1422
1.5245e-14 0.1349
9.8221e-15 0.1536
4.7711e-15 0.1885
2.0541e-15 0.2306
1.8021e-15 0.3933
1.1096e-15 0.3907
1.2697e-15 0.2742
4.8525e-15 0.1868
6.3767e-15 0.1552
1.0096e-14 0.1569
6.2129e-15 0.1328
2.4250e-15 0.1708
1.2310e-15 0.2323
7.3346e-16 0.2635
8.4161e-16 0.3497
1.2528e-15 0.2749
2.0607e-15 0.1828
3.9446e-15 0.2137
5.0071e-15 0.1487
3.4189e-15 0.1986
2.2637e-15 0.1990
2.1836e-15 0.2593
1.4958e-15 0.3069
5.0479e-16 0.3565
1.2272e-15 0.3787
1.0529e-15 0.2536
1.7059e-15 0.2034
1.3790e-15 0.2348
1.4564e-15 0.2530
2.1904e-15 0.3903
0.0000e+00 1.0000
8.0888e-16 0.3882
6.3086e-16 0.4409
5.1842e-16 0.3639
5.6683e-16 0.4156
1.6916e-15 0.3280
1.1916e-15 0.3266
1.0458e-15 0.4907
8.5208e-16 0.2965
2.7092e-16 0.3648
5.6112e-16 0.3328
5.5573e-16 0.3610
1.0536e-15 0.3455
5.0229e-16 0.3438
1.1076e-15 0.3078
1.7320e-15 0.2779
9.3742e-16 0.4444
7.9501e-16 0.3267
0.0000e+00 1.0000
4.6752e-16 0.4354
0.0000e+00 1.0000
5.6016e-16 0.4147
2.0034e-15 0.3022
2.3919e-15 0.3219
2.2475e-15 0.2429
1.5746e-15 0.2420
1.9350e-15 0.3323
0.0000e+00 1.0000
8.4749e-16 0.3128
6.4445e-16 0.4787
2.0630e-15 0.3627
2.9360e-15 0.2803
3.2213e-15 0.2569
4.7624e-15 0.1904
2.9093e-15 0.2437
3.3323e-15 0.3403
7.5937e-16 0.2699
1.5467e-15 0.2978
7.2032e-16 0.2794
1.8293e-15 0.2414
4.9510e-15 0.1775
6.1301e-15 0.1732
6.2649e-15 0.1244
4.9695e-15 0.1840
4.1481e-15 0.1665
1.7193e-15 0.2324
0.0000e+00 1.0000
8.7598e-16 0.3282
1.7836e-15 0.2938
3.4475e-15 0.2246
7.1930e-15 0.1700
1.1777e-14 0.1347
8.7121e-15 0.1406
3.6971e-15 0.1833
1.8887e-15 0.2257
1.2676e-15 0.2593
1.0560e-15 0.3885
2.0557e-15 0.3074
3.9977e-15 0.2093
5.1505e-15 0.1738
6.7663e-15 0.1509
4.8531e-15 0.1451
2.0235e-15 0.2582
1.1562e-15 0.2302
8.9685e-16 0.3348
1.2247e-15 0.4270
1.6875e-15 0.2625
2.2140e-15 0.2504
4.6166e-15 0.1848
4.6993e-15 0.1726
2.6599e-15 0.1899
1.8511e-15 0.2272
2.0932e-15 0.2025
8.2201e-16 0.2902
1.4327e-15 0.3545
5.4413e-16 0.3475
8.9818e-16 0.2875
1.8488e-15 0.1987
2.3767e-15 0.3243
2.0135e-15 0.2613
2.3551e-15 0.2879
1.6088e-15 0.4644
1.3607e-15 0.3496
0.0000e+00 1.0000
6.4900e-16 0.3495
5.4805e-16 0.3072
1.2003e-15 0.3364
9.9937e-16 0.2785
9.0223e-16 0.2641
5.7401e-16 0.2750
0.0000e+00 1.0000
0.0000e+00 1.0000
3.0862e-16 0.3624
0.0000e+00 1.0000
5.8451e-16 0.3443
2.1142e-15 0.3790
1.2528e-15 0.4055
1.2180e-15 0.2962
9.7661e-16 0.2774
0.0000e+00 1.0000
0.0000e+00 1.0000
5.6121e-16 0.3707
1.7980e-15 0.3519
1.9883e-15 0.3394
1.7808e-15 0.3186
1.2101e-15 0.2239
2.0738e-15 0.3464
2.3680e-15 0.2995
7.0446e-16 0.2554
7.6371e-16 0.2932
0.0000e+00 1.0000
1.3429e-15 0.4308
2.2557e-15 0.3380
2.8504e-15 0.2453
4.1715e-15 0.1930
2.5817e-15 0.2176
2.2740e-15 0.1927
6.9209e-16 0.2620
1.1431e-15 0.3255
1.2366e-15 0.3507
1.7103e-15 0.2327
4.1009e-15 0.2171
5.6902e-15 0.1808
5.8843e-15 0.2113
4.6154e-15 0.1897
2.3109e-15 0.1948
1.2560e-15 0.1969
9.2113e-16 0.3696
1.0430e-15 0.3326
1.3412e-15 0.3149
3.8190e-15 0.2406
6.4493e-15 0.1784
9.9818e-15 0.1459
6.2285e-15 0.1637
3.4107e-15 0.2117
1.3957e-15 0.2229
1.3356e-15 0.3324
9.4035e-16 0.4107
1.6744e-15 0.2687
3.0011e-15 0.1986
5.1218e-15 0.1454
5.8547e-15 0.1792
4.8139e-15 0.1550
1.8960e-15 0.1918
8.1932e-16 0.2833
1.0557e-15 0.3604
6.9502e-16 0.2788
1.9344e-15 0.2463
1.4903e-15 0.2176
4.0992e-15 0.2316
3.3148e-15 0.1621
2.4183e-15 0.2239
1.3034e-15 0.3164
1.6525e-15 0.2519
9.8932e-16 0.4548
1.2179e-15 0.3824
3.6825e-16 0.3209
1.0587e-15 0.2436
1.4353e-15 0.2373
2.9640e-15 0.3611
7.1885e-16 0.2989
1.5614e-15 0.2803
1.3239e-15 0.3067
9.9023e-16 0.4351
1.8769e-16 0.4580
5.4017e-16 0.3525
5.3610e-16 0.2988
1.2383e-15 0.2727
9.3841e-16 0.2993
7.2271e-16 0.2718
7.7796e-16 0.2655
8.0230e-16 0.3791
0.0000e+00 1.0000
5.6342e-16 0.4036
4.0199e-16 0.3827
6.0035e-16 0.3080
1.2903e-15 0.2862
2.3359e-15 0.3538
1.2052e-15 0.3129
6.1662e-16 0.3126
5.2498e-16 0.3303
1.3296e-15 0.4208
1.0779e-15 0.2662
1.7163e-15 0.4503
5.9213e-16 0.2765
1.6972e-15 0.2712
2.6800e-15 0.3282
9.8995e-16 0.3258
1.9390e-15 0.3137
1.5480e-15 0.4680
0.0000e+00 1.0000
5.9066e-16 0.4510
9.0011e-16 0.3228
2.2688e-15 0.3988
2.1076e-15 0.1852
3.5359e-15 0.2070
1.5822e-15 0.2101
3.1934e-15 0.3276
1.5625e-15 0.2284
1.0761e-15 0.3161
7.3376e-16 0.4062
1.6773e-15 0.2224
4.0808e-15 0.2332
5.4477e-15 0.2295
4.8405e-15 0.1949
3.6666e-15 0.2162
2.8098e-15 0.2178
1.0218e-15 0.3225
6.6636e-16 0.2736
0.0000e+00 1.0000
1.3261e-15 0.2666
3.5764e-15 0.2329
4.4633e-15 0.1829
8.9503e-15 0.1472
5.3146e-15 0.1856
3.2395e-15 0.2430
2.0732e-15 0.2545
4.9002e-16 0.3839
5.0269e-16 0.4295
2.3043e-15 0.3437
2.8596e-15 0.2345
4.4345e-15 0.1986
4.4999e-15 0.1428
2.6108e-15 0.1682
1.4888e-15 0.2245
1.1711e-15 0.2840
6.4575e-16 0.3648
9.3728e-16 0.2956
2.6899e-15 0.2743
9.2164e-16 0.2294
3.3120e-15 0.2252
2.9499e-15 0.1849
2.0227e-15 0.2079
2.2391e-15 0.3530
1.2585e-15 0.3416
6.8814e-16 0.3916
4.7226e-16 0.3537
7.3694e-16 0.2767
1.2418e-15 0.2956
1.3845e-15 0.1917
1.7532e-15 0.2431
2.1338e-15 0.3749
1.5641e-15 0.2822
1.3020e-15 0.3167
5.8733e-16 0.3397
4.3733e-16 0.3510
7.3272e-16 0.2988
6.7630e-16 0.3179
1.4978e-15 0.3023
1.4300e-15 0.4208
8.8834e-16 0.3453
1.0744e-15 0.4297
7.3074e-16 0.3542
6.3721e-16 0.3115
4.2699e-16 0.4042
6.9837e-16 0.2813
4.2491e-16 0.4722
2.1803e-15 0.3637
8.2402e-16 0.3256
6.4530e-16 0.4636
9.5191e-16 0.3723
1.1205e-15 0.4914
3.1417e-16 0.3682
0.0000e+00 1.0000
9.6851e-16 0.3833
1.4573e-15 0.4218
1.6919e-15 0.3116
1.5396e-15 0.3021
6.3545e-16 0.2742
1.4286e-15 0.2287
5.9033e-16 0.2908
0.0000e+00 1.0000
8.2480e-16 0.4183
1.7185e-15 0.2902
2.4858e-15 0.2459
2.9235e-15 0.3124
2.9790e-15 0.2336
2.4679e-15 0.2821
1.9357e-15 0.2995
6.1938e-16 0.2804
5.2989e-16 0.3676
6.3825e-16 0.3007
1.8965e-15 0.2515
3.0147e-15 0.2782
5.3301e-15 0.2075
3.9431e-15 0.2115
3.0780e-15 0.2576
2.8266e-15 0.2931
1.2657e-15 0.2665
7.6157e-16 0.3048
8.4537e-16 0.3281
1.4680e-15 0.2571
2.9080e-15 0.2886
4.4134e-15 0.2268
6.0584e-15 0.1646
5.6397e-15 0.1724
2.9675e-15 0.2966
2.3382e-15 0.2665
7.1803e-16 0.3565
6.7420e-16 0.2952
1.2033e-15 0.2221
2.7557e-15 0.2079
3.6658e-15 0.1836
5.9455e-15 0.1876
3.4612e-15 0.2198
2.2446e-15 0.2531
1.1955e-15 0.2838
7.3098e-16 0.3686
1.2966e-15 0.3572
6.8868e-16 0.2808
2.1545e-15 0.2472
1.9812e-15 0.2696
1.7316e-15 0.2179
2.5251e-15 0.3045
1.1255e-15 0.4254
1.1442e-15 0.3374
6.2355e-16 0.3076
5.8905e-16 0.4144
1.0156e-15 0.2372
1.0709e-15 0.2635
1.4928e-15 0.2254
2.5742e-15 0.3361
1.5350e-15 0.3204
5.3862e-16 0.3254
1.1732e-15 0.3538
6.1265e-16 0.4024
3.9106e-16 0.3221
5.4394e-16 0.2826
5.2055e-16 0.3218
9.9315e-16 0.2703
5.2110e-16 0.3975
1.4547e-15 0.3587
1.1862e-15 0.4509
9.6994e-16 0.3581
0.0000e+00 1.0000
8.4917e-16 0.4738
8.4584e-16 0.4166
1.2054e-15 0.4092
1.1846e-15 0.2953
1.1929e-15 0.2994
8.2040e-16 0.4294
7.3926e-16 0.3564
1.0656e-15 0.4563
2.5202e-16 0.4198
8.4951e-16 0.4200
7.0427e-16 0.4265
1.2934e-15 0.3148
1.0083e-15 0.4059
2.1065e-15 0.3850
6.3862e-16 0.2793
1.1844e-15 0.3151
9.7927e-16 0.3615
6.0227e-16 0.3335
5.7105e-16 0.3380
1.5355e-15 0.2644
1.8702e-15 0.3581
3.0473e-15 0.2396
3.0305e-15 0.2847
1.1736e-15 0.2608
2.5273e-15 0.2935
1.1199e-15 0.3494
5.1848e-16 0.3356
7.2405e-16 0.2358
8.1233e-16 0.2569
1.8640e-15 0.2778
2.4150e-15 0.2181
2.7379e-15 0.1944
4.0249e-15 0.2454
1.8171e-15 0.2124
3.8999e-16 0.2780
8.1288e-16 0.2905
8.4223e-16 0.3709
2.1064e-15 0.3238
1.6630e-15 0.2066
4.0603e-15 0.1975
5.9243e-15 0.2085
5.8994e-15 0.2336
2.6569e-15 0.2564
1.9573e-15 0.3147
4.7688e-16 0.2902
5.2541e-16 0.2904
2.0826e-15 0.2607
2.8062e-15 0.2019
1.9780e-15 0.2013
4.6979e-15 0.2338
3.3004e-15 0.1676
2.8371e-15 0.2438
0.0000e+00 1.0000
6.1922e-16 0.3441
6.8266e-16 0.3496
1.6642e-15 0.2602
2.3872e-15 0.2642
1.9783e-15 0.2933
1.9050e-15 0.2195
2.4194e-15 0.2394
1.1505e-15 0.3691
1.1373e-15 0.3797
5.7799e-16 0.2986
1.0462e-15 0.3519
7.2851e-16 0.2626
1.0022e-15 0.3210
1.6107e-15 0.2585
1.6899e-15 0.2754
1.4277e-15 0.3319
1.0890e-15 0.3941
1.5749e-15 0.4241
8.9177e-16 0.2588
2.3277e-16 0.3609
4.7017e-16 0.2976
4.1391e-16 0.3821
9.5294e-16 0.2419
1.0587e-15 0.3137
6.9872e-16 0.2913
4.4505e-16 0.3321
1.0085e-15 0.4431
3.8346e-16 0.3846
8.9913e-16 0.3697
0.0000e+00 1.0000
1.0534e-15 0.3653
2.2994e-15 0.3320
0.0000e+00 1.0000
9.7414e-16 0.3693
4.6024e-16 0.3371
1.2116e-15 0.2813
5.3853e-16 0.3730
8.4451e-16 0.4154
1.3061e-15 0.4213
8.6622e-16 0.2763
0.0000e+00 1.0000
1.2948e-15 0.2317
7.7128e-16 0.2299
9.2819e-16 0.2805
1.0147e-15 0.4645
6.9889e-16 0.3330
0.0000e+00 1.0000
2.9531e-15 0.4043
1.5271e-15 0.2659
1.9097e-15 0.2629
2.7108e-15 0.2615
1.5872e-15 0.2756
1.5670e-15 0.3077
7.1478e-16 0.3566
8.7426e-16 0.3370
7.9023e-16 0.2426
1.5725e-15 0.3053
2.1827e-15 0.2855
2.5921e-15 0.2252
2.7497e-15 0.2176
3.2927e-15 0.2966
1.1131e-15 0.2724
1.2716e-15 0.2882
8.8671e-16 0.3170
1.0737e-15 0.4525
1.2492e-15 0.2832
1.6474e-15 0.2879
4.4256e-15 0.2034
2.9774e-15 0.1841
4.4550e-15 0.2149
2.6724e-15 0.3412
1.8114e-15 0.3275
1.1398e-15 0.2580
6.9908e-16 0.2964
1.2687e-15 0.2298
1.6950e-15 0.2105
3.3513e-15 0.2787
4.0950e-15 0.2378
1.6949e-15 0.2126
1.3113e-15 0.2254
1.1807e-15 0.2578
5.2692e-16 0.3199
1.3645e-15 0.3599
7.4055e-16 0.3047
1.3948e-15 0.3657
1.4099e-15 0.3188
2.3067e-15 0.2974
1.2098e-15 0.2402
1.4748e-15 0.2956
9.4226e-16 0.4601
8.6148e-16 0.4816
0.0000e+00 1.0000
5.9503e-16 0.3164
1.0011e-15 0.4280
1.6759e-15 0.2907
1.1214e-15 0.2295
1.4220e-15 0.2681
1.4726e-15 0.4223
1.3859e-15 0.4090
8.0789e-16 0.2972
3.2657e-16 0.4098
3.4442e-16 0.3555
8.7550e-16 0.2911
7.2022e-16 0.2513
1.0919e-15 0.2935
1.5963e-15 0.3438
5.6011e-16 0.4207
1.0262e-15 0.3931
7.2138e-16 0.3429
4.1452e-16 0.3950
3.9529e-16 0.3638
4.8442e-16 0.4251
7.1650e-16 0.4324
4.8806e-16 0.2850
3.7785e-16 0.2992
4.3768e-16 0.4376
1.0795e-15 0.3313
5.0978e-16 0.3375
0.0000e+00 1.0000
1.3953e-15 0.4358
0.0000e+00 1.0000
1.4826e-15 0.3542
1.5334e-15 0.3722
1.4271e-15 0.3263
5.6412e-16 0.3305
6.6161e-16 0.3340
4.7110e-16 0.3823
8.0045e-16 0.4232
1.5268e-15 0.3029
8.9861e-16 0.2888
1.4999e-15 0.3101
1.6736e-15 0.3266
8.5679e-16 0.2345
1.0835e-15 0.3041
5.1132e-16 0.4518
3.9073e-16 0.3681
9.5643e-16 0.3988
1.1378e-15 0.2432
1.3980e-15 0.2445
3.0842e-15 0.2517
2.7086e-15 0.2134
2.2641e-15 0.2912
1.4373e-15 0.2075
1.4730e-15 0.3483
4.7096e-16 0.2902
8.2743e-16 0.2750
1.7578e-15 0.4969
9.6130e-16 0.2850
2.5907e-15 0.1799
2.1675e-15 0.1946
5.6355e-15 0.2774
4.0681e-15 0.3545
1.2335e-15 0.4703
6.9218e-16 0.3111
0.0000e+00 1.0000
1.3074e-15 0.4018
2.1214e-15 0.2918
1.8310e-15 0.2600
2.1604e-15 0.2483
3.1842e-15 0.2438
2.6283e-15 0.3442
9.6409e-16 0.2901
8.7284e-16 0.4736
0.0000e+00 1.0000
1.2740e-15 0.2710
1.7756e-15 0.3571
1.2602e-15 0.2760
2.7751e-15 0.2371
8.9592e-16 0.2939
2.0299e-15 0.3606
3.5634e-16 0.3318
5.2660e-16 0.3582
8.8063e-16 0.3690
4.5898e-16 0.3669
5.2840e-16 0.3491
1.6536e-15 0.2708
8.3673e-16 0.3606
6.1835e-16 0.3108
6.4710e-16 0.3112
1.0892e-15 0.4614
4.2970e-16 0.2927
1.3410e-16 0.4455
6.0631e-16 0.4676
7.6288e-16 0.3262
1.2057e-15 0.3179
1.3235e-15 0.3257
1.1954e-15 0.3466
4.9587e-16 0.3561
1.0622e-15 0.4367
5.5248e-16 0.3463
7.7831e-16 0.4663
1.8000e-16 0.4232
9.8733e-16 0.3893
5.5959e-16 0.3412
0.0000e+00 1.0000
7.3905e-16 0.3175
5.9097e-16 0.4119
9.0778e-16 0.3619
0.0000e+00 1.0000
8.1434e-16 0.4375
5.5142e-16 0.3176
1.0553e-15 0.4108
4.5406e-16 0.3918
1.3772e-15 0.2999
6.3994e-16 0.2919
6.2782e-16 0.4832
0.0000e+00 1.0000
4.4556e-16 0.4036
1.3386e-15 0.3541
1.4759e-15 0.3863
1.3310e-15 0.2937
1.6604e-15 0.3385
1.3476e-15 0.3543
7.4821e-16 0.3030
1.8492e-15 0.3044
1.3112e-15 0.3793
2.3739e-16 0.4350
5.3861e-16 0.3632
5.8976e-16 0.2996
1.3523e-15 0.2647
1.7575e-15 0.2546
2.8471e-15 0.2388
2.3534e-15 0.3386
9.5167e-16 0.2633
1.1976e-15 0.2656
6.1175e-16 0.2939
1.0672e-15 0.3811
1.6311e-15 0.3878
7.5757e-16 0.2963
4.1348e-15 0.3085
2.8559e-15 0.2177
2.2952e-15 0.2146
2.2850e-15 0.2646
1.2478e-15 0.2648
1.0202e-15 0.4302
0.0000e+00 1.0000
1.4750e-15 0.3834
1.8282e-15 0.2823
2.0977e-15 0.3410
2.4933e-15 0.3965
2.0935e-15 0.2230
2.2354e-15 0.2711
6.3451e-16 0.3428
7.0569e-16 0.4020
0.0000e+00 1.0000
9.0890e-16 0.4361
1.2705e-15 0.3181
1.4282e-15 0.2811
2.4549e-15 0.2571
6.5752e-16 0.2168
9.9064e-16 0.3151
8.4934e-16 0.3254
6.5144e-16 0.3977
5.0372e-16 0.3364
6.5660e-16 0.4139
1.2191e-15 0.4181
1.0730e-15 0.2504
1.6676e-15 0.2630
1.0165e-15 0.3342
1.9082e-15 0.3728
8.5528e-16 0.3916
0.0000e+00 1.0000
2.0442e-16 0.4393
4.6117e-16 0.4053
7.1457e-16 0.3374
5.3684e-16 0.3163
1.3930e-15 0.3391
6.1314e-16 0.3815
6.0664e-16 0.4372
1.6929e-15 0.4267
0.0000e+00 1.0000
4.9776e-16 0.4832
2.9278e-16 0.4443
3.2966e-16 0.3820
9.6900e-16 0.3711
4.9617e-16 0.4177
0.0000e+00 1.0000
1.6277e-16 0.4604
8.3307e-16 0.3090
5.5123e-16 0.3991
6.5500e-16 0.3178
1.1120e-15 0.4291
0.0000e+00 1.0000
4.0055e-16 0.3780
1.3641e-15 0.4059
1.3403e-15 0.3504
9.2705e-16 0.4166
1.2157e-15 0.4795
2.1610e-16 0.3265
1.1323e-15 0.4490
4.0567e-16 0.3477
7.8694e-16 0.2902
1.3552e-15 0.2812
1.1629e-15 0.2821
1.2420e-15 0.3872
9.1885e-16 0.3004
1.0577e-15 0.3649
3.1249e-16 0.3773
2.8119e-16 0.3903
8.4969e-16 0.3513
2.1446e-15 0.3836
3.0539e-15 0.3606
2.7790e-15 0.2462
2.8809e-15 0.3120
9.0814e-16 0.2731
1.0727e-15 0.3150
4.7963e-16 0.3725
3.7481e-16 0.4017
1.3255e-15 0.3699
8.2401e-16 0.2446
2.2646e-15 0.2017
2.0124e-15 0.2265
4.4074e-15 0.3551
3.0397e-15 0.3003
1.0974e-15 0.3409
1.3676e-15 0.3969
1.0673e-15 0.4288
1.8671e-15 0.3766
1.2593e-15 0.3057
1.8885e-15 0.2337
2.1473e-15 0.2925
1.9842e-15 0.2156
2.2477e-15 0.4177
1.5101e-15 0.4203
0.0000e+00 1.0000
0.0000e+00 1.0000
8.7558e-16 0.2801
2.1185e-15 0.3153
8.3644e-16 0.2333
1.5057e-15 0.3486
5.5910e-16 0.2627
1.9635e-15 0.2690
2.9058e-16 0.3786
5.5579e-16 0.3961
3.0975e-16 0.3308
4.8760e-16 0.4520
1.2291e-15 0.4262
1.2820e-15 0.3338
9.0597e-16 0.2879
6.6907e-16 0.3932
8.2109e-16 0.2870
1.5516e-15 0.4472
4.1759e-16 0.3931
0.0000e+00 1.0000
6.4597e-16 0.3879
7.3326e-16 0.2959
1.0156e-15 0.3527
1.3198e-15 0.3945
5.5535e-16 0.4059
2.7939e-16 0.4775
0.0000e+00 1.0000
6.1199e-16 0.4459
4.7402e-16 0.4875
2.2896e-16 0.3779
2.4278e-16 0.4499
9.0844e-16 0.4016
6.1688e-16 0.3879
5.5630e-16 0.4847
5.0039e-16 0.3498
0.0000e+00 1.0000
0.0000e+00 1.0000
6.4496e-16 0.4694
8.2711e-16 0.4140
2.8397e-16 0.4400
2.9580e-16 0.3349
8.6022e-16 0.2795
8.9230e-16 0.3007
3.2288e-16 0.2796
5.8140e-16 0.4136
0.0000e+00 1.0000
1.7996e-15 0.3560
8.4669e-16 0.3441
1.0210e-15 0.3710
1.8902e-15 0.4938
1.4090e-15 0.4666
6.9539e-16 0.3170
1.0732e-15 0.2625
8.9045e-16 0.3227
0.0000e+00 1.0000
5.9755e-16 0.3330
7.2882e-16 0.3233
8.4962e-16 0.2584
1.4351e-15 0.2984
2.1950e-15 0.3270
1.1900e-15 0.3843
1.6127e-15 0.3472
1.3145e-15 0.3095
0.0000e+00 1.0000
5.7638e-16 0.4383
8.3562e-16 0.4314
8.3576e-16 0.3001
1.4398e-15 0.2932
1.0715e-15 0.2605
1.2676e-15 0.2930
2.6384e-15 0.2722
9.4057e-16 0.2599
8.9206e-16 0.4616
5.0966e-16 0.3166
9.6552e-16 0.4487
1.7941e-15 0.2645
1.4165e-15 0.2119
2.4319e-15 0.3999
1.8030e-15 0.2482
1.4334e-15 0.3273
7.0757e-16 0.4078
3.1892e-16 0.3386
6.6770e-16 0.3256
7.6308e-16 0.3013
1.7757e-15 0.2817
1.4530e-15 0.2718
1.4304e-15 0.2993
1.1034e-15 0.3785
8.0945e-16 0.2955
8.9746e-16 0.2907
0.0000e+00 1.0000
4.1959e-16 0.4368
1.0282e-15 0.2847
6.3868e-16 0.3337
1.2748e-15 0.2928
9.9696e-16 0.2970
5.8461e-16 0.3968
4.0994e-16 0.3251
0.0000e+00 1.0000
4.5459e-16 0.4042
0.0000e+00 1.0000
0.0000e+00 1.0000
6.2644e-16 0.4448
6.7647e-16 0.4163
0.0000e+00 1.0000
4.0765e-16 0.2962
2.5109e-16 0.4824
3.0895e-16 0.4473
0.0000e+00 1.0000
5.0842e-16 0.4243
5.4856e-16 0.3072
0.0000e+00 1.0000
6.5655e-16 0.3380
1.1283e-15 0.3736
2.7747e-16 0.4377
1.6798e-16 0.3512
6.7024e-16 0.3626
0.0000e+00 1.0000
9.2512e-16 0.4844
0.0000e+00 1.0000
0.0000e+00 1.0000
3.4895e-16 0.4090
1.2858e-15 0.4506
6.5845e-16 0.3951
0.0000e+00 1.0000
5.9877e-16 0.4473
2.8024e-16 0.4100
5.1512e-16 0.3798
1.8341e-16 0.3334
1.0462e-15 0.4860
1.5950e-15 0.4666
1.2217e-15 0.3560
1.3899e-15 0.4561
7.8484e-16 0.3044
7.8377e-16 0.3719
2.2677e-16 0.3972
5.5404e-16 0.3478
0.0000e+00 1.0000
4.8531e-16 0.2853
2.2690e-15 0.3611
1.4485e-15 0.2236
2.1881e-15 0.2879
6.9182e-16 0.3096
6.0563e-16 0.3272
5.8950e-16 0.4437
9.1882e-16 0.4860
4.9125e-16 0.4229
9.9102e-16 0.4313
2.8042e-15 0.3001
1.9227e-15 0.3464
3.2971e-15 0.3253
1.5134e-15 0.3518
0.0000e+00 1.0000
1.2068e-15 0.3424
0.0000e+00 1.0000
3.8252e-16 0.3750
1.1288e-15 0.2920
1.1291e-15 0.3722
1.1546e-15 0.2939
2.0339e-15 0.3230
1.3560e-15 0.3057
0.0000e+00 1.0000
5.6964e-16 0.3726
5.1191e-16 0.4617
7.2493e-16 0.4906
7.9633e-16 0.3661
7.0184e-16 0.3458
2.9677e-15 0.4005
6.1133e-16 0.4196
0.0000e+00 1.0000
8.5096e-16 0.4294
5.1916e-16 0.3012
3.0860e-16 0.4296
4.8415e-16 0.3297
9.2413e-16 0.4808
8.5127e-16 0.3408
6.1689e-16 0.3215
7.5099e-16 0.3394
8.3425e-16 0.4602
0.0000e+00 1.0000
0.0000e+00 1.0000
0.0000e+00 1.0000
4.2447e-16 0.3708
6.0855e-16 0.3004
9.3428e-16 0.3585
7.1742e-16 0.3674
0.0000e+00 1.0000
5.9971e-16 0.3166
0.0000e+00 1.0000
0.0000e+00 1.0000
6.5850e-16 0.4749
9.4679e-16 0.4695
0.0000e+00 1.0000
1.6533e-16 0.4596
9.3924e-16 0.4244
3.7985e-16 0.3527
5.2156e-16 0.3874
5.8598e-16 0.3234
0.0000e+00 1.0000
0.0000e+00 1.0000
6.9980e-16 0.4482
3.7361e-16 0.3497
7.9914e-16 0.3374
6.6649e-16 0.3684
0.0000e+00 1.0000
4.6231e-16 0.3400
1.4702e-15 0.4251
0.0000e+00 1.0000
0.0000e+00 1.0000
6.2403e-16 0.4349
0.0000e+00 1.0000
1.5044e-15 0.3320
8.1593e-16 0.4108
7.5610e-16 0.2825
8.7659e-16 0.4095
2.0084e-16 0.3636
4.1931e-16 0.4470
7.4310e-16 0.3482
4.1311e-16 0.3842
9.3751e-16 0.2880
1.2381e-15 0.3123
1.7888e-15 0.2155
1.7010e-15 0.3752
0.0000e+00 1.0000
1.0199e-15 0.3845
5.3526e-16 0.3668
0.0000e+00 1.0000
1.0009e-15 0.4155
5.3214e-16 0.4245
2.1043e-15 0.2766
1.3387e-15 0.2429
1.7280e-15 0.3304
2.3155e-15 0.4719
1.3726e-15 0.2984
6.3292e-16 0.3002
8.3495e-16 0.3742
0.0000e+00 1.0000
9.5599e-16 0.2927
2.4882e-15 0.3129
6.4110e-16 0.3525
1.5307e-15 0.3183
1.4074e-15 0.3861
1.0507e-15 0.4155
5.8534e-16 0.4330
7.1112e-16 0.3188
7.9570e-16 0.3130
6.0343e-16 0.3332
9.4888e-16 0.4856
1.1976e-15 0.3891
8.2294e-16 0.3884
1.3571e-15 0.4202
1.2131e-15 0.3150
2.7320e-16 0.4674
3.9094e-16 0.4031
0.0000e+00 1.0000
0.0000e+00 1.0000
7.0299e-16 0.4395
9.4156e-16 0.3473
7.4441e-16 0.3388
4.5394e-16 0.3738
0.0000e+00 1.0000
0.0000e+00 1.0000
0.0000e+00 1.0000
4.5101e-16 0.3832
5.6811e-16 0.3503
1.2856e-15 0.3567
2.1774e-16 0.4080
3.1673e-16 0.3424
5.2921e-16 0.2971
0.0000e+00 1.0000
0.0000e+00 1.0000
