     9      9     20
d_kernel   u_kernel

0.0000e+00 1.0000
0.0000e+00 1.0000
0.0000e+00 1.0000
4.5371e-16 0.2951
0.0000e+00 1.0000
3.8750e-16 0.4071
3.3998e-16 0.3315
0.0000e+00 1.0000
3.2387e-16 0.4007
9.3945e-17 0.4976
0.0000e+00 1.0000
0.0000e+00 1.0000
4.3152e-16 0.3903
8.1785e-16 0.4124
0.0000e+00 1.0000
1.2199e-15 0.3571
0.0000e+00 1.0000
8.6308e-16 0.3624
0.0000e+00 1.0000
2.5378e-16 0.3967
0.0000e+00 1.0000
3.5090e-16 0.4263
1.1536e-15 0.3670
4.1962e-16 0.3305
1.5395e-15 0.3075
9.6075e-16 0.2527
1.4532e-15 0.2957
6.4834e-16 0.4424
6.0369e-16 0.4885
9.1094e-16 0.3637
0.0000e+00 1.0000
1.4051e-15 0.3783
1.6433e-15 0.3246
1.3355e-15 0.3010
2.0993e-15 0.2476
1.4322e-15 0.2894
2.3266e-16 0.4790
3.6882e-16 0.3348
5.6170e-16 0.3202
6.2467e-16 0.4531
1.6623e-15 0.3413
6.7145e-15 0.2120
8.6626e-13 0.0250
3.1565e-12 0.0139
8.5666e-13 0.0251
0.0000e+00 1.0000
0.0000e+00 1.0000
0.0000e+00 1.0000
1.7289e-15 0.3781
2.5695e-15 0.2134
8.8236e-13 0.0247
2.2803e-11 0.0061
5.6402e-11 0.0038
2.2908e-11 0.0060
0.0000e+00 1.0000
4.6011e-16 0.3687
7.7178e-16 0.3270
1.1971e-15 0.3456
3.3657e-15 0.3418
3.2027e-12 0.0138
5.6137e-11 0.0038
1.3655e-09 0.0003
5.6503e-11 0.0037
0.0000e+00 1.0000
9.2573e-16 0.4629
4.4816e-16 0.3969
5.0227e-16 0.2989
1.5113e-15 0.2851
8.7474e-13 0.0249
2.2780e-11 0.0060
5.6242e-11 0.0038
2.2836e-11 0.0060
0.0000e+00 1.0000
3.6228e-16 0.4027
8.8368e-16 0.4435
2.7074e-15 0.3839
2.7188e-15 0.2660
6.1980e-15 0.2360
8.8090e-13 0.0247
3.1720e-12 0.0139
8.7161e-13 0.0250
0.0000e+00 1.0000
0.0000e+00 1.0000
0.0000e+00 1.0000
3.2371e-16 0.4108
3.3977e-16 0.3887
0.0000e+00 1.0000
8.5055e-16 0.3428
5.7118e-16 0.4312
0.0000e+00 1.0000
4.5789e-16 0.4318
0.0000e+00 1.0000
5.3738e-16 0.3921
2.5150e-16 0.4528
5.5763e-16 0.3025
8.0336e-16 0.3624
1.2191e-15 0.3703
7.4407e-16 0.3104
4.7670e-16 0.3380
0.0000e+00 1.0000
0.0000e+00 1.0000
5.2841e-16 0.3734
5.7013e-16 0.4135
7.6185e-16 0.3648
6.9401e-16 0.2914
2.7568e-15 0.3366
1.2892e-15 0.2709
1.0871e-15 0.2638
1.6244e-16 0.4279
1.9817e-16 0.4443
4.4081e-16 0.4540
7.3607e-16 0.4312
9.0038e-16 0.4065
1.8963e-15 0.2684
4.1560e-15 0.2697
4.1303e-15 0.2853
2.4223e-15 0.2070
0.0000e+00 1.0000
3.2911e-16 0.4837
3.4498e-16 0.4206
1.0096e-15 0.2626
1.3779e-15 0.2509
6.1545e-15 0.2559
1.0730e-12 0.0215
4.5545e-12 0.0111
1.0147e-12 0.0219
0.0000e+00 1.0000
2.7792e-16 0.4631
4.7931e-16 0.3584
6.8511e-16 0.3187
3.1804e-15 0.2612
1.0377e-12 0.0218
5.0200e-11 0.0040
1.5301e-10 0.0022
5.0253e-11 0.0040
0.0000e+00 1.0000
4.5457e-16 0.4233
1.1231e-15 0.4017
8.3377e-16 0.4059
2.5039e-15 0.2254
4.5172e-12 0.0112
1.5226e-10 0.0023
1.0963e-09 0.0004
1.5293e-10 0.0022
0.0000e+00 1.0000
1.6938e-16 0.4440
4.0569e-16 0.4155
1.1416e-15 0.2953
3.4374e-15 0.2095
1.0660e-12 0.0213
5.0278e-11 0.0040
1.5253e-10 0.0023
5.0284e-11 0.0040
0.0000e+00 1.0000
0.0000e+00 1.0000
1.6174e-15 0.4391
2.3277e-15 0.3078
1.8613e-15 0.2204
5.7900e-15 0.2098
1.0973e-12 0.0213
4.5052e-12 0.0112
1.0380e-12 0.0216
4.1614e-16 0.4422
0.0000e+00 1.0000
2.6146e-16 0.4414
3.3091e-16 0.4579
0.0000e+00 1.0000
0.0000e+00 1.0000
1.2246e-15 0.3917
4.4599e-16 0.4204
3.5680e-16 0.3889
0.0000e+00 1.0000
0.0000e+00 1.0000
3.2279e-16 0.3979
5.5302e-16 0.4909
3.4853e-16 0.4251
7.4612e-16 0.4807
3.0359e-15 0.3349
9.0369e-16 0.3087
5.8195e-16 0.3265
0.0000e+00 1.0000
2.3711e-16 0.4964
6.3796e-16 0.3705
5.5210e-16 0.3561
1.3386e-15 0.4132
8.5726e-16 0.3726
2.4952e-15 0.3134
2.1101e-15 0.3926
1.7223e-15 0.4299
9.1775e-17 0.4767
3.3714e-16 0.3056
5.6952e-16 0.3359
9.7841e-16 0.3542
2.1505e-15 0.3921
2.5561e-15 0.2296
3.2637e-15 0.2273
4.2661e-15 0.2260
2.5144e-15 0.2128
5.9797e-16 0.4389
4.6726e-16 0.4947
4.3860e-16 0.3837
1.0982e-15 0.2453
2.2278e-15 0.1842
3.1109e-15 0.1940
5.1913e-13 0.0285
2.9728e-12 0.0128
5.3020e-13 0.0281
1.6382e-16 0.4451
7.2034e-16 0.4574
1.3758e-15 0.3569
2.5627e-15 0.2761
2.5662e-15 0.1624
5.1923e-13 0.0287
5.5817e-11 0.0036
1.8048e-10 0.0020
5.5488e-11 0.0036
5.8311e-16 0.4624
6.4394e-16 0.4063
1.0174e-15 0.2890
1.6547e-15 0.2557
2.5182e-15 0.2384
2.8947e-12 0.0130
1.8075e-10 0.0020
6.7566e-10 0.0008
1.7959e-10 0.0020
0.0000e+00 1.0000
0.0000e+00 1.0000
7.7152e-16 0.4398
9.0091e-16 0.2321
2.7574e-15 0.2060
5.2056e-13 0.0288
5.5842e-11 0.0036
1.8074e-10 0.0020
5.6108e-11 0.0036
1.5405e-16 0.4614
0.0000e+00 1.0000
1.5596e-15 0.4530
1.7527e-15 0.3074
2.0617e-15 0.2731
4.3198e-15 0.1761
5.0510e-13 0.0289
2.8522e-12 0.0131
5.1266e-13 0.0288
0.0000e+00 1.0000
0.0000e+00 1.0000
0.0000e+00 1.0000
5.2710e-16 0.4314
0.0000e+00 1.0000
7.0922e-16 0.3521
0.0000e+00 1.0000
0.0000e+00 1.0000
0.0000e+00 1.0000
1.7048e-16 0.4271
1.7371e-16 0.4546
0.0000e+00 1.0000
0.0000e+00 1.0000
1.1120e-15 0.4894
6.2795e-16 0.3093
1.8527e-15 0.4291
1.7330e-15 0.4954
1.7306e-15 0.4671
3.2958e-16 0.4057
4.0018e-16 0.4946
3.6273e-16 0.4581
4.5038e-16 0.3701
1.1237e-15 0.4623
9.6969e-16 0.2454
1.9858e-15 0.2490
2.4774e-15 0.2810
1.7699e-15 0.3126
0.0000e+00 1.0000
7.1517e-16 0.3567
8.9508e-16 0.2885
3.0635e-16 0.2975
8.6004e-16 0.2676
1.6899e-15 0.2757
4.3844e-15 0.2122
4.0166e-15 0.1737
2.5331e-15 0.2017
0.0000e+00 1.0000
0.0000e+00 1.0000
1.0951e-15 0.4898
1.6775e-15 0.2618
2.3279e-15 0.2713
4.0934e-15 0.2005
6.6796e-14 0.0675
4.9249e-13 0.0278
5.8942e-14 0.0702
7.7473e-16 0.3680
1.1065e-15 0.3579
1.0731e-15 0.2652
1.4561e-15 0.2710
3.8401e-15 0.2192
5.8035e-14 0.0776
2.7170e-11 0.0047
1.0561e-10 0.0025
2.6510e-11 0.0048
6.7936e-16 0.3800
6.1829e-16 0.3521
8.7471e-16 0.3033
1.2207e-15 0.2294
4.4220e-15 0.2024
4.9050e-13 0.0278
1.0538e-10 0.0025
3.6315e-10 0.0013
1.0543e-10 0.0025
5.1466e-16 0.4426
6.7801e-16 0.2758
1.1875e-15 0.2572
1.4137e-15 0.2382
3.0104e-15 0.2058
6.2038e-14 0.0698
2.6877e-11 0.0047
1.0535e-10 0.0025
2.6860e-11 0.0047
3.2164e-16 0.4106
6.4120e-16 0.4651
9.3241e-16 0.4206
9.7633e-16 0.2381
3.6424e-15 0.2808
6.1063e-15 0.1895
6.1621e-14 0.0712
4.7220e-13 0.0281
5.7897e-14 0.0739
0.0000e+00 1.0000
0.0000e+00 1.0000
0.0000e+00 1.0000
0.0000e+00 1.0000
7.9450e-16 0.3972
3.8738e-16 0.4831
5.9372e-16 0.3109
4.3732e-16 0.3658
2.9835e-16 0.3479
3.3733e-16 0.4758
0.0000e+00 1.0000
4.1970e-16 0.3376
0.0000e+00 1.0000
0.0000e+00 1.0000
4.8669e-16 0.3318
1.1636e-15 0.3588
1.0070e-15 0.2804
8.1008e-16 0.3836
0.0000e+00 1.0000
3.0160e-16 0.4401
3.0035e-16 0.4562
6.3574e-16 0.3613
4.2440e-16 0.3159
1.4124e-15 0.3090
1.9197e-15 0.3239
1.4474e-15 0.2993
2.0636e-15 0.3623
0.0000e+00 1.0000
4.5140e-16 0.4182
1.2570e-15 0.3279
8.3904e-16 0.3204
1.9644e-15 0.3532
2.9446e-15 0.2916
2.6930e-15 0.1839
3.7099e-15 0.1548
2.9266e-15 0.1542
0.0000e+00 1.0000
0.0000e+00 1.0000
1.1390e-15 0.3456
1.6874e-15 0.2717
2.1541e-15 0.1910
4.3604e-15 0.1527
1.0069e-14 0.1441
1.5905e-14 0.1039
9.1788e-15 0.1257
0.0000e+00 1.0000
5.6733e-16 0.3972
1.0780e-15 0.3401
2.7172e-15 0.2405
4.6113e-15 0.1828
1.0382e-14 0.1352
3.2028e-12 0.0116
1.9572e-11 0.0051
3.0621e-12 0.0118
0.0000e+00 1.0000
2.7170e-16 0.3780
6.7814e-16 0.2330
2.4133e-15 0.2422
5.0158e-15 0.1730
1.8126e-14 0.1106
1.9481e-11 0.0051
9.8653e-11 0.0024
1.9651e-11 0.0051
0.0000e+00 1.0000
5.7343e-16 0.3396
8.2047e-16 0.2995
2.1970e-15 0.2420
4.3949e-15 0.2561
8.0524e-15 0.1177
3.1792e-12 0.0117
1.9626e-11 0.0051
3.1410e-12 0.0117
3.7437e-16 0.4657
1.0006e-15 0.3829
7.8299e-16 0.3636
1.6107e-15 0.2421
3.3895e-15 0.2809
6.2336e-15 0.1918
8.7677e-15 0.1345
1.8435e-14 0.1236
9.7986e-15 0.1331
0.0000e+00 1.0000
0.0000e+00 1.0000
0.0000e+00 1.0000
0.0000e+00 1.0000
5.2414e-16 0.4656
6.3227e-16 0.3439
1.8086e-16 0.3878
5.1528e-16 0.3491
2.8451e-16 0.3745
0.0000e+00 1.0000
0.0000e+00 1.0000
2.3461e-16 0.4360
4.1910e-16 0.3254
8.2989e-16 0.3549
5.1299e-16 0.3202
1.2572e-15 0.2671
1.3597e-15 0.3031
1.3386e-15 0.3629
6.2310e-16 0.4678
4.0992e-16 0.4686
3.0844e-16 0.4344
9.3302e-16 0.3327
7.8283e-16 0.3068
1.4721e-15 0.3158
1.3434e-15 0.2946
2.0926e-15 0.2477
3.2273e-15 0.2795
1.3663e-16 0.3473
0.0000e+00 1.0000
7.7282e-16 0.3790
9.6897e-16 0.3747
1.1636e-15 0.2660
3.0804e-15 0.2203
3.3694e-15 0.2592
4.1429e-15 0.1541
4.5214e-15 0.2540
0.0000e+00 1.0000
5.4880e-16 0.3378
6.2403e-16 0.3273
1.4890e-15 0.2361
2.5372e-15 0.3443
3.8888e-15 0.1876
1.0375e-14 0.1282
1.0905e-14 0.1155
7.2982e-15 0.1353
4.3895e-16 0.4424
6.2954e-16 0.3082
2.7460e-15 0.3446
1.6051e-15 0.2349
5.3201e-15 0.2350
9.6093e-15 0.1400
4.1104e-14 0.0823
2.6654e-13 0.0327
3.1876e-14 0.0796
2.5023e-16 0.4549
5.3329e-16 0.3097
9.9158e-16 0.2930
3.0942e-15 0.2885
4.7312e-15 0.1857
1.0568e-14 0.1188
2.5810e-13 0.0332
2.8534e-12 0.0112
2.6756e-13 0.0331
0.0000e+00 1.0000
6.7610e-16 0.3642
1.3195e-15 0.2432
2.2975e-15 0.2332
4.5772e-15 0.2031
7.5591e-15 0.1306
3.3586e-14 0.0766
2.7028e-13 0.0327
3.1105e-14 0.0782
0.0000e+00 1.0000
3.1156e-16 0.4170
4.2316e-16 0.2908
1.8035e-15 0.3338
2.2075e-15 0.2283
4.1607e-15 0.1531
7.3042e-15 0.1538
9.6462e-15 0.1092
9.7569e-15 0.1410
0.0000e+00 1.0000
1.1894e-16 0.4566
0.0000e+00 1.0000
0.0000e+00 1.0000
3.0516e-16 0.3891
5.2910e-16 0.3593
6.1161e-16 0.3559
3.9153e-16 0.3177
4.2054e-16 0.3870
0.0000e+00 1.0000
0.0000e+00 1.0000
6.6588e-16 0.4295
5.8716e-16 0.3560
5.4045e-16 0.3009
1.1006e-15 0.3019
1.4341e-15 0.2944
9.2358e-16 0.2825
1.1880e-15 0.3605
0.0000e+00 1.0000
0.0000e+00 1.0000
9.7204e-16 0.4511
6.6617e-16 0.3166
8.0042e-16 0.4457
1.9834e-15 0.3259
1.7501e-15 0.2455
1.8996e-15 0.2270
1.8675e-15 0.2457
5.5723e-17 0.4898
3.0540e-16 0.4277
5.2397e-16 0.2829
9.6226e-16 0.4068
1.6577e-15 0.2915
2.6881e-15 0.2383
4.3370e-15 0.2018
5.3753e-15 0.2179
4.1279e-15 0.2106
2.3976e-16 0.4591
7.8448e-16 0.2913
9.4737e-16 0.2845
1.3573e-15 0.2569
3.6561e-15 0.2780
5.3036e-15 0.1883
1.0819e-14 0.1320
1.0481e-14 0.1192
7.4513e-15 0.1359
1.3549e-15 0.3208
1.6718e-15 0.3011
1.2734e-15 0.2340
2.3807e-15 0.2615
5.1507e-15 0.2405
1.1589e-14 0.1681
2.0475e-14 0.0903
3.4248e-14 0.0830
1.7680e-14 0.0958
4.1105e-16 0.4662
8.4594e-16 0.4760
1.8327e-15 0.3178
2.1093e-15 0.2465
4.2284e-15 0.1684
1.1958e-14 0.1477
3.2809e-14 0.0823
5.8772e-14 0.0678
4.1139e-14 0.0875
4.2687e-16 0.3803
9.0001e-16 0.2941
1.6296e-15 0.2394
3.2729e-15 0.3837
5.9461e-15 0.2523
9.1527e-15 0.1421
1.9912e-14 0.1048
3.3499e-14 0.0858
2.2758e-14 0.1165
0.0000e+00 1.0000
6.5181e-16 0.3771
1.0251e-15 0.4152
8.8473e-16 0.2476
3.0824e-15 0.2616
4.1955e-15 0.1528
6.1574e-15 0.1269
1.0570e-14 0.1497
8.2711e-15 0.1438
0.0000e+00 1.0000
0.0000e+00 1.0000
0.0000e+00 1.0000
6.7514e-16 0.3590
3.7908e-16 0.4638
6.7845e-16 0.3915
6.6696e-16 0.4226
7.7068e-16 0.2998
2.1442e-15 0.4975
1.5179e-16 0.3523
0.0000e+00 1.0000
2.5977e-16 0.4958
4.3925e-16 0.3709
0.0000e+00 1.0000
9.3681e-16 0.3780
5.7666e-16 0.4300
8.7346e-16 0.3046
1.5402e-15 0.3438
0.0000e+00 1.0000
2.7429e-16 0.4216
4.5810e-16 0.4175
1.4509e-15 0.3655
8.8691e-16 0.3075
1.7064e-15 0.2560
1.9410e-15 0.3113
2.7097e-15 0.3038
2.9737e-15 0.3136
5.2840e-16 0.3446
6.8018e-16 0.3433
6.8565e-16 0.3658
1.1823e-15 0.3069
1.2967e-15 0.2707
3.4016e-15 0.2694
3.6104e-15 0.1797
4.4621e-15 0.1941
3.9609e-15 0.2049
0.0000e+00 1.0000
5.8084e-16 0.3801
7.7299e-16 0.2714
2.3328e-15 0.3418
3.4119e-15 0.2275
6.2988e-15 0.2152
6.9930e-15 0.1325
1.1317e-14 0.1397
7.3401e-15 0.1607
1.7802e-15 0.4085
1.4051e-15 0.4413
6.6746e-16 0.3082
3.7187e-15 0.3573
3.3164e-15 0.1864
1.0786e-14 0.1419
1.9334e-14 0.1178
2.3604e-14 0.0925
1.4080e-14 0.1163
0.0000e+00 1.0000
3.1294e-16 0.3613
1.6541e-15 0.3526
2.0531e-15 0.3219
5.6398e-15 0.1822
9.0198e-15 0.1541
2.7365e-14 0.0961
4.3633e-14 0.0772
3.0877e-14 0.1029
3.8046e-16 0.4057
1.0464e-15 0.3152
7.5685e-16 0.2669
2.6144e-15 0.1938
4.2510e-15 0.2337
6.4897e-15 0.1312
2.0021e-14 0.1141
2.7940e-14 0.0973
1.7962e-14 0.1212
0.0000e+00 1.0000
4.3229e-16 0.3722
1.4409e-15 0.2854
2.6390e-15 0.3210
2.1806e-15 0.2366
3.7290e-15 0.1690
5.9753e-15 0.1834
1.2257e-14 0.1528
8.8221e-15 0.1426
0.0000e+00 1.0000
0.0000e+00 1.0000
2.8820e-16 0.4262
0.0000e+00 1.0000
0.0000e+00 1.0000
7.7754e-16 0.3816
4.4331e-16 0.4396
6.0831e-16 0.3160
8.0467e-16 0.3087
2.0070e-16 0.4737
6.3663e-16 0.4101
7.7210e-16 0.4587
5.5049e-16 0.3924
9.9085e-16 0.3458
6.8886e-16 0.3880
1.2310e-15 0.3182
1.6225e-15 0.4822
1.0376e-15 0.2791
0.0000e+00 1.0000
3.4863e-16 0.4031
8.1346e-16 0.3295
8.0525e-16 0.3328
1.2984e-15 0.2790
2.6869e-15 0.3629
1.6807e-15 0.2186
2.6690e-15 0.3330
2.7152e-15 0.2929
6.7867e-16 0.4637
1.2426e-15 0.3332
1.2291e-15 0.4062
1.2901e-15 0.4080
1.7702e-15 0.2556
3.2927e-15 0.2519
4.1717e-15 0.1566
3.9418e-15 0.2689
3.2686e-15 0.1847
5.9202e-16 0.3747
2.5022e-16 0.4029
1.4432e-15 0.2885
2.6206e-15 0.2867
3.3682e-15 0.2780
5.6009e-15 0.2168
8.5753e-15 0.1771
8.6155e-15 0.1348
6.1029e-15 0.1431
8.0421e-16 0.4108
3.5206e-16 0.3224
1.3800e-15 0.3715
2.4527e-15 0.2371
3.7757e-15 0.2254
8.1618e-15 0.1612
1.7775e-14 0.1312
1.9040e-14 0.0958
1.3932e-14 0.1405
4.3681e-16 0.4845
1.0427e-15 0.3795
1.0611e-15 0.3651
1.5471e-15 0.2955
5.7242e-15 0.1693
8.9244e-15 0.1523
2.4384e-14 0.0942
3.0479e-14 0.0862
2.3769e-14 0.1174
4.3954e-16 0.4057
1.0794e-15 0.3825
1.8460e-15 0.2318
2.8505e-15 0.3274
3.4817e-15 0.2252
9.2492e-15 0.1611
1.7599e-14 0.1209
2.5615e-14 0.1045
1.6389e-14 0.1145
1.1936e-16 0.3795
3.5938e-16 0.3233
9.9312e-16 0.3254
2.7133e-15 0.2380
2.8604e-15 0.2165
4.0120e-15 0.1783
8.4588e-15 0.1802
1.1661e-14 0.1723
9.6759e-15 0.1540
0.0000e+00 1.0000
0.0000e+00 1.0000
0.0000e+00 1.0000
0.0000e+00 1.0000
5.6991e-16 0.4775
0.0000e+00 1.0000
3.1028e-16 0.3827
5.2288e-16 0.3029
7.9395e-16 0.2857
1.3213e-16 0.4935
0.0000e+00 1.0000
5.9686e-16 0.4059
6.1263e-16 0.2920
8.0497e-16 0.2910
1.3922e-15 0.4701
9.9283e-16 0.2931
2.2927e-15 0.3043
1.2995e-15 0.2560
3.6392e-16 0.3979
2.9518e-16 0.4536
2.8521e-16 0.3312
5.1165e-16 0.3287
1.4512e-15 0.2444
2.6213e-15 0.2604
1.6911e-15 0.2979
2.7030e-15 0.2700
1.9112e-15 0.2361
5.8899e-16 0.4410
7.9017e-16 0.4574
1.3708e-15 0.3559
1.3639e-15 0.3341
1.1301e-15 0.2780
3.9024e-15 0.2280
5.0427e-15 0.2086
2.8974e-15 0.1686
2.5440e-15 0.2350
1.8399e-16 0.4738
6.4962e-16 0.4198
1.2799e-15 0.3069
1.8324e-15 0.2896
2.1584e-15 0.2246
3.8152e-15 0.1706
6.8020e-15 0.1466
8.4908e-15 0.1661
5.0753e-15 0.1522
4.8611e-16 0.4325
7.2661e-16 0.3006
1.9198e-15 0.3238
1.9846e-15 0.2367
4.3211e-15 0.2249
9.5439e-15 0.1642
1.3481e-14 0.1522
2.0268e-14 0.1198
1.3740e-14 0.1236
7.9731e-16 0.4065
4.1600e-16 0.3557
1.7960e-15 0.4024
2.7707e-15 0.2607
5.2708e-15 0.2061
8.2225e-15 0.1423
1.9443e-14 0.1440
2.8292e-14 0.0903
2.2608e-14 0.1272
1.6258e-15 0.4660
1.4101e-15 0.3328
1.6805e-15 0.3828
3.1973e-15 0.3215
3.8854e-15 0.2039
7.5022e-15 0.1649
1.6054e-14 0.1214
1.9965e-14 0.1312
1.2499e-14 0.1474
2.6042e-16 0.4457
0.0000e+00 1.0000
6.2901e-16 0.3374
2.1477e-15 0.2364
2.1667e-15 0.1835
3.6178e-15 0.2117
6.6155e-15 0.2191
1.0891e-14 0.1635
7.2551e-15 0.1423
0.0000e+00 1.0000
0.0000e+00 1.0000
3.5656e-16 0.4280
1.2212e-15 0.3813
7.9020e-16 0.4627
0.0000e+00 1.0000
6.4142e-16 0.3278
1.1060e-15 0.3738
9.4947e-16 0.4341
0.0000e+00 1.0000
2.8906e-16 0.3521
7.1600e-16 0.3178
8.5282e-16 0.3510
1.1033e-15 0.2723
1.6383e-15 0.4775
9.6269e-16 0.3217
1.2330e-15 0.2892
1.2410e-15 0.2828
0.0000e+00 1.0000
0.0000e+00 1.0000
9.7272e-16 0.2675
0.0000e+00 1.0000
1.0453e-15 0.3782
2.2609e-15 0.3295
2.5897e-15 0.2553
1.7320e-15 0.2966
2.2147e-15 0.2302
0.0000e+00 1.0000
1.2893e-15 0.2658
1.0618e-15 0.2813
8.1031e-16 0.2459
2.8336e-15 0.2811
4.0231e-15 0.2958
3.1560e-15 0.2046
3.4067e-15 0.1768
4.2058e-15 0.2603
2.1233e-16 0.4685
0.0000e+00 1.0000
1.6098e-15 0.3006
1.7286e-15 0.2992
1.8320e-15 0.2917
4.7845e-15 0.2014
5.8742e-15 0.1579
8.2298e-15 0.1876
6.5160e-15 0.1871
4.6817e-16 0.3900
1.2674e-15 0.4721
1.5286e-15 0.3361
9.4773e-16 0.2473
3.7778e-15 0.2306
8.1141e-15 0.1519
1.1255e-14 0.1359
1.3856e-14 0.1318
1.2542e-14 0.1409
0.0000e+00 1.0000
8.5497e-16 0.4383
1.4421e-15 0.4543
3.8810e-15 0.2582
3.3242e-15 0.2340
7.1342e-15 0.1955
1.5486e-14 0.1377
2.2383e-14 0.1181
1.5733e-14 0.1390
8.8091e-16 0.3567
6.1100e-16 0.2840
7.9285e-16 0.2885
1.4428e-15 0.3614
4.7586e-15 0.2915
6.5294e-15 0.2463
1.4449e-14 0.1094
1.8266e-14 0.1343
1.2641e-14 0.1434
4.2763e-16 0.4280
7.3407e-16 0.3777
0.0000e+00 1.0000
1.4801e-15 0.3248
2.2977e-15 0.2750
4.6141e-15 0.2087
8.9248e-15 0.1600
9.7596e-15 0.2114
7.3313e-15 0.1891
0.0000e+00 1.0000
6.8536e-16 0.4722
8.6662e-16 0.4238
5.3576e-16 0.3614
5.2420e-16 0.3363
1.5646e-15 0.4612
5.2095e-16 0.3701
4.4705e-16 0.4407
1.0603e-15 0.4156
0.0000e+00 1.0000
3.8253e-16 0.3775
7.7359e-16 0.3179
8.1157e-16 0.4392
1.1992e-15 0.4022
1.2204e-15 0.2974
1.7105e-15 0.3237
1.2049e-15 0.3862
1.5883e-15 0.4143
4.4726e-16 0.4366
0.0000e+00 1.0000
8.2601e-16 0.3161
6.3700e-16 0.3700
1.3765e-15 0.3198
1.8996e-15 0.2340
2.4675e-15 0.2811
1.8720e-15 0.3331
2.0540e-15 0.2906
6.8047e-16 0.3565
3.0645e-16 0.3943
1.3725e-15 0.3816
8.0817e-16 0.3192
3.5906e-15 0.3841
3.5105e-15 0.2183
2.7660e-15 0.1939
3.6873e-15 0.1862
2.4819e-15 0.2662
7.7857e-16 0.4566
1.2221e-15 0.3898
2.2713e-15 0.3380
2.7765e-15 0.2569
2.1684e-15 0.2882
4.3648e-15 0.2146
6.8369e-15 0.1971
7.8199e-15 0.1959
7.0338e-15 0.1891
4.1006e-16 0.4794
0.0000e+00 1.0000
1.3054e-15 0.4166
2.6668e-15 0.2903
3.0417e-15 0.2182
6.0893e-15 0.1838
1.2604e-14 0.1570
1.2337e-14 0.1386
9.0521e-15 0.1650
9.5087e-16 0.4209
4.5594e-16 0.3882
5.8358e-16 0.3213
4.1062e-15 0.3377
5.6562e-15 0.2243
6.4099e-15 0.1572
1.1478e-14 0.1224
1.5001e-14 0.1266
1.5970e-14 0.1257
8.6588e-16 0.4382
8.8955e-16 0.4968
7.7721e-16 0.3412
2.7790e-15 0.3599
3.2947e-15 0.2759
5.9634e-15 0.2031
1.0007e-14 0.1296
1.6203e-14 0.1327
1.2470e-14 0.1518
6.0347e-16 0.3100
2.6831e-16 0.3976
1.2198e-15 0.2554
2.2418e-15 0.3052
2.5144e-15 0.3001
4.7171e-15 0.2368
8.4014e-15 0.1773
7.5501e-15 0.2175
5.0609e-15 0.1841
3.7677e-16 0.4255
6.7674e-16 0.3728
0.0000e+00 1.0000
4.7173e-16 0.3574
6.9030e-16 0.3319
8.3406e-16 0.4507
9.5532e-16 0.3472
3.6917e-16 0.4442
7.2014e-16 0.4723
0.0000e+00 1.0000
3.3956e-16 0.3931
5.6783e-16 0.3600
3.0377e-16 0.4190
1.3575e-15 0.4361
1.8682e-15 0.2557
1.5695e-15 0.3230
1.2001e-15 0.4279
1.4171e-15 0.4677
3.5546e-16 0.4519
5.0099e-16 0.3625
6.5850e-16 0.3873
1.3064e-15 0.3575
1.0128e-15 0.3503
2.3527e-15 0.3399
3.0516e-15 0.3065
2.1870e-15 0.2784
1.3162e-15 0.2973
3.0825e-16 0.3905
0.0000e+00 1.0000
1.6062e-15 0.4379
1.0847e-15 0.3711
2.2487e-15 0.2980
2.6742e-15 0.2719
3.4470e-15 0.1846
2.2907e-15 0.2574
1.6464e-15 0.1937
0.0000e+00 1.0000
8.5200e-16 0.3721
1.1243e-15 0.3034
2.2433e-15 0.3219
3.7242e-15 0.2837
3.9675e-15 0.2125
4.8040e-15 0.1847
5.7615e-15 0.1700
6.5842e-15 0.2017
4.5433e-16 0.4124
9.7777e-16 0.3581
1.4936e-15 0.4222
1.8167e-15 0.2772
3.1066e-15 0.2523
7.5546e-15 0.1864
7.3602e-15 0.1365
1.0991e-14 0.1764
9.3608e-15 0.1655
4.2569e-16 0.4160
0.0000e+00 1.0000
2.0273e-15 0.3821
2.1796e-15 0.2810
4.4530e-15 0.2098
7.3103e-15 0.1778
1.2668e-14 0.1539
1.5055e-14 0.1265
1.5694e-14 0.1436
0.0000e+00 1.0000
4.4743e-16 0.4348
0.0000e+00 1.0000
2.5239e-15 0.2299
2.6882e-15 0.2706
6.7956e-15 0.2310
1.0674e-14 0.1455
9.8438e-15 0.1475
1.2643e-14 0.1804
0.0000e+00 1.0000
0.0000e+00 1.0000
1.3725e-15 0.3156
1.8249e-15 0.3309
1.4311e-15 0.2394
4.6964e-15 0.2284
5.4190e-15 0.1638
7.1381e-15 0.1815
7.0132e-15 0.2052
0.0000e+00 1.0000
2.5311e-16 0.3944
3.9806e-16 0.4129
5.6572e-16 0.3784
0.0000e+00 1.0000
6.1949e-16 0.2923
7.3902e-16 0.3267
4.7135e-16 0.3697
3.8375e-16 0.3620
0.0000e+00 1.0000
5.7268e-16 0.3901
1.5426e-15 0.4291
0.0000e+00 1.0000
1.3691e-15 0.3407
1.1024e-15 0.2824
1.4615e-15 0.3212
1.3593e-15 0.3874
1.5908e-15 0.3059
0.0000e+00 1.0000
2.7396e-16 0.4012
5.8138e-16 0.4451
6.0123e-16 0.2964
1.2580e-15 0.4650
1.6401e-15 0.2781
2.4006e-15 0.3078
1.4743e-15 0.2608
1.0182e-15 0.3070
4.9780e-16 0.4668
1.4371e-15 0.4292
1.2580e-15 0.3534
2.6281e-15 0.4901
2.6847e-15 0.2951
1.6676e-15 0.2299
2.7818e-15 0.2235
3.1597e-15 0.2970
2.6011e-15 0.2378
7.9615e-16 0.3651
0.0000e+00 1.0000
9.2852e-16 0.3897
1.3055e-15 0.3327
2.8910e-15 0.3052
3.5137e-15 0.2207
4.9163e-15 0.2719
4.9135e-15 0.1986
5.8022e-15 0.1918
1.3423e-15 0.4561
1.2097e-15 0.3612
1.1342e-15 0.3049
2.4352e-15 0.3214
3.1816e-15 0.2330
6.8870e-15 0.2012
9.4169e-15 0.1789
1.1753e-14 0.1657
7.4028e-15 0.1623
8.3650e-16 0.3582
7.1505e-16 0.4701
1.6947e-15 0.3903
1.4680e-15 0.2594
3.9728e-15 0.2254
5.8165e-15 0.1794
9.1184e-15 0.1735
9.6283e-15 0.1338
1.2584e-14 0.1818
1.8679e-16 0.4343
1.4429e-15 0.4754
1.1821e-15 0.4374
1.5149e-15 0.2783
3.0363e-15 0.2663
4.9798e-15 0.2602
1.1324e-14 0.1728
1.3032e-14 0.1619
1.0595e-14 0.2094
8.7374e-16 0.4840
1.1161e-15 0.4380
9.2936e-16 0.4550
1.3026e-15 0.3010
1.0761e-15 0.2453
5.3338e-15 0.2609
3.4358e-15 0.1724
5.7572e-15 0.2372
4.8828e-15 0.2025
4.0207e-16 0.4881
4.6021e-16 0.4634
4.2702e-16 0.3714
2.5461e-16 0.3964
0.0000e+00 1.0000
8.7273e-16 0.3211
0.0000e+00 1.0000
3.4427e-16 0.3294
0.0000e+00 1.0000
0.0000e+00 1.0000
6.1588e-16 0.4216
1.4022e-15 0.4505
0.0000e+00 1.0000
9.0488e-16 0.3364
1.1165e-15 0.4081
1.3366e-15 0.3536
9.3078e-16 0.2821
6.2938e-16 0.2963
0.0000e+00 1.0000
7.8185e-16 0.4289
7.5992e-16 0.4745
1.0005e-15 0.3213
0.0000e+00 1.0000
1.3115e-15 0.2803
1.5286e-15 0.2229
1.4786e-15 0.2161
1.2635e-15 0.2552
0.0000e+00 1.0000
1.7008e-15 0.4668
9.7758e-16 0.3953
0.0000e+00 1.0000
2.4594e-15 0.2847
2.5295e-15 0.2244
2.2408e-15 0.2579
2.8676e-15 0.3379
2.6104e-15 0.3435
0.0000e+00 1.0000
6.4130e-16 0.3968
1.6538e-15 0.2702
2.2133e-15 0.4083
3.5550e-15 0.2555
5.5204e-15 0.2478
4.8513e-15 0.1961
5.5897e-15 0.2204
5.1339e-15 0.1847
0.0000e+00 1.0000
5.1968e-16 0.4810
9.7841e-16 0.3628
1.2173e-15 0.2918
3.2744e-15 0.2571
4.9457e-15 0.1868
6.9783e-15 0.2088
1.0963e-14 0.1900
1.0571e-14 0.1717
6.8946e-16 0.4582
5.6363e-16 0.4129
1.8970e-15 0.3238
2.1476e-15 0.3468
2.3955e-15 0.2896
5.3038e-15 0.1767
7.8810e-15 0.1701
1.3290e-14 0.1607
7.6833e-15 0.1571
0.0000e+00 1.0000
4.5196e-16 0.4193
8.8704e-16 0.2808
3.1556e-15 0.3733
2.7902e-15 0.3292
4.8689e-15 0.2140
6.9375e-15 0.1706
7.7813e-15 0.1755
1.1599e-14 0.1829
0.0000e+00 1.0000
5.3792e-16 0.3856
0.0000e+00 1.0000
1.6790e-15 0.2746
1.1347e-15 0.2312
3.9024e-15 0.2232
4.5970e-15 0.1963
5.5683e-15 0.2132
5.7446e-15 0.2240
0.0000e+00 1.0000
0.0000e+00 1.0000
7.3149e-16 0.4686
5.0910e-16 0.3100
8.5812e-16 0.4395
8.6777e-16 0.3484
1.2221e-15 0.4900
4.7388e-16 0.3842
6.0963e-16 0.3178
1.6003e-16 0.3876
2.5408e-16 0.3332
4.1443e-16 0.3368
1.0481e-15 0.3618
1.7250e-15 0.4224
1.0784e-15 0.3140
1.8325e-15 0.2536
1.0270e-15 0.2830
1.5288e-15 0.3589
0.0000e+00 1.0000
3.1144e-16 0.4908
6.8533e-16 0.3311
2.9437e-15 0.4116
1.1864e-15 0.3034
2.0715e-15 0.3083
1.5636e-15 0.3166
1.4751e-15 0.2317
1.1001e-15 0.3446
1.7136e-15 0.4198
1.7008e-15 0.4942
4.8504e-16 0.4871
2.0098e-15 0.4586
1.8216e-15 0.3801
2.0748e-15 0.2745
2.7434e-15 0.2098
1.6193e-15 0.2444
2.5653e-15 0.3211
0.0000e+00 1.0000
8.0399e-16 0.3192
2.4791e-15 0.3388
1.9515e-15 0.3503
4.4525e-15 0.3175
4.3160e-15 0.2069
4.6672e-15 0.2140
4.6689e-15 0.2766
4.4354e-15 0.1704
3.7109e-16 0.4256
1.1643e-15 0.4510
1.1086e-15 0.3373
2.7956e-15 0.4904
4.2721e-15 0.2770
5.6297e-15 0.2907
6.1097e-15 0.1848
8.4015e-15 0.1904
8.0457e-15 0.2571
0.0000e+00 1.0000
1.0500e-15 0.3343
1.9608e-15 0.3269
2.1958e-15 0.3073
2.4136e-15 0.2918
5.0343e-15 0.1955
6.0240e-15 0.1905
8.2182e-15 0.1692
8.0993e-15 0.2095
2.8503e-16 0.4187
0.0000e+00 1.0000
9.1072e-16 0.3373
1.6892e-15 0.2982
2.0193e-15 0.3668
3.7503e-15 0.1983
5.8359e-15 0.2209
9.0302e-15 0.1964
7.7946e-15 0.2287
0.0000e+00 1.0000
0.0000e+00 1.0000
4.8638e-16 0.4049
1.4469e-15 0.3013
1.7250e-15 0.3186
2.6807e-15 0.2351
3.7302e-15 0.2575
7.3523e-15 0.2133
5.0477e-15 0.2622
0.0000e+00 1.0000
0.0000e+00 1.0000
6.5982e-16 0.4296
0.0000e+00 1.0000
1.1478e-15 0.3440
5.2869e-16 0.3532
1.0489e-15 0.2827
4.5251e-16 0.4693
7.0681e-16 0.3486
4.6235e-16 0.4367
4.3890e-16 0.3900
4.6189e-16 0.3788
5.2669e-16 0.3469
8.6740e-16 0.4169
8.4828e-16 0.2585
1.2848e-15 0.3475
8.0467e-16 0.3800
5.5049e-16 0.3769
0.0000e+00 1.0000
9.7707e-16 0.4220
4.5504e-16 0.3645
1.1931e-15 0.3523
1.3952e-15 0.3547
1.7289e-15 0.3796
2.2881e-15 0.3336
1.0230e-15 0.2813
1.0757e-15 0.2899
1.2577e-15 0.4335
0.0000e+00 1.0000
0.0000e+00 1.0000
8.1160e-16 0.2906
1.2659e-15 0.4167
9.0553e-16 0.3194
3.1769e-15 0.2596
2.7907e-15 0.3163
3.6094e-15 0.2770
0.0000e+00 1.0000
3.0884e-16 0.4107
2.0425e-15 0.3680
7.0799e-16 0.3581
3.0085e-15 0.3280
2.3702e-15 0.2498
4.2441e-15 0.2010
4.8606e-15 0.2048
4.2807e-15 0.1956
0.0000e+00 1.0000
8.8827e-16 0.3825
1.4322e-15 0.3524
1.9089e-15 0.2385
2.5132e-15 0.3657
3.2451e-15 0.2134
6.8435e-15 0.2051
6.5675e-15 0.2015
5.5143e-15 0.2068
6.4795e-16 0.3529
9.8883e-16 0.3722
1.2541e-15 0.3564
2.4792e-15 0.3388
2.5987e-15 0.3123
5.8341e-15 0.2326
5.3443e-15 0.2163
7.9042e-15 0.1531
8.3522e-15 0.1747
4.7737e-16 0.3684
4.0958e-16 0.3136
2.1236e-15 0.3365
1.5589e-15 0.4062
1.4861e-15 0.2950
3.7867e-15 0.2245
6.7155e-15 0.1920
5.9494e-15 0.1883
7.1200e-15 0.2086
0.0000e+00 1.0000
3.9754e-16 0.3609
0.0000e+00 1.0000
1.0874e-15 0.3178
1.5632e-15 0.3434
2.4925e-15 0.2858
3.2144e-15 0.2334
4.5198e-15 0.2535
4.6742e-15 0.2347
0.0000e+00 1.0000
0.0000e+00 1.0000
3.4507e-16 0.4925
0.0000e+00 1.0000
0.0000e+00 1.0000
9.6333e-16 0.3588
1.3278e-15 0.3397
9.2433e-16 0.4448
5.8387e-16 0.4553
1.1873e-16 0.4294
3.2742e-16 0.3198
4.7240e-16 0.4077
3.0846e-16 0.3013
1.3837e-15 0.3622
1.4699e-15 0.2759
8.8496e-16 0.3417
0.0000e+00 1.0000
7.1532e-16 0.4170
0.0000e+00 1.0000
3.6481e-16 0.3767
1.0786e-15 0.4633
2.4943e-15 0.4783
1.3104e-15 0.2429
2.6764e-15 0.3441
2.2832e-15 0.3052
1.6280e-15 0.3897
9.6283e-16 0.2795
0.0000e+00 1.0000
9.4561e-16 0.4445
6.6001e-16 0.3226
1.6780e-15 0.3847
2.9569e-15 0.4183
2.2176e-15 0.3164
2.8181e-15 0.2571
2.1879e-15 0.3377
2.3312e-15 0.3245
5.3841e-16 0.4490
8.3441e-16 0.4645
1.3018e-15 0.4060
1.2579e-15 0.2930
3.3983e-15 0.2881
2.3404e-15 0.2203
4.5444e-15 0.2491
4.8992e-15 0.2885
4.1682e-15 0.2498
3.5901e-16 0.4019
8.2345e-16 0.4003
9.0844e-16 0.3293
2.3691e-15 0.3018
3.7777e-15 0.2179
4.6618e-15 0.2391
5.9410e-15 0.2534
5.9163e-15 0.2180
5.4670e-15 0.2481
1.7389e-15 0.3757
8.3731e-16 0.3707
9.9448e-16 0.3319
2.5362e-15 0.2658
2.5227e-15 0.2724
3.8953e-15 0.2587
4.7517e-15 0.1890
8.5451e-15 0.1974
8.1136e-15 0.1835
0.0000e+00 1.0000
1.0316e-15 0.3871
8.5497e-16 0.2608
1.0490e-15 0.3495
1.9497e-15 0.4564
4.4032e-15 0.2473
5.1902e-15 0.2352
4.9068e-15 0.2367
4.7463e-15 0.2238
0.0000e+00 1.0000
0.0000e+00 1.0000
5.4962e-16 0.2968
1.2772e-15 0.3081
1.3068e-15 0.3430
2.8784e-15 0.2665
4.7264e-15 0.2190
3.0689e-15 0.1986
3.4933e-15 0.2838
0.0000e+00 1.0000
7.6542e-16 0.4961
7.6403e-16 0.3470
0.0000e+00 1.0000
5.1645e-16 0.4176
1.1446e-15 0.3195
9.3781e-16 0.4911
8.8996e-16 0.3927
5.0903e-16 0.4115
4.5523e-16 0.3613
1.1633e-15 0.3897
6.0679e-16 0.3304
4.2570e-16 0.3874
1.2649e-15 0.4099
6.0755e-16 0.2828
0.0000e+00 1.0000
8.3465e-16 0.3652
6.9475e-16 0.2949
1.2044e-15 0.4170
0.0000e+00 1.0000
0.0000e+00 1.0000
8.1335e-16 0.4044
6.9192e-16 0.3260
1.0398e-15 0.2933
1.6916e-15 0.3943
7.9186e-16 0.3113
1.1405e-15 0.3634
5.4761e-16 0.4325
3.6861e-16 0.3810
6.4575e-16 0.4329
0.0000e+00 1.0000
1.9792e-15 0.3600
2.2983e-15 0.2487
3.8824e-15 0.3153
2.4840e-15 0.3365
2.8561e-15 0.2870
2.3839e-16 0.4669
1.4804e-15 0.4120
7.3145e-16 0.4215
1.9533e-15 0.3962
2.4093e-15 0.3619
2.4524e-15 0.2749
2.9512e-15 0.3146
4.1522e-15 0.2596
4.0464e-15 0.2673
6.5953e-16 0.4050
1.0103e-15 0.4442
5.1409e-16 0.3165
1.9681e-15 0.2613
2.0344e-15 0.3383
4.9825e-15 0.2784
4.2100e-15 0.2339
5.2737e-15 0.2368
5.3904e-15 0.2233
0.0000e+00 1.0000
5.5181e-16 0.2980
2.4291e-15 0.2715
1.3276e-15 0.3721
2.3105e-15 0.2658
3.1883e-15 0.3049
4.5138e-15 0.2430
6.0482e-15 0.1724
5.3537e-15 0.2172
2.7035e-16 0.4415
1.0377e-15 0.4576
1.6850e-15 0.3626
5.9181e-16 0.3627
1.1524e-15 0.3257
3.0101e-15 0.2198
5.7392e-15 0.2272
5.9685e-15 0.2409
6.3984e-15 0.2191
0.0000e+00 1.0000
5.0349e-16 0.3734
0.0000e+00 1.0000
1.5453e-15 0.3982
3.0269e-15 0.3629
2.9513e-15 0.2784
2.8210e-15 0.2305
3.8406e-15 0.2260
5.1927e-15 0.2591
0.0000e+00 1.0000
0.0000e+00 1.0000
0.0000e+00 1.0000
5.0802e-16 0.3616
1.2084e-15 0.4175
9.0339e-16 0.4508
7.7293e-16 0.3621
7.0858e-16 0.4728
3.7463e-16 0.4853
7.2018e-16 0.4180
0.0000e+00 1.0000
5.6217e-16 0.3991
0.0000e+00 1.0000
8.0128e-16 0.3440
1.3760e-15 0.3069
2.0441e-15 0.4550
7.3365e-16 0.2756
4.5610e-16 0.3222
5.3765e-16 0.4129
0.0000e+00 1.0000
4.4020e-16 0.3769
1.4644e-15 0.3763
9.7765e-16 0.3007
9.1771e-16 0.2533
1.7615e-15 0.3276
2.3256e-15 0.3858
2.5508e-15 0.3109
0.0000e+00 1.0000
0.0000e+00 1.0000
9.9725e-16 0.3759
1.1835e-15 0.3127
2.3352e-15 0.3465
1.9416e-15 0.3084
1.7220e-15 0.2730
2.1613e-15 0.2815
1.3774e-15 0.3212
6.5971e-16 0.3901
7.0389e-16 0.4203
1.4035e-15 0.3598
2.0324e-15 0.3187
1.6206e-15 0.3202
2.9406e-15 0.2251
2.2464e-15 0.2739
3.9491e-15 0.3473
2.4677e-15 0.2739
6.6398e-16 0.3866
6.2589e-16 0.3953
3.7985e-16 0.4079
1.4950e-15 0.3167
2.5920e-15 0.2877
3.8869e-15 0.2745
3.7287e-15 0.2495
5.1604e-15 0.2455
5.3214e-15 0.2352
6.6096e-16 0.3913
4.1950e-16 0.3645
1.2898e-15 0.4332
1.6979e-15 0.3493
3.1630e-15 0.2993
2.4046e-15 0.2327
3.2221e-15 0.2470
5.9674e-15 0.2126
5.0323e-15 0.2168
3.3951e-16 0.3852
8.8552e-16 0.3620
1.5086e-15 0.4046
0.0000e+00 1.0000
3.0438e-15 0.2685
2.4342e-15 0.2296
5.8764e-15 0.3152
6.3899e-15 0.2311
5.1236e-15 0.2240
1.3463e-15 0.4413
6.4549e-16 0.3524
1.5800e-15 0.3382
3.8321e-16 0.3695
1.8731e-15 0.3886
2.8311e-15 0.2389
3.9854e-15 0.2362
2.2672e-15 0.3168
5.3789e-15 0.2567
