     9      9     21
d_kernel   u_kernel

1.3734e-15 0.3852
1.9384e-14 0.2011
5.5682e-14 0.1179
1.0102e-13 0.0879
1.0309e-13 0.0863
9.4026e-14 0.0939
6.3299e-14 0.1125
2.1790e-14 0.1882
8.0495e-15 0.3077
1.5433e-14 0.1785
8.4311e-14 0.0978
1.5752e-13 0.0728
2.1240e-13 0.0599
2.2180e-13 0.0577
2.0492e-13 0.0590
1.6435e-13 0.0691
7.2210e-14 0.1012
1.6110e-14 0.2033
7.1571e-14 0.1103
1.7770e-13 0.0684
2.5338e-13 0.0549
3.2673e-13 0.0482
3.4202e-13 0.0474
2.8640e-13 0.0509
2.5950e-13 0.0553
1.5031e-13 0.0707
4.0876e-14 0.1294
8.5635e-14 0.0972
1.9967e-13 0.0616
2.9115e-13 0.0515
5.8105e-13 0.0368
1.1804e-12 0.0239
5.0044e-13 0.0383
3.0425e-13 0.0496
1.8659e-13 0.0645
9.1594e-14 0.0966
9.7957e-14 0.0887
2.1790e-13 0.0576
3.1215e-13 0.0491
1.1277e-12 0.0246
1.1510e-09 0.0002
1.1959e-12 0.0237
3.3814e-13 0.0479
2.3655e-13 0.0575
1.0022e-13 0.0854
7.9929e-14 0.0969
1.8306e-13 0.0647
3.0596e-13 0.0506
5.0974e-13 0.0390
1.1847e-12 0.0242
5.0480e-13 0.0394
3.2101e-13 0.0499
2.4824e-13 0.0574
9.3665e-14 0.0901
5.4136e-14 0.1118
1.5850e-13 0.0701
2.6151e-13 0.0545
3.0125e-13 0.0506
3.2129e-13 0.0490
2.9122e-13 0.0513
2.4731e-13 0.0554
1.6699e-13 0.0696
6.2283e-14 0.1067
1.8831e-14 0.1819
7.5022e-14 0.0990
1.7073e-13 0.0668
2.1642e-13 0.0610
2.1655e-13 0.0585
2.2763e-13 0.0576
1.6194e-13 0.0713
8.4080e-14 0.0976
2.1541e-14 0.1850
3.8948e-15 0.3570
2.6225e-14 0.1782
6.4982e-14 0.1131
8.5747e-14 0.0964
9.1245e-14 0.0893
8.7949e-14 0.0893
4.9304e-14 0.1209
1.9996e-14 0.1912
1.0628e-15 0.3212
8.0907e-15 0.2943
3.6250e-14 0.1429
1.0361e-13 0.0849
1.7039e-13 0.0693
1.8012e-13 0.0660
1.6971e-13 0.0705
1.1327e-13 0.0858
4.2196e-14 0.1340
3.7097e-15 0.3542
3.8677e-14 0.1367
1.5633e-13 0.0715
3.0928e-13 0.0503
4.0427e-13 0.0439
4.3819e-13 0.0427
3.8320e-13 0.0441
2.9005e-13 0.0519
1.3809e-13 0.0756
2.5373e-14 0.1722
1.0022e-13 0.0894
2.9623e-13 0.0509
4.9010e-13 0.0405
6.5532e-13 0.0349
6.9674e-13 0.0334
6.1205e-13 0.0360
4.7855e-13 0.0402
2.7439e-13 0.0533
1.0316e-13 0.0915
1.7696e-13 0.0693
4.1532e-13 0.0437
6.2109e-13 0.0361
1.4880e-12 0.0230
4.3624e-12 0.0125
1.4598e-12 0.0233
6.1427e-13 0.0363
3.8864e-13 0.0451
1.5863e-13 0.0700
2.0735e-13 0.0645
4.2040e-13 0.0432
7.0037e-13 0.0341
4.2915e-12 0.0126
1.2177e-09 0.0002
4.4087e-12 0.0125
7.0819e-13 0.0336
4.3642e-13 0.0428
1.9786e-13 0.0630
1.6073e-13 0.0708
3.6671e-13 0.0461
5.9360e-13 0.0368
1.4236e-12 0.0236
4.2453e-12 0.0127
1.4565e-12 0.0232
6.1425e-13 0.0363
3.9687e-13 0.0449
1.8156e-13 0.0670
1.0491e-13 0.0846
3.2692e-13 0.0500
4.9732e-13 0.0402
6.2187e-13 0.0355
7.1714e-13 0.0337
6.0356e-13 0.0362
4.8582e-13 0.0403
3.2159e-13 0.0510
1.0553e-13 0.0870
3.6218e-14 0.1322
1.4718e-13 0.0765
3.2141e-13 0.0491
3.8251e-13 0.0460
4.6625e-13 0.0423
3.9880e-13 0.0440
2.7356e-13 0.0539
1.3147e-13 0.0770
3.7313e-14 0.1526
4.7591e-15 0.3090
4.3466e-14 0.1335
1.0136e-13 0.0879
1.5043e-13 0.0716
2.2014e-13 0.0624
1.6335e-13 0.0686
9.8696e-14 0.0918
3.1774e-14 0.1563
5.0270e-15 0.3371
7.5763e-15 0.2738
4.3441e-14 0.1350
1.6001e-13 0.0717
2.9810e-13 0.0519
3.5055e-13 0.0484
2.5708e-13 0.0568
1.5118e-13 0.0720
5.5507e-14 0.1185
6.8092e-15 0.2527
4.7426e-14 0.1241
2.2952e-13 0.0589
5.2583e-13 0.0400
7.4006e-13 0.0327
8.0463e-13 0.0315
7.4169e-13 0.0332
5.0410e-13 0.0398
2.3506e-13 0.0576
4.0931e-14 0.1390
1.5031e-13 0.0716
5.1760e-13 0.0395
8.9765e-13 0.0299
1.2026e-12 0.0257
1.5093e-12 0.0233
1.2613e-12 0.0254
9.3776e-13 0.0296
5.2239e-13 0.0400
1.7448e-13 0.0692
3.0690e-13 0.0521
7.3432e-13 0.0326
1.2822e-12 0.0252
3.7435e-12 0.0144
1.3680e-11 0.0068
3.7225e-12 0.0145
1.1475e-12 0.0264
7.1676e-13 0.0338
2.9156e-13 0.0521
3.2249e-13 0.0517
7.7720e-13 0.0319
1.4773e-12 0.0232
1.3480e-11 0.0068
1.2334e-09 0.0003
1.3564e-11 0.0068
1.5019e-12 0.0232
8.0578e-13 0.0314
3.3115e-13 0.0506
2.7555e-13 0.0546
7.1716e-13 0.0336
1.2066e-12 0.0258
3.6776e-12 0.0146
1.3376e-11 0.0069
3.6774e-12 0.0145
1.2670e-12 0.0254
7.7926e-13 0.0326
2.7141e-13 0.0540
1.4844e-13 0.0717
5.0687e-13 0.0396
8.9270e-13 0.0302
1.2422e-12 0.0253
1.5013e-12 0.0232
1.2342e-12 0.0258
8.7817e-13 0.0303
5.2364e-13 0.0389
1.5793e-13 0.0719
4.8526e-14 0.1279
2.1848e-13 0.0593
4.9850e-13 0.0399
7.0235e-13 0.0336
8.5191e-13 0.0310
7.0364e-13 0.0343
5.0841e-13 0.0399
2.4564e-13 0.0575
6.0311e-14 0.1169
6.5793e-15 0.3112
4.6742e-14 0.1146
1.5194e-13 0.0713
2.7247e-13 0.0536
3.5522e-13 0.0477
2.6642e-13 0.0537
1.6354e-13 0.0701
4.8420e-14 0.1239
8.0455e-15 0.2678
8.0898e-15 0.2452
7.1800e-14 0.1081
2.4248e-13 0.0568
4.5807e-13 0.0414
5.3382e-13 0.0390
4.2511e-13 0.0436
2.2157e-13 0.0593
6.7404e-14 0.1024
1.2006e-14 0.2344
7.0645e-14 0.1066
3.8221e-13 0.0466
8.9273e-13 0.0304
1.3023e-12 0.0251
1.5046e-12 0.0234
1.2963e-12 0.0250
8.8804e-13 0.0304
3.8466e-13 0.0462
6.5221e-14 0.1077
2.4804e-13 0.0579
9.0970e-13 0.0300
1.6786e-12 0.0222
2.5323e-12 0.0182
3.1171e-12 0.0162
2.5308e-12 0.0181
1.6887e-12 0.0219
9.0688e-13 0.0305
2.3859e-13 0.0576
4.4101e-13 0.0420
1.2983e-12 0.0251
2.5756e-12 0.0179
9.8220e-12 0.0087
4.3347e-11 0.0036
9.6916e-12 0.0087
2.4538e-12 0.0183
1.3231e-12 0.0251
4.8221e-13 0.0415
4.9987e-13 0.0395
1.4481e-12 0.0235
3.1533e-12 0.0161
4.3502e-11 0.0036
1.1466e-09 0.0003
4.3239e-11 0.0036
3.1763e-12 0.0161
1.4972e-12 0.0233
5.2884e-13 0.0391
4.2643e-13 0.0443
1.2907e-12 0.0252
2.4677e-12 0.0183
9.6854e-12 0.0088
4.3273e-11 0.0036
9.7716e-12 0.0087
2.4858e-12 0.0182
1.3013e-12 0.0250
4.6849e-13 0.0419
2.3159e-13 0.0580
8.6028e-13 0.0308
1.6301e-12 0.0223
2.5792e-12 0.0179
3.0725e-12 0.0163
2.5206e-12 0.0181
1.6121e-12 0.0224
8.8865e-13 0.0302
2.3488e-13 0.0576
5.6119e-14 0.1143
3.4362e-13 0.0488
8.8294e-13 0.0306
1.3034e-12 0.0251
1.4416e-12 0.0240
1.2773e-12 0.0254
8.7275e-13 0.0301
3.5274e-13 0.0476
7.5584e-14 0.1036
8.4808e-15 0.2556
6.9779e-14 0.1031
2.2953e-13 0.0593
4.3788e-13 0.0430
5.1504e-13 0.0403
4.5007e-13 0.0425
2.2908e-13 0.0585
6.8366e-14 0.1064
4.2727e-15 0.3069
6.2016e-15 0.2751
8.2630e-14 0.0927
3.5329e-13 0.0482
6.8706e-13 0.0348
8.3547e-13 0.0320
6.8556e-13 0.0347
3.4425e-13 0.0491
8.8230e-14 0.0928
1.4158e-14 0.1982
8.4046e-14 0.0922
5.3317e-13 0.0394
1.4382e-12 0.0242
2.2645e-12 0.0192
2.6069e-12 0.0178
2.2651e-12 0.0192
1.4085e-12 0.0241
5.2891e-13 0.0391
7.6263e-14 0.0972
3.4994e-13 0.0486
1.4402e-12 0.0240
3.0105e-12 0.0165
5.1991e-12 0.0127
6.7187e-12 0.0109
5.1726e-12 0.0127
3.1327e-12 0.0164
1.4054e-12 0.0244
3.2827e-13 0.0500
6.7042e-13 0.0346
2.3297e-12 0.0192
5.2060e-12 0.0127
2.4330e-11 0.0054
9.5414e-11 0.0024
2.3998e-11 0.0054
4.9759e-12 0.0128
2.2133e-12 0.0193
6.2199e-13 0.0358
8.3096e-13 0.0314
2.6498e-12 0.0177
6.8740e-12 0.0108
9.5285e-11 0.0024
9.2269e-10 0.0004
9.5233e-11 0.0024
6.8794e-12 0.0109
2.6432e-12 0.0178
8.3700e-13 0.0318
6.8415e-13 0.0350
2.1555e-12 0.0197
5.0175e-12 0.0129
2.4154e-11 0.0054
9.5305e-11 0.0024
2.4097e-11 0.0054
5.1555e-12 0.0127
2.2095e-12 0.0192
6.6324e-13 0.0347
3.3319e-13 0.0480
1.3947e-12 0.0243
2.9898e-12 0.0167
5.1599e-12 0.0128
6.8257e-12 0.0108
5.0371e-12 0.0128
3.0836e-12 0.0166
1.4202e-12 0.0242
3.3463e-13 0.0490
7.6480e-14 0.1019
5.4357e-13 0.0386
1.4521e-12 0.0240
2.2596e-12 0.0194
2.5602e-12 0.0181
2.3065e-12 0.0191
1.4701e-12 0.0237
5.5884e-13 0.0394
8.9141e-14 0.0886
9.8725e-15 0.2386
8.8796e-14 0.0904
3.1981e-13 0.0493
6.4762e-13 0.0356
8.1145e-13 0.0320
6.7057e-13 0.0348
3.3296e-13 0.0492
9.3156e-14 0.0905
8.9484e-15 0.2437
9.9962e-15 0.2306
9.6169e-14 0.0861
4.5374e-13 0.0412
9.1386e-13 0.0301
1.1745e-12 0.0266
9.2418e-13 0.0297
4.5029e-13 0.0426
8.4189e-14 0.0910
7.5630e-15 0.2364
9.2243e-14 0.0903
7.7019e-13 0.0331
2.1964e-12 0.0195
3.6960e-12 0.0151
4.4633e-12 0.0137
3.7308e-12 0.0151
2.1298e-12 0.0198
7.2376e-13 0.0337
9.0628e-14 0.0860
4.2726e-13 0.0428
2.2189e-12 0.0196
5.3154e-12 0.0126
9.9532e-12 0.0091
1.3599e-11 0.0076
9.7885e-12 0.0092
5.3356e-12 0.0127
2.1600e-12 0.0197
4.2665e-13 0.0426
9.3816e-13 0.0297
3.6860e-12 0.0151
9.8228e-12 0.0092
4.6228e-11 0.0038
1.3748e-10 0.0020
4.6064e-11 0.0038
9.7953e-12 0.0092
3.7468e-12 0.0151
9.2268e-13 0.0297
1.1478e-12 0.0269
4.4313e-12 0.0138
1.3615e-11 0.0076
1.3704e-10 0.0020
6.6658e-10 0.0006
1.3743e-10 0.0020
1.3745e-11 0.0076
4.3870e-12 0.0139
1.1548e-12 0.0266
9.1647e-13 0.0297
3.6959e-12 0.0151
9.8967e-12 0.0092
4.6292e-11 0.0038
1.3729e-10 0.0020
4.6082e-11 0.0038
9.9061e-12 0.0091
3.6716e-12 0.0152
9.2843e-13 0.0300
4.3884e-13 0.0417
2.1393e-12 0.0200
5.2068e-12 0.0128
9.9399e-12 0.0091
1.3768e-11 0.0076
9.9809e-12 0.0091
5.3187e-12 0.0127
2.1368e-12 0.0199
4.4843e-13 0.0421
8.6786e-14 0.0921
7.5585e-13 0.0329
2.1989e-12 0.0198
3.7185e-12 0.0151
4.5042e-12 0.0137
3.7579e-12 0.0151
2.1923e-12 0.0195
7.3227e-13 0.0336
8.9669e-14 0.0844
8.0763e-15 0.2448
9.7803e-14 0.0846
4.1655e-13 0.0436
9.1256e-13 0.0297
1.1947e-12 0.0263
9.3216e-13 0.0297
4.0925e-13 0.0436
9.8525e-14 0.0835
4.7711e-15 0.2112
6.3181e-15 0.2604
9.2336e-14 0.0876
5.0072e-13 0.0386
1.1710e-12 0.0263
1.4983e-12 0.0233
1.1559e-12 0.0263
4.7536e-13 0.0405
8.3549e-14 0.0906
4.3928e-15 0.2758
8.9743e-14 0.0869
8.7827e-13 0.0302
3.0130e-12 0.0167
5.6132e-12 0.0123
6.8505e-12 0.0111
5.5775e-12 0.0124
2.9812e-12 0.0168
8.8523e-13 0.0305
8.4714e-14 0.0869
5.2525e-13 0.0392
2.9916e-12 0.0168
8.3776e-12 0.0101
1.6758e-11 0.0070
2.3380e-11 0.0058
1.6778e-11 0.0069
8.3859e-12 0.0101
2.9906e-12 0.0168
4.8314e-13 0.0392
1.1306e-12 0.0269
5.6592e-12 0.0123
1.6807e-11 0.0069
6.6685e-11 0.0031
1.5190e-10 0.0019
6.6610e-11 0.0031
1.6825e-11 0.0069
5.6090e-12 0.0124
1.1465e-12 0.0268
1.5015e-12 0.0233
6.7352e-12 0.0112
2.3212e-11 0.0058
1.5196e-10 0.0019
4.6333e-10 0.0009
1.5183e-10 0.0019
2.3071e-11 0.0058
6.7839e-12 0.0112
1.4326e-12 0.0237
1.0963e-12 0.0268
5.7110e-12 0.0122
1.6950e-11 0.0069
6.6584e-11 0.0031
1.5207e-10 0.0019
6.6787e-11 0.0031
1.6812e-11 0.0069
5.5176e-12 0.0124
1.1082e-12 0.0266
4.6656e-13 0.0405
3.0075e-12 0.0167
8.3337e-12 0.0101
1.6826e-11 0.0069
2.3459e-11 0.0058
1.6789e-11 0.0070
8.1913e-12 0.0101
2.9805e-12 0.0169
5.0044e-13 0.0391
9.3456e-14 0.0884
9.0875e-13 0.0296
3.0185e-12 0.0169
5.5951e-12 0.0123
6.8305e-12 0.0111
5.7029e-12 0.0123
3.0973e-12 0.0165
9.1608e-13 0.0295
1.0432e-13 0.0851
3.9702e-15 0.2226
8.0443e-14 0.0900
5.0927e-13 0.0395
1.1860e-12 0.0260
1.5532e-12 0.0228
1.1483e-12 0.0264
5.0542e-13 0.0390
8.4097e-14 0.0904
5.7517e-15 0.2724
4.0761e-15 0.2558
8.6469e-14 0.0854
5.2346e-13 0.0376
1.2482e-12 0.0252
1.7551e-12 0.0214
1.2682e-12 0.0248
4.8937e-13 0.0390
7.8049e-14 0.0898
4.0027e-15 0.2700
7.9881e-14 0.0943
9.3944e-13 0.0287
3.7668e-12 0.0149
7.4002e-12 0.0106
9.3155e-12 0.0095
7.3813e-12 0.0107
3.6776e-12 0.0151
9.5206e-13 0.0288
7.4999e-14 0.0920
4.7756e-13 0.0388
3.7008e-12 0.0150
1.1428e-11 0.0086
2.3921e-11 0.0058
3.2825e-11 0.0048
2.4057e-11 0.0058
1.1495e-11 0.0086
3.6805e-12 0.0151
4.8449e-13 0.0396
1.2363e-12 0.0252
7.4449e-12 0.0106
2.4059e-11 0.0057
7.8428e-11 0.0029
1.4531e-10 0.0020
7.8078e-11 0.0029
2.4398e-11 0.0057
7.4966e-12 0.0106
1.2506e-12 0.0249
1.6700e-12 0.0219
9.1012e-12 0.0096
3.2858e-11 0.0048
1.4516e-10 0.0020
3.2202e-10 0.0011
1.4487e-10 0.0020
3.2504e-11 0.0048
9.1611e-12 0.0095
1.6737e-12 0.0217
1.3118e-12 0.0245
7.4720e-12 0.0106
2.4134e-11 0.0058
7.7626e-11 0.0029
1.4516e-10 0.0020
7.8376e-11 0.0029
2.4260e-11 0.0057
7.4410e-12 0.0107
1.2930e-12 0.0247
4.7716e-13 0.0395
3.6874e-12 0.0150
1.1451e-11 0.0086
2.4184e-11 0.0057
3.2677e-11 0.0048
2.3940e-11 0.0058
1.1544e-11 0.0085
3.7277e-12 0.0150
5.2428e-13 0.0376
7.0800e-14 0.0960
9.0598e-13 0.0291
3.6510e-12 0.0151
7.4824e-12 0.0106
9.2545e-12 0.0095
7.4616e-12 0.0106
3.7414e-12 0.0151
9.5834e-13 0.0285
8.9854e-14 0.0859
4.5305e-15 0.2838
7.2246e-14 0.0916
5.1381e-13 0.0379
1.2452e-12 0.0250
1.6293e-12 0.0221
1.2439e-12 0.0251
4.9711e-13 0.0383
6.3447e-14 0.1041
4.8269e-15 0.2928
3.1827e-15 0.2725
5.0406e-14 0.1089
3.8328e-13 0.0430
1.1795e-12 0.0253
1.6969e-12 0.0213
1.2169e-12 0.0250
4.1990e-13 0.0406
6.2935e-14 0.0980
4.0023e-15 0.2765
4.9170e-14 0.1118
8.3994e-13 0.0302
3.9716e-12 0.0144
8.6764e-12 0.0098
1.0956e-11 0.0087
8.5249e-12 0.0099
3.9005e-12 0.0145
7.9740e-13 0.0305
5.1997e-14 0.1046
3.9196e-13 0.0421
4.0026e-12 0.0143
1.3831e-11 0.0077
2.9293e-11 0.0052
3.8972e-11 0.0044
2.9204e-11 0.0052
1.3739e-11 0.0078
3.9967e-12 0.0143
4.2812e-13 0.0414
1.1834e-12 0.0252
8.6561e-12 0.0098
2.9379e-11 0.0052
8.0082e-11 0.0029
1.2767e-10 0.0021
7.9849e-11 0.0029
2.9143e-11 0.0052
8.6108e-12 0.0098
1.1902e-12 0.0252
1.6351e-12 0.0218
1.0993e-11 0.0087
3.9227e-11 0.0044
1.2772e-10 0.0021
2.2815e-10 0.0014
1.2736e-10 0.0021
3.8981e-11 0.0044
1.0963e-11 0.0087
1.6020e-12 0.0219
1.2321e-12 0.0248
8.4272e-12 0.0099
2.9241e-11 0.0052
7.9638e-11 0.0029
1.2805e-10 0.0021
8.0162e-11 0.0029
2.9418e-11 0.0052
8.5575e-12 0.0098
1.1417e-12 0.0257
3.7974e-13 0.0423
3.8791e-12 0.0144
1.3732e-11 0.0078
2.9189e-11 0.0052
3.8787e-11 0.0044
2.9137e-11 0.0052
1.3963e-11 0.0077
4.0254e-12 0.0143
4.1388e-13 0.0416
4.5206e-14 0.1073
8.2178e-13 0.0297
3.8493e-12 0.0145
8.5032e-12 0.0098
1.0719e-11 0.0088
8.5716e-12 0.0098
3.8524e-12 0.0145
8.2749e-13 0.0298
5.6729e-14 0.0978
3.1002e-15 0.2762
5.9426e-14 0.1011
4.0949e-13 0.0415
1.2047e-12 0.0253
1.5278e-12 0.0224
1.1709e-12 0.0254
4.1716e-13 0.0407
3.9558e-14 0.1154
6.6909e-15 0.3371
3.3741e-15 0.2404
2.4622e-14 0.1513
2.5193e-13 0.0508
9.1271e-13 0.0278
1.3454e-12 0.0232
8.5214e-13 0.0286
2.5493e-13 0.0496
2.4711e-14 0.1375
2.1735e-15 0.2018
2.6022e-14 0.1396
5.7571e-13 0.0350
3.3919e-12 0.0152
8.4222e-12 0.0098
1.0768e-11 0.0087
8.2872e-12 0.0099
3.4745e-12 0.0150
5.7251e-13 0.0345
2.8389e-14 0.1450
2.6048e-13 0.0495
3.5176e-12 0.0150
1.4376e-11 0.0075
3.0790e-11 0.0050
4.0312e-11 0.0043
3.0763e-11 0.0050
1.4316e-11 0.0076
3.5144e-12 0.0150
2.7047e-13 0.0492
8.8714e-13 0.0283
8.3740e-12 0.0099
3.0697e-11 0.0050
7.4091e-11 0.0030
1.0723e-10 0.0024
7.4548e-11 0.0030
3.0676e-11 0.0050
8.4730e-12 0.0098
8.6072e-13 0.0287
1.2752e-12 0.0241
1.1078e-11 0.0086
4.0457e-11 0.0043
1.0730e-10 0.0024
1.6499e-10 0.0018
1.0721e-10 0.0024
4.0305e-11 0.0043
1.0926e-11 0.0086
1.2380e-12 0.0242
8.6507e-13 0.0286
8.4010e-12 0.0098
3.0701e-11 0.0050
7.4197e-11 0.0030
1.0753e-10 0.0024
7.3837e-11 0.0030
3.0739e-11 0.0050
8.3539e-12 0.0098
9.0025e-13 0.0280
2.4269e-13 0.0525
3.4520e-12 0.0151
1.4241e-11 0.0076
3.0632e-11 0.0050
4.0402e-11 0.0043
3.0777e-11 0.0050
1.4199e-11 0.0076
3.4086e-12 0.0152
2.5827e-13 0.0500
2.4561e-14 0.1456
6.0917e-13 0.0342
3.3886e-12 0.0152
8.3127e-12 0.0099
1.0897e-11 0.0086
8.5085e-12 0.0097
3.4861e-12 0.0150
5.5837e-13 0.0350
1.9069e-14 0.1498
3.9150e-15 0.2112
2.2499e-14 0.1457
2.2928e-13 0.0514
8.8635e-13 0.0283
1.2350e-12 0.0244
8.7715e-13 0.0285
2.8068e-13 0.0490
1.9164e-14 0.1594
3.6474e-15 0.3014
5.0059e-15 0.2320
1.2537e-14 0.1654
1.1530e-13 0.0710
4.7228e-13 0.0371
7.4164e-13 0.0299
5.0544e-13 0.0361
1.1617e-13 0.0708
9.7132e-15 0.1819
2.7549e-15 0.1904
9.2971e-15 0.1982
3.0146e-13 0.0463
2.4810e-12 0.0174
6.7775e-12 0.0107
9.0406e-12 0.0093
6.7338e-12 0.0107
2.4451e-12 0.0174
3.0371e-13 0.0460
1.3336e-14 0.1820
1.1262e-13 0.0711
2.4641e-12 0.0173
1.2145e-11 0.0081
2.7888e-11 0.0053
3.6459e-11 0.0045
2.8115e-11 0.0052
1.2313e-11 0.0080
2.4724e-12 0.0172
1.2657e-13 0.0687
4.9481e-13 0.0359
6.8043e-12 0.0107
2.7990e-11 0.0053
6.3880e-11 0.0033
8.6667e-11 0.0027
6.3923e-11 0.0033
2.7668e-11 0.0053
6.7583e-12 0.0107
4.9786e-13 0.0363
7.6192e-13 0.0294
9.0391e-12 0.0093
3.6689e-11 0.0045
8.7211e-11 0.0027
1.2150e-10 0.0022
8.7039e-11 0.0027
3.6639e-11 0.0046
9.0734e-12 0.0093
7.2897e-13 0.0304
4.8282e-13 0.0370
6.6720e-12 0.0108
2.7916e-11 0.0053
6.4117e-11 0.0033
8.6876e-11 0.0027
6.3500e-11 0.0033
2.7649e-11 0.0053
6.7254e-12 0.0108
5.0378e-13 0.0364
1.1112e-13 0.0736
2.4911e-12 0.0173
1.2256e-11 0.0081
2.7886e-11 0.0053
3.6501e-11 0.0045
2.7920e-11 0.0052
1.2225e-11 0.0080
2.4369e-12 0.0173
1.1476e-13 0.0695
9.8859e-15 0.2403
3.0011e-13 0.0453
2.4251e-12 0.0174
6.7439e-12 0.0107
9.1825e-12 0.0092
6.8202e-12 0.0107
2.5122e-12 0.0172
2.8300e-13 0.0478
8.5472e-15 0.2129
2.0566e-15 0.1905
9.4498e-15 0.1890
1.2317e-13 0.0697
4.8500e-13 0.0364
7.2924e-13 0.0304
4.7911e-13 0.0368
1.1845e-13 0.0714
1.0431e-14 0.2048
2.7645e-15 0.2232
4.7654e-15 0.2453
5.3933e-15 0.2294
4.3065e-14 0.1031
1.9137e-13 0.0558
3.1967e-13 0.0446
1.9090e-13 0.0561
3.9014e-14 0.1151
5.6585e-15 0.2263
4.2890e-15 0.2691
7.5225e-15 0.2063
9.6608e-14 0.0729
1.2806e-12 0.0230
4.2942e-12 0.0130
6.0766e-12 0.0110
4.2982e-12 0.0131
1.3024e-12 0.0231
1.0975e-13 0.0709
5.4620e-15 0.2390
3.9406e-14 0.1177
1.2823e-12 0.0232
8.4243e-12 0.0095
2.1371e-11 0.0060
2.8517e-11 0.0051
2.1546e-11 0.0059
8.5374e-12 0.0094
1.3073e-12 0.0231
3.9380e-14 0.1109
1.9216e-13 0.0555
4.2105e-12 0.0131
2.1251e-11 0.0060
5.0137e-11 0.0038
6.6292e-11 0.0032
4.9932e-11 0.0038
2.1278e-11 0.0060
4.1561e-12 0.0132
1.8212e-13 0.0562
3.2362e-13 0.0432
6.0127e-12 0.0111
2.8372e-11 0.0051
6.6380e-11 0.0032
8.9135e-11 0.0027
6.6491e-11 0.0032
2.8351e-11 0.0051
5.9681e-12 0.0111
3.2517e-13 0.0439
2.0151e-13 0.0536
4.1984e-12 0.0132
2.1422e-11 0.0060
4.9972e-11 0.0038
6.6270e-11 0.0032
5.0007e-11 0.0038
2.1388e-11 0.0060
4.2095e-12 0.0132
1.8819e-13 0.0554
3.7386e-14 0.1127
1.2678e-12 0.0231
8.4078e-12 0.0095
2.1292e-11 0.0060
2.8685e-11 0.0051
2.1557e-11 0.0059
8.5080e-12 0.0094
1.2832e-12 0.0228
4.3643e-14 0.1114
6.5763e-15 0.2398
1.1188e-13 0.0723
1.2758e-12 0.0232
4.1495e-12 0.0132
5.9994e-12 0.0111
4.2496e-12 0.0131
1.2874e-12 0.0230
1.0991e-13 0.0739
3.8339e-15 0.2150
3.2391e-15 0.2676
6.0027e-15 0.2681
4.3063e-14 0.1117
1.8494e-13 0.0557
3.1035e-13 0.0449
1.7051e-13 0.0578
3.6586e-14 0.1145
7.9431e-15 0.2230
1.8435e-15 0.2157
4.0273e-15 0.2701
6.1923e-15 0.1931
1.0585e-14 0.1657
5.2750e-14 0.0974
8.7442e-14 0.0772
5.9230e-14 0.0937
1.0274e-14 0.1682
7.2605e-15 0.2106
4.2641e-15 0.1610
7.6938e-15 0.2325
2.6040e-14 0.1218
4.3286e-13 0.0369
1.8939e-12 0.0189
2.7852e-12 0.0156
1.8495e-12 0.0190
4.0665e-13 0.0384
3.1721e-14 0.1176
4.8784e-15 0.3377
9.9072e-15 0.1744
4.4316e-13 0.0367
4.3301e-12 0.0128
1.2832e-11 0.0076
1.7901e-11 0.0064
1.3076e-11 0.0075
4.2763e-12 0.0128
4.2014e-13 0.0375
1.0550e-14 0.1673
4.7243e-14 0.1013
1.7918e-12 0.0193
1.2882e-11 0.0076
3.3772e-11 0.0046
4.5141e-11 0.0040
3.3589e-11 0.0046
1.2944e-11 0.0075
1.7547e-12 0.0194
4.1599e-14 0.1081
8.3281e-14 0.0776
2.9059e-12 0.0154
1.8050e-11 0.0064
4.5280e-11 0.0040
6.0514e-11 0.0034
4.5514e-11 0.0040
1.8167e-11 0.0064
2.8122e-12 0.0156
8.5445e-14 0.0784
4.6520e-14 0.0998
1.8246e-12 0.0191
1.2883e-11 0.0075
3.3502e-11 0.0046
4.5116e-11 0.0040
3.3702e-11 0.0046
1.2803e-11 0.0076
1.8555e-12 0.0189
4.7344e-14 0.1035
1.2241e-14 0.1570
4.2200e-13 0.0380
4.2754e-12 0.0129
1.3002e-11 0.0075
1.8209e-11 0.0064
1.3029e-11 0.0075
4.3379e-12 0.0128
4.3451e-13 0.0372
1.1523e-14 0.1555
5.0667e-15 0.2037
3.2015e-14 0.1271
4.4039e-13 0.0367
1.8391e-12 0.0192
2.8534e-12 0.0154
1.8330e-12 0.0191
4.5079e-13 0.0367
2.7183e-14 0.1313
5.4640e-15 0.2235
2.4197e-15 0.2811
5.4483e-15 0.2293
1.0568e-14 0.1810
5.2406e-14 0.1004
8.5473e-14 0.0759
4.8924e-14 0.0946
1.2352e-14 0.1806
4.5422e-15 0.1842
5.1638e-15 0.3421
4.5306e-15 0.3402
4.9850e-15 0.1920
1.0533e-14 0.1941
1.6097e-14 0.1596
1.5667e-14 0.1548
1.4153e-14 0.1772
1.0222e-14 0.1647
9.4145e-15 0.2502
5.9906e-15 0.2801
6.4728e-15 0.2549
1.1704e-14 0.1716
8.3783e-14 0.0775
4.8431e-13 0.0344
8.1252e-13 0.0274
4.9080e-13 0.0342
9.2813e-14 0.0701
1.1002e-14 0.2162
5.1591e-15 0.2395
6.7211e-15 0.1881
8.3396e-14 0.0761
1.4245e-12 0.0211
5.5343e-12 0.0111
8.2204e-12 0.0092
5.5877e-12 0.0111
1.3936e-12 0.0213
8.1862e-14 0.0785
8.1295e-15 0.1781
1.3099e-14 0.1763
4.4585e-13 0.0358
5.3908e-12 0.0113
1.7534e-11 0.0064
2.4821e-11 0.0053
1.7615e-11 0.0064
5.4179e-12 0.0112
4.6913e-13 0.0356
1.3306e-14 0.1720
1.6523e-14 0.1575
8.5302e-13 0.0266
8.2397e-12 0.0092
2.4813e-11 0.0053
3.4159e-11 0.0045
2.4765e-11 0.0053
8.3106e-12 0.0092
8.2682e-13 0.0269
1.9883e-14 0.1372
1.5370e-14 0.1730
4.7383e-13 0.0347
5.4497e-12 0.0113
1.7562e-11 0.0064
2.4761e-11 0.0054
1.7430e-11 0.0064
5.4805e-12 0.0111
4.8631e-13 0.0348
1.3918e-14 0.1663
5.2622e-15 0.1718
8.6475e-14 0.0753
1.3869e-12 0.0213
5.5135e-12 0.0112
8.2683e-12 0.0092
5.4358e-12 0.0112
1.3516e-12 0.0213
8.7352e-14 0.0772
8.7684e-15 0.1857
4.6848e-15 0.2370
1.2156e-14 0.1638
8.4884e-14 0.0763
4.6023e-13 0.0354
8.4726e-13 0.0268
5.0720e-13 0.0339
8.1144e-14 0.0753
1.6758e-14 0.1577
6.8388e-15 0.2085
4.8809e-15 0.2944
6.2545e-15 0.1966
1.0601e-14 0.1741
1.3968e-14 0.1780
1.7760e-14 0.1509
1.2684e-14 0.1794
1.0004e-14 0.1617
3.4812e-15 0.2050
4.4088e-15 0.2238
6.1321e-15 0.2368
6.3012e-15 0.2017
7.6478e-15 0.1841
1.2139e-14 0.1704
1.0793e-14 0.1668
1.2049e-14 0.1749
9.9266e-15 0.1847
5.4627e-15 0.1819
3.2384e-15 0.2405
7.1574e-15 0.2309
1.0851e-14 0.1898
2.3187e-14 0.1284
6.4172e-14 0.0829
1.2206e-13 0.0632
6.6379e-14 0.0797
2.0395e-14 0.1265
6.5425e-15 0.1851
4.5942e-15 0.2620
5.9641e-15 0.1889
2.1963e-14 0.1236
2.4211e-13 0.0461
1.3354e-12 0.0212
2.2736e-12 0.0165
1.3268e-12 0.0213
2.4520e-13 0.0471
2.3046e-14 0.1209
8.1589e-15 0.2333
1.0789e-14 0.1630
7.0691e-14 0.0775
1.3060e-12 0.0214
5.9106e-12 0.0105
9.1414e-12 0.0085
5.8966e-12 0.0106
1.3291e-12 0.0212
7.3503e-14 0.0772
1.1346e-14 0.1702
9.0171e-15 0.1599
1.2920e-13 0.0607
2.2501e-12 0.0166
9.0446e-12 0.0086
1.3689e-11 0.0070
9.1849e-12 0.0085
2.2355e-12 0.0166
1.3607e-13 0.0587
1.3777e-14 0.1926
1.0184e-14 0.1797
7.1720e-14 0.0801
1.2538e-12 0.0216
5.8762e-12 0.0106
9.0244e-12 0.0086
5.8919e-12 0.0105
1.3278e-12 0.0210
6.7422e-14 0.0796
1.0485e-14 0.1548
6.5753e-15 0.1783
2.1002e-14 0.1407
2.2567e-13 0.0474
1.3166e-12 0.0214
2.2683e-12 0.0166
1.3100e-12 0.0212
2.3720e-13 0.0462
1.8745e-14 0.1476
6.2340e-15 0.1830
5.5959e-15 0.2272
9.7058e-15 0.1514
1.9540e-14 0.1481
7.0827e-14 0.0803
1.2539e-13 0.0646
7.4998e-14 0.0751
2.4144e-14 0.1341
1.4786e-14 0.1708
8.3567e-15 0.2083
3.9425e-15 0.1979
9.3301e-15 0.2489
8.4701e-15 0.1903
1.0848e-14 0.1497
1.2409e-14 0.1445
1.1310e-14 0.1821
9.2240e-15 0.1635
4.9243e-15 0.2038
4.7147e-15 0.2023
7.5061e-15 0.2526
7.3913e-15 0.2569
8.4969e-15 0.2263
1.0861e-14 0.1710
1.3453e-14 0.1448
1.0185e-14 0.1757
7.6594e-15 0.1556
6.6257e-15 0.2162
3.6970e-15 0.2647
5.5411e-15 0.2555
1.2841e-14 0.1463
2.1449e-14 0.1433
2.4111e-14 0.1223
2.2276e-14 0.1221
1.9668e-14 0.1233
1.5396e-14 0.1402
7.4838e-15 0.1937
7.1485e-15 0.2101
1.0933e-14 0.2030
1.5662e-14 0.1383
3.4288e-14 0.0991
1.6285e-13 0.0542
2.8299e-13 0.0424
1.6015e-13 0.0543
3.4272e-14 0.1023
2.0553e-14 0.1494
9.1818e-15 0.1999
9.9535e-15 0.1937
1.8568e-14 0.1310
1.5730e-13 0.0553
9.8406e-13 0.0236
1.7482e-12 0.0183
9.7234e-13 0.0239
1.7751e-13 0.0513
2.9300e-14 0.1319
1.4917e-14 0.1894
1.3476e-14 0.1741
2.5261e-14 0.1134
2.8962e-13 0.0418
1.7511e-12 0.0182
3.0129e-12 0.0141
1.7240e-12 0.0184
2.9751e-13 0.0405
3.1997e-14 0.1133
1.1787e-14 0.2133
1.2341e-14 0.1831
2.6776e-14 0.1106
1.5407e-13 0.0555
9.8714e-13 0.0240
1.6606e-12 0.0187
9.6138e-13 0.0240
1.5531e-13 0.0565
2.3934e-14 0.1290
1.5652e-14 0.1744
8.4111e-15 0.1718
1.6120e-14 0.1405
3.1786e-14 0.1056
1.5046e-13 0.0570
3.1272e-13 0.0397
1.5643e-13 0.0548
2.8636e-14 0.1136
1.6193e-14 0.1416
1.0664e-14 0.1884
6.4646e-15 0.1923
1.1543e-14 0.1691
1.3620e-14 0.1530
1.7202e-14 0.1238
2.5657e-14 0.1174
2.2990e-14 0.1240
1.5586e-14 0.1596
1.0652e-14 0.1965
7.8724e-15 0.1638
5.0627e-15 0.2388
8.5113e-15 0.2202
1.0106e-14 0.2079
1.3276e-14 0.1562
1.0857e-14 0.1413
1.1156e-14 0.1555
9.5390e-15 0.1741
6.2623e-15 0.1810
6.4163e-15 0.3010
5.4906e-15 0.2190
8.2031e-15 0.1997
9.3080e-15 0.1757
1.0753e-14 0.2023
1.3082e-14 0.1796
8.5070e-15 0.1928
7.1144e-15 0.2202
7.2951e-15 0.2329
3.1763e-15 0.2319
6.8638e-15 0.1727
1.6342e-14 0.1993
1.7218e-14 0.1461
2.0510e-14 0.1311
2.2562e-14 0.1385
1.8168e-14 0.1306
1.1400e-14 0.1540
9.5316e-15 0.2066
7.3800e-15 0.2294
6.6316e-15 0.1711
1.1748e-14 0.1516
2.6374e-14 0.1132
4.2362e-14 0.1024
5.8314e-14 0.0851
3.4495e-14 0.0938
2.3570e-14 0.1257
1.8779e-14 0.1425
7.9532e-15 0.1665
1.1469e-14 0.1857
1.7660e-14 0.1344
4.0881e-14 0.0984
1.1165e-13 0.0644
1.8964e-13 0.0495
1.0122e-13 0.0638
4.1738e-14 0.0850
2.1394e-14 0.1334
1.2904e-14 0.1671
1.3474e-14 0.1876
2.6625e-14 0.1186
4.6998e-14 0.0861
1.8894e-13 0.0503
3.6636e-13 0.0364
1.8912e-13 0.0488
5.2785e-14 0.0910
2.1240e-14 0.1426
1.0086e-14 0.1709
1.1924e-14 0.1681
2.5480e-14 0.1296
3.8890e-14 0.0917
1.1944e-13 0.0624
1.7820e-13 0.0492
1.0802e-13 0.0649
4.6240e-14 0.0928
2.1156e-14 0.1440
1.5676e-14 0.1522
9.0768e-15 0.1633
1.6756e-14 0.1467
1.7404e-14 0.1179
4.6914e-14 0.1003
6.4081e-14 0.0829
3.9135e-14 0.0971
2.0691e-14 0.1387
1.5599e-14 0.1542
1.1308e-14 0.1876
5.8743e-15 0.2078
1.4184e-14 0.1628
1.1702e-14 0.1645
2.1268e-14 0.1390
2.5395e-14 0.1319
2.1882e-14 0.1476
1.5193e-14 0.1731
1.0523e-14 0.1632
9.3615e-15 0.2068
6.3640e-15 0.2531
1.0301e-14 0.2724
9.3639e-15 0.1773
9.5595e-15 0.1693
1.2272e-14 0.1660
1.1855e-14 0.1623
7.5883e-15 0.2170
8.9327e-15 0.1920
8.1453e-15 0.2739
6.2787e-15 0.2185
6.6134e-15 0.1813
9.9358e-15 0.1804
8.1293e-15 0.1748
1.3657e-14 0.1715
8.5506e-15 0.1834
8.4926e-15 0.2067
6.1216e-15 0.2634
3.0830e-15 0.2531
7.8408e-15 0.1840
1.4427e-14 0.1583
2.0345e-14 0.1379
2.3578e-14 0.1289
1.9895e-14 0.1216
1.8290e-14 0.1436
1.7005e-14 0.1535
9.9470e-15 0.1924
7.0520e-15 0.2050
9.9010e-15 0.1813
1.5932e-14 0.1488
2.8633e-14 0.1424
3.7079e-14 0.1119
5.0410e-14 0.0926
3.7705e-14 0.1074
2.3837e-14 0.1537
1.4155e-14 0.1352
1.3621e-14 0.1808
1.0260e-14 0.1555
1.8212e-14 0.1479
3.4710e-14 0.1051
6.6392e-14 0.0801
8.1656e-14 0.0770
6.1187e-14 0.0826
3.6860e-14 0.1045
2.0119e-14 0.1382
1.4336e-14 0.1617
1.3522e-14 0.1647
3.0689e-14 0.1366
4.7118e-14 0.0972
8.6603e-14 0.0694
1.2738e-13 0.0596
9.8190e-14 0.0680
5.1967e-14 0.0972
2.1922e-14 0.1464
1.2189e-14 0.1539
1.0446e-14 0.2007
2.5482e-14 0.1335
4.1312e-14 0.0931
6.4419e-14 0.0792
7.6421e-14 0.0741
5.8279e-14 0.0824
3.8383e-14 0.1068
1.8678e-14 0.1192
1.3926e-14 0.1684
9.5712e-15 0.1586
1.6380e-14 0.1285
2.4412e-14 0.1369
3.9847e-14 0.0970
4.8397e-14 0.0904
3.7870e-14 0.1108
2.0558e-14 0.1418
1.4861e-14 0.1426
1.3661e-14 0.2098
8.3545e-15 0.1935
1.0947e-14 0.1501
1.1417e-14 0.1588
1.9676e-14 0.1412
2.3734e-14 0.1375
1.9232e-14 0.1321
1.3711e-14 0.1618
1.0529e-14 0.1777
7.6510e-15 0.2312
4.4758e-15 0.2225
5.2538e-15 0.2028
1.1282e-14 0.2184
7.6234e-15 0.1542
1.4261e-14 0.1619
9.5855e-15 0.1682
1.3499e-14 0.2118
5.9295e-15 0.1754
5.5972e-15 0.2609
8.1638e-15 0.2845
1.0041e-14 0.1930
1.0495e-14 0.1951
1.0184e-14 0.1764
1.1878e-14 0.1805
8.7559e-15 0.1958
6.6509e-15 0.1720
7.2277e-15 0.2033
3.3582e-15 0.2778
7.5963e-15 0.1926
1.2240e-14 0.1963
1.8730e-14 0.1600
1.7565e-14 0.1301
2.4461e-14 0.1370
1.7494e-14 0.1484
1.3402e-14 0.1577
1.3569e-14 0.1832
8.8879e-15 0.2351
1.2456e-14 0.1646
1.4888e-14 0.1775
1.8176e-14 0.1315
2.8764e-14 0.1147
4.8333e-14 0.1006
3.6258e-14 0.1073
1.9003e-14 0.1285
1.5638e-14 0.1396
1.5341e-14 0.1803
1.3202e-14 0.1693
1.8408e-14 0.1646
2.8871e-14 0.1136
5.8413e-14 0.0861
8.3855e-14 0.0766
6.1428e-14 0.0834
3.6647e-14 0.1118
1.8839e-14 0.1683
1.0751e-14 0.1757
1.3159e-14 0.1966
2.4164e-14 0.1316
3.4583e-14 0.1067
8.0671e-14 0.0786
1.1474e-13 0.0643
8.0394e-14 0.0776
4.3653e-14 0.1048
2.1456e-14 0.1477
1.2307e-14 0.1805
1.4547e-14 0.1575
1.9980e-14 0.1583
4.3131e-14 0.1110
5.1287e-14 0.0783
7.7857e-14 0.0833
6.5383e-14 0.0822
3.7489e-14 0.1017
2.3296e-14 0.1365
1.3099e-14 0.1792
1.2733e-14 0.1994
1.7314e-14 0.1505
2.5265e-14 0.1215
4.4735e-14 0.1092
4.7650e-14 0.0961
3.8645e-14 0.1104
2.0708e-14 0.1437
1.5964e-14 0.1468
1.3594e-14 0.1887
6.4068e-15 0.2193
1.0360e-14 0.1894
1.2942e-14 0.1784
1.7427e-14 0.1209
1.8991e-14 0.1287
2.3682e-14 0.1466
1.1830e-14 0.1478
8.4765e-15 0.1816
5.7980e-15 0.2112
5.1508e-15 0.2503
8.5431e-15 0.2087
6.8879e-15 0.1974
1.0996e-14 0.1827
1.0879e-14 0.1951
1.1252e-14 0.2011
9.7459e-15 0.1824
5.5794e-15 0.1674
6.5230e-15 0.2241
7.1469e-15 0.2265
8.7913e-15 0.1812
8.1148e-15 0.2092
1.0650e-14 0.1746
1.4143e-14 0.1726
8.7837e-15 0.1757
9.6298e-15 0.1887
9.7183e-15 0.2355
4.3023e-15 0.2384
9.0930e-15 0.1694
8.7615e-15 0.1656
1.5650e-14 0.1644
1.6603e-14 0.1588
1.9893e-14 0.1374
1.9153e-14 0.1585
1.4389e-14 0.1669
1.0734e-14 0.1647
5.9939e-15 0.2403
7.6769e-15 0.1814
1.3800e-14 0.1832
2.3211e-14 0.1295
3.5651e-14 0.1154
4.6595e-14 0.1079
3.7898e-14 0.1108
2.1188e-14 0.1500
1.5298e-14 0.1447
1.1389e-14 0.1615
1.0462e-14 0.1728
1.8068e-14 0.1366
3.2448e-14 0.1250
6.1141e-14 0.0857
7.2815e-14 0.0787
5.8864e-14 0.0912
2.7562e-14 0.1294
1.9002e-14 0.1313
8.2393e-15 0.1600
1.3429e-14 0.1728
2.2511e-14 0.1338
3.3752e-14 0.1029
8.2366e-14 0.0771
1.0158e-13 0.0664
8.7072e-14 0.0767
4.4383e-14 0.1023
2.0285e-14 0.1316
1.2638e-14 0.1772
1.7608e-14 0.1705
2.1612e-14 0.1355
3.3219e-14 0.1062
5.5995e-14 0.0863
7.2945e-14 0.0805
5.2931e-14 0.0881
3.1986e-14 0.1166
1.8056e-14 0.1295
1.1811e-14 0.1882
1.0480e-14 0.1711
1.3991e-14 0.1463
2.7172e-14 0.1297
3.2352e-14 0.1091
4.0285e-14 0.1091
3.5107e-14 0.1175
2.3632e-14 0.1435
1.2430e-14 0.1422
1.3561e-14 0.2092
1.1246e-14 0.1944
1.0461e-14 0.2621
1.2873e-14 0.1753
2.3072e-14 0.1372
1.9398e-14 0.1318
2.0213e-14 0.1436
1.1496e-14 0.1727
1.0406e-14 0.2017
8.1796e-15 0.2320
7.1079e-15 0.2339
6.4796e-15 0.2155
6.9745e-15 0.1875
9.9630e-15 0.1687
1.1726e-14 0.1661
1.0263e-14 0.1709
1.1339e-14 0.2326
9.6422e-15 0.2590
6.8501e-15 0.2516
7.2032e-15 0.2353
1.0783e-14 0.2023
1.3137e-14 0.1692
9.7236e-15 0.1656
1.4257e-14 0.2091
9.5770e-15 0.1614
1.1704e-14 0.1835
9.0983e-15 0.2071
6.1335e-15 0.2464
5.8526e-15 0.1995
1.1464e-14 0.1649
1.2839e-14 0.1727
2.1969e-14 0.1706
2.1664e-14 0.1316
2.0308e-14 0.1547
1.3659e-14 0.1809
8.1545e-15 0.1788
1.1896e-14 0.1876
6.2299e-15 0.1924
1.0580e-14 0.1541
2.4118e-14 0.1451
3.5059e-14 0.1195
4.3444e-14 0.0979
2.7887e-14 0.1225
2.3130e-14 0.1371
1.4069e-14 0.1640
8.8254e-15 0.1871
1.2881e-14 0.1671
1.7369e-14 0.1452
2.8816e-14 0.1121
4.9878e-14 0.0910
6.5688e-14 0.0847
5.0667e-14 0.0999
3.2172e-14 0.1140
1.9117e-14 0.1437
1.5940e-14 0.1500
1.1720e-14 0.1816
1.9493e-14 0.1437
3.0759e-14 0.1195
7.5852e-14 0.0800
9.4663e-14 0.0717
6.4411e-14 0.0870
3.5737e-14 0.1037
2.0234e-14 0.1382
8.5784e-15 0.1918
1.2881e-14 0.1645
1.7634e-14 0.1440
3.6038e-14 0.1152
4.9447e-14 0.0930
6.0752e-14 0.0843
5.2689e-14 0.0920
3.7256e-14 0.1167
1.7879e-14 0.1380
1.0432e-14 0.1954
1.1431e-14 0.1649
1.3355e-14 0.1608
3.0377e-14 0.1370
2.9645e-14 0.1110
3.6524e-14 0.1118
2.6867e-14 0.1140
2.7300e-14 0.1446
1.4634e-14 0.1625
8.9093e-15 0.1952
8.6870e-15 0.2171
9.2971e-15 0.1782
1.2198e-14 0.1568
1.4868e-14 0.1432
2.3341e-14 0.1449
1.5829e-14 0.1533
1.1233e-14 0.1585
7.6118e-15 0.2323
7.1336e-15 0.2432
7.3288e-15 0.2450
4.5017e-15 0.2427
9.9524e-15 0.2207
1.0790e-14 0.1995
1.1450e-14 0.1815
1.0942e-14 0.2045
7.6057e-15 0.1970
9.0880e-15 0.2303
6.6937e-15 0.2252
