     9      9     20
d_kernel   u_kernel

3.8967e-16 0.4144
1.0744e-15 0.4502
5.3442e-16 0.3744
8.6505e-16 0.2399
1.4802e-15 0.3552
1.4062e-15 0.4207
3.6026e-15 0.4361
3.8553e-15 0.4267
2.3254e-15 0.3647
2.5663e-16 0.4295
5.2262e-16 0.3969
9.2486e-16 0.3195
1.4596e-15 0.2891
7.5871e-15 0.2990
1.1710e-14 0.2660
2.9232e-14 0.1610
5.0265e-14 0.1190
3.0767e-14 0.1501
5.3343e-16 0.3254
8.8752e-16 0.4269
8.5855e-16 0.2826
9.6081e-15 0.2477
4.5697e-14 0.1272
1.1337e-13 0.0843
1.6416e-13 0.0676
1.9090e-13 0.0646
1.6718e-13 0.0675
1.2842e-15 0.4306
8.4527e-16 0.3076
3.0274e-15 0.3231
3.8864e-14 0.1480
1.3104e-13 0.0780
2.7866e-13 0.0548
3.4861e-13 0.0480
4.1607e-13 0.0429
3.6076e-13 0.0473
9.7225e-16 0.4691
8.7415e-16 0.2469
1.7186e-14 0.2251
1.0894e-13 0.0854
2.5909e-13 0.0549
4.0044e-13 0.0440
5.0490e-13 0.0395
6.2192e-13 0.0353
5.4196e-13 0.0386
6.8540e-16 0.2844
2.1245e-15 0.4303
4.1399e-14 0.1421
1.7682e-13 0.0680
3.4149e-13 0.0477
5.5955e-13 0.0380
1.3551e-12 0.0240
4.1250e-12 0.0129
1.3892e-12 0.0238
2.5532e-16 0.4723
0.0000e+00 1.0000
3.9436e-14 0.1392
1.9213e-13 0.0639
4.1798e-13 0.0431
6.4634e-13 0.0353
4.1778e-12 0.0129
1.2160e-09 0.0002
4.2141e-12 0.0128
6.8762e-16 0.3314
3.0464e-15 0.4760
3.6501e-14 0.1441
1.6923e-13 0.0689
3.5654e-13 0.0458
5.4110e-13 0.0375
1.3540e-12 0.0241
4.0872e-12 0.0130
1.3555e-12 0.0242
5.1825e-16 0.3157
1.7017e-15 0.3710
1.8252e-14 0.2203
1.0033e-13 0.0910
2.7633e-13 0.0535
4.1774e-13 0.0436
5.6218e-13 0.0370
6.2154e-13 0.0360
5.3618e-13 0.0389
3.2408e-16 0.3708
5.4111e-16 0.3766
1.1606e-15 0.4129
8.1083e-16 0.3056
1.2954e-15 0.2491
1.0667e-15 0.2331
2.7383e-15 0.3936
1.8565e-15 0.3319
1.7123e-15 0.3704
9.7136e-16 0.4405
0.0000e+00 1.0000
1.5162e-15 0.3183
9.6571e-16 0.2784
5.6768e-15 0.2442
2.6257e-14 0.1695
4.7741e-14 0.1300
5.7635e-14 0.1123
5.0177e-14 0.1230
4.2441e-16 0.4107
5.5069e-16 0.3122
2.3554e-15 0.3251
1.1738e-14 0.2226
6.4443e-14 0.1087
1.7032e-13 0.0682
3.0360e-13 0.0532
3.2301e-13 0.0521
2.9438e-13 0.0546
6.9356e-16 0.2709
1.0989e-15 0.3589
5.0276e-15 0.3489
6.3569e-14 0.1098
2.4384e-13 0.0583
4.5338e-13 0.0424
6.3549e-13 0.0349
7.1616e-13 0.0336
6.1526e-13 0.0361
5.9141e-16 0.3792
5.4554e-16 0.2906
1.8498e-14 0.1890
1.7350e-13 0.0681
4.7908e-13 0.0410
7.5287e-13 0.0328
1.0683e-12 0.0277
1.3131e-12 0.0247
1.0811e-12 0.0272
1.3412e-15 0.3032
2.0872e-15 0.4746
5.2532e-14 0.1232
2.9174e-13 0.0521
6.2681e-13 0.0358
1.0574e-12 0.0278
3.4447e-12 0.0152
1.2473e-11 0.0071
3.4057e-12 0.0151
3.8811e-16 0.3062
3.1521e-15 0.4053
5.3149e-14 0.1193
3.2440e-13 0.0496
7.3603e-13 0.0330
1.2907e-12 0.0246
1.2345e-11 0.0072
1.2321e-09 0.0002
1.2464e-11 0.0072
8.2553e-16 0.2980
2.3571e-15 0.3028
5.2533e-14 0.1248
2.6430e-13 0.0536
6.4273e-13 0.0350
1.1111e-12 0.0273
3.3430e-12 0.0152
1.2433e-11 0.0071
3.4222e-12 0.0151
8.5056e-16 0.3923
2.1534e-15 0.4496
2.8332e-14 0.1633
1.5521e-13 0.0693
4.7294e-13 0.0407
8.1934e-13 0.0315
1.0817e-12 0.0273
1.2705e-12 0.0253
1.0975e-12 0.0272
3.4036e-16 0.4159
3.6476e-16 0.3370
7.7649e-16 0.2668
1.3194e-15 0.3293
7.9024e-16 0.2663
1.2052e-15 0.2296
3.5845e-15 0.3656
3.6466e-15 0.3785
2.9338e-15 0.3961
7.8693e-16 0.4406
0.0000e+00 1.0000
7.9886e-16 0.2819
1.4415e-15 0.4440
1.1258e-14 0.2292
3.9940e-14 0.1305
7.0001e-14 0.0998
8.0997e-14 0.0961
6.8979e-14 0.1069
5.1324e-16 0.3565
0.0000e+00 1.0000
2.3005e-15 0.3187
1.8957e-14 0.1940
9.1683e-14 0.0894
2.6718e-13 0.0556
4.6730e-13 0.0418
5.0756e-13 0.0407
4.4381e-13 0.0428
0.0000e+00 1.0000
9.6906e-16 0.3529
5.9676e-15 0.3096
9.9131e-14 0.0895
4.0587e-13 0.0454
8.1968e-13 0.0316
1.2020e-12 0.0263
1.2691e-12 0.0253
1.1461e-12 0.0270
1.7490e-15 0.3681
2.4117e-15 0.3506
3.3155e-14 0.1522
2.5953e-13 0.0567
8.6076e-13 0.0311
1.4683e-12 0.0236
2.1361e-12 0.0196
2.7844e-12 0.0171
2.1590e-12 0.0195
1.9769e-15 0.4537
3.1536e-15 0.3665
7.5670e-14 0.1040
4.5875e-13 0.0420
1.1474e-12 0.0268
2.1481e-12 0.0196
8.7335e-12 0.0092
3.9387e-11 0.0038
8.7068e-12 0.0092
1.1547e-15 0.3824
4.5465e-15 0.3437
8.6457e-14 0.0941
5.0434e-13 0.0398
1.2942e-12 0.0252
2.7130e-12 0.0173
3.9094e-11 0.0038
1.1571e-09 0.0003
3.9338e-11 0.0038
1.6550e-15 0.4967
4.0077e-15 0.3249
6.8979e-14 0.1028
4.7286e-13 0.0421
1.1592e-12 0.0264
2.1913e-12 0.0194
8.8387e-12 0.0092
3.9376e-11 0.0038
8.6918e-12 0.0092
1.0740e-15 0.3631
1.2658e-15 0.3455
3.4573e-14 0.1422
2.7142e-13 0.0565
8.6680e-13 0.0313
1.4878e-12 0.0236
2.1950e-12 0.0193
2.7975e-12 0.0171
2.2196e-12 0.0194
4.6780e-16 0.3534
7.5612e-16 0.3186
9.5147e-16 0.3596
7.6395e-16 0.3638
1.0306e-15 0.2412
2.7203e-15 0.3902
2.7844e-15 0.4030
3.0434e-15 0.4735
1.8360e-15 0.3397
9.9119e-16 0.2939
1.2582e-15 0.3260
0.0000e+00 1.0000
7.4039e-16 0.4054
6.2789e-15 0.2737
3.6026e-14 0.1410
8.2372e-14 0.0931
1.1285e-13 0.0800
6.9824e-14 0.0981
1.0952e-15 0.4444
2.7505e-15 0.4662
2.1233e-15 0.3253
1.5885e-14 0.1923
1.2060e-13 0.0781
3.8517e-13 0.0452
6.4894e-13 0.0348
8.0573e-13 0.0319
7.2617e-13 0.0341
9.4444e-16 0.2643
1.3562e-15 0.4318
7.5983e-15 0.2279
1.2239e-13 0.0793
5.6392e-13 0.0385
1.2887e-12 0.0253
2.0757e-12 0.0201
2.2929e-12 0.0189
2.0281e-12 0.0203
1.6910e-15 0.3595
2.9264e-15 0.3810
3.9822e-14 0.1401
3.8684e-13 0.0472
1.3529e-12 0.0246
2.6455e-12 0.0178
4.3359e-12 0.0137
5.8365e-12 0.0117
4.4504e-12 0.0136
2.8380e-15 0.4480
6.8107e-15 0.2742
9.6998e-14 0.0868
6.9297e-13 0.0346
2.0246e-12 0.0199
4.4194e-12 0.0137
2.1632e-11 0.0057
8.9302e-11 0.0025
2.1620e-11 0.0057
1.3145e-15 0.4417
7.0290e-15 0.2880
1.1839e-13 0.0809
8.9991e-13 0.0309
2.3543e-12 0.0187
5.9117e-12 0.0116
8.8922e-11 0.0025
9.4601e-10 0.0004
8.9317e-11 0.0025
2.1874e-15 0.4924
2.6215e-15 0.4192
8.5307e-14 0.0949
7.1721e-13 0.0339
2.0654e-12 0.0201
4.5204e-12 0.0135
2.1620e-11 0.0057
8.9192e-11 0.0025
2.1667e-11 0.0057
1.1937e-15 0.2883
1.4622e-15 0.2952
4.0301e-14 0.1270
3.5604e-13 0.0472
1.3227e-12 0.0250
2.7240e-12 0.0176
4.3825e-12 0.0137
5.8846e-12 0.0117
4.4948e-12 0.0137
0.0000e+00 1.0000
8.9814e-16 0.2517
2.2577e-15 0.4152
9.4769e-16 0.3504
1.2968e-15 0.2439
1.4494e-15 0.2724
4.1927e-15 0.3063
3.3214e-15 0.3312
1.2209e-15 0.2437
5.8255e-16 0.4202
0.0000e+00 1.0000
0.0000e+00 1.0000
1.1012e-15 0.3382
8.9064e-15 0.2355
3.1996e-14 0.1422
9.7764e-14 0.0850
1.3976e-13 0.0735
9.9522e-14 0.0855
6.5813e-16 0.3646
5.6156e-16 0.2675
8.2358e-16 0.2636
1.1437e-14 0.2073
1.4533e-13 0.0709
5.5024e-13 0.0381
1.0079e-12 0.0283
1.2209e-12 0.0263
9.9172e-13 0.0291
8.8774e-16 0.2905
1.0824e-15 0.2779
9.1504e-15 0.2685
1.3827e-13 0.0746
8.3736e-13 0.0317
2.0424e-12 0.0202
3.4434e-12 0.0157
3.9940e-12 0.0145
3.4442e-12 0.0157
2.8841e-15 0.4438
2.5424e-15 0.3322
3.6898e-14 0.1387
4.8983e-13 0.0408
2.0579e-12 0.0202
4.5614e-12 0.0136
8.6120e-12 0.0097
1.2122e-11 0.0081
8.6969e-12 0.0097
1.8705e-15 0.4519
5.4404e-15 0.3013
1.1866e-13 0.0780
1.0148e-12 0.0284
3.4496e-12 0.0157
8.8251e-12 0.0097
4.2520e-11 0.0040
1.3283e-10 0.0020
4.2564e-11 0.0040
1.1572e-15 0.2919
5.5184e-15 0.3195
1.1469e-13 0.0795
1.2299e-12 0.0260
3.9953e-12 0.0145
1.2024e-11 0.0081
1.3284e-10 0.0020
6.9368e-10 0.0006
1.3277e-10 0.0020
1.2406e-15 0.2965
3.0090e-15 0.2959
9.4630e-14 0.0851
9.6763e-13 0.0293
3.3138e-12 0.0159
8.5642e-12 0.0098
4.2724e-11 0.0040
1.3290e-10 0.0020
4.2622e-11 0.0040
1.2179e-15 0.3178
2.6196e-15 0.4957
4.4270e-14 0.1157
4.6040e-13 0.0407
2.0998e-12 0.0203
4.6930e-12 0.0134
8.5600e-12 0.0098
1.1966e-11 0.0081
8.7586e-12 0.0097
0.0000e+00 1.0000
1.6233e-15 0.4707
1.4642e-15 0.3380
7.6152e-16 0.2946
1.2383e-15 0.3144
1.9874e-15 0.2506
3.6510e-15 0.3007
3.6242e-15 0.3063
1.8967e-15 0.3016
7.1833e-16 0.3346
1.8094e-15 0.4044
1.1032e-15 0.3539
9.6556e-16 0.4143
4.2033e-15 0.2848
3.3184e-14 0.1356
1.0400e-13 0.0793
1.6086e-13 0.0663
9.2934e-14 0.0856
8.6175e-16 0.3367
6.2030e-16 0.3854
1.7162e-15 0.3545
7.9887e-15 0.2435
1.4449e-13 0.0705
6.3917e-13 0.0349
1.3509e-12 0.0248
1.6815e-12 0.0224
1.3210e-12 0.0252
8.2956e-16 0.4709
1.2169e-15 0.3576
4.8732e-15 0.3002
1.5911e-13 0.0674
1.0206e-12 0.0287
3.0111e-12 0.0168
5.3076e-12 0.0126
6.2402e-12 0.0116
5.3841e-12 0.0126
1.6552e-15 0.2961
1.9341e-15 0.3044
3.6518e-14 0.1311
6.2199e-13 0.0361
2.9258e-12 0.0169
7.3974e-12 0.0107
1.5245e-11 0.0073
2.1121e-11 0.0060
1.4982e-11 0.0073
0.0000e+00 1.0000
4.5689e-15 0.2523
1.0180e-13 0.0816
1.2799e-12 0.0251
5.2849e-12 0.0126
1.4855e-11 0.0074
6.2928e-11 0.0032
1.5067e-10 0.0019
6.2906e-11 0.0032
1.8041e-15 0.3020
2.3114e-15 0.3105
1.4712e-13 0.0700
1.6180e-12 0.0225
6.3578e-12 0.0115
2.0997e-11 0.0060
1.5089e-10 0.0019
4.8610e-10 0.0008
1.5023e-10 0.0019
1.1544e-15 0.3275
2.2542e-15 0.2728
9.1668e-14 0.0864
1.2919e-12 0.0254
5.1426e-12 0.0128
1.5030e-11 0.0073
6.3470e-11 0.0032
1.5051e-10 0.0019
6.3750e-11 0.0032
0.0000e+00 1.0000
2.8725e-15 0.3191
3.8808e-14 0.1300
6.2082e-13 0.0360
3.0065e-12 0.0166
7.7056e-12 0.0105
1.5147e-11 0.0073
2.0911e-11 0.0061
1.5271e-11 0.0073
8.9924e-16 0.3470
8.5134e-16 0.3351
0.0000e+00 1.0000
1.6721e-15 0.2949
1.8286e-15 0.2365
1.9908e-15 0.2131
3.4675e-15 0.3609
4.1335e-15 0.3119
1.4503e-15 0.2689
4.1796e-16 0.3875
1.0750e-15 0.3827
1.2592e-15 0.3078
2.4334e-15 0.2746
2.3307e-15 0.3454
2.7371e-14 0.1500
8.5940e-14 0.0876
1.3815e-13 0.0703
9.8098e-14 0.0810
1.0634e-15 0.3209
1.1575e-15 0.3937
2.0908e-15 0.3683
7.2393e-15 0.2498
1.2810e-13 0.0724
6.6436e-13 0.0343
1.4840e-12 0.0230
2.0023e-12 0.0203
1.5385e-12 0.0230
1.1573e-15 0.4311
1.2514e-15 0.2540
8.4743e-15 0.2610
1.3465e-13 0.0711
1.1684e-12 0.0264
3.8592e-12 0.0148
7.3438e-12 0.0108
8.9311e-12 0.0097
7.3910e-12 0.0107
9.3505e-16 0.3477
3.0401e-15 0.3561
2.7737e-14 0.1427
6.7032e-13 0.0343
3.8237e-12 0.0148
1.0798e-11 0.0088
2.2740e-11 0.0059
3.0827e-11 0.0049
2.2439e-11 0.0059
2.4657e-15 0.3305
5.3194e-15 0.2430
1.0318e-13 0.0819
1.5547e-12 0.0228
7.1613e-12 0.0108
2.2000e-11 0.0060
7.5873e-11 0.0029
1.4651e-10 0.0019
7.5729e-11 0.0029
1.6684e-15 0.2639
3.9268e-15 0.2602
1.3325e-13 0.0695
1.8973e-12 0.0206
8.8679e-12 0.0097
3.0602e-11 0.0050
1.4645e-10 0.0019
3.3952e-10 0.0011
1.4595e-10 0.0019
1.1918e-15 0.3180
3.0867e-15 0.3062
1.0715e-13 0.0821
1.5144e-12 0.0232
7.2190e-12 0.0108
2.2123e-11 0.0060
7.6161e-11 0.0029
1.4636e-10 0.0019
7.6348e-11 0.0029
1.1770e-15 0.2941
1.0923e-15 0.2465
2.4692e-14 0.1508
6.7129e-13 0.0348
3.9222e-12 0.0147
1.0931e-11 0.0088
2.2485e-11 0.0059
3.0194e-11 0.0050
2.2618e-11 0.0059
0.0000e+00 1.0000
1.4539e-15 0.3964
1.3078e-15 0.3407
2.6834e-15 0.3417
1.4328e-15 0.2456
3.7576e-15 0.4280
2.2994e-15 0.2450
3.1500e-15 0.3420
1.9619e-15 0.3015
7.7685e-16 0.3015
1.1143e-15 0.3010
1.9171e-15 0.3672
3.0158e-15 0.2574
2.9374e-15 0.2112
1.6308e-14 0.1853
5.2486e-14 0.1016
9.1646e-14 0.0827
7.5416e-14 0.0921
6.1075e-16 0.3065
1.6634e-15 0.3594
1.6442e-15 0.2602
4.8469e-15 0.2235
8.6579e-14 0.0867
5.6809e-13 0.0360
1.5726e-12 0.0223
2.0448e-12 0.0196
1.5278e-12 0.0226
1.5386e-15 0.3750
1.5443e-15 0.2957
4.0674e-15 0.2716
9.1579e-14 0.0825
1.1645e-12 0.0255
4.4926e-12 0.0136
8.7476e-12 0.0097
1.1087e-11 0.0087
8.8053e-12 0.0097
3.3109e-15 0.2926
1.9325e-15 0.2747
1.9014e-14 0.1741
6.1579e-13 0.0348
4.4593e-12 0.0138
1.3733e-11 0.0078
2.8397e-11 0.0052
3.7615e-11 0.0044
2.8261e-11 0.0052
2.4043e-15 0.3827
3.5750e-15 0.2219
6.0394e-14 0.1005
1.5564e-12 0.0225
8.7718e-12 0.0097
2.8089e-11 0.0053
7.9586e-11 0.0028
1.3049e-10 0.0021
7.9446e-11 0.0028
1.0990e-15 0.3786
3.8225e-15 0.2749
1.0715e-13 0.0780
2.0342e-12 0.0198
1.0979e-11 0.0087
3.7701e-11 0.0044
1.3100e-10 0.0021
2.4050e-10 0.0014
1.3035e-10 0.0021
1.7404e-15 0.4208
2.3512e-15 0.3322
6.9990e-14 0.0949
1.5181e-12 0.0226
8.8765e-12 0.0097
2.8446e-11 0.0052
7.9548e-11 0.0028
1.3067e-10 0.0021
7.9580e-11 0.0028
2.1892e-15 0.3548
2.6004e-15 0.2820
1.9114e-14 0.1600
6.0480e-13 0.0353
4.3886e-12 0.0138
1.3726e-11 0.0078
2.8293e-11 0.0053
3.7372e-11 0.0044
2.8513e-11 0.0052
0.0000e+00 1.0000
1.2282e-15 0.3071
6.7500e-16 0.3056
2.1345e-15 0.3468
1.5375e-15 0.3350
2.8419e-15 0.2989
2.8326e-15 0.2731
3.0742e-15 0.3313
3.0486e-15 0.2764
1.6288e-15 0.2469
2.2698e-15 0.3407
7.6432e-16 0.2811
2.3231e-15 0.3585
2.7762e-15 0.2524
8.9706e-15 0.2033
3.7181e-14 0.1179
4.7934e-14 0.1060
3.3541e-14 0.1248
0.0000e+00 1.0000
2.7837e-15 0.3427
2.4190e-15 0.2542
3.3835e-15 0.2532
7.4970e-14 0.0959
4.3488e-13 0.0401
1.3403e-12 0.0236
1.7700e-12 0.0207
1.3326e-12 0.0237
0.0000e+00 1.0000
2.3435e-15 0.2204
3.5288e-15 0.2384
5.8330e-14 0.1020
9.8913e-13 0.0276
4.2335e-12 0.0138
9.2456e-12 0.0094
1.1852e-11 0.0083
9.4116e-12 0.0093
1.8461e-15 0.2756
2.1682e-15 0.3898
9.2676e-15 0.1951
4.6150e-13 0.0393
4.1933e-12 0.0139
1.4965e-11 0.0074
3.1237e-11 0.0050
4.0454e-11 0.0043
3.1254e-11 0.0050
1.9175e-15 0.4440
3.2718e-15 0.3614
2.8631e-14 0.1309
1.3554e-12 0.0234
9.2163e-12 0.0095
3.0876e-11 0.0050
7.5714e-11 0.0029
1.1059e-10 0.0023
7.5438e-11 0.0029
2.2367e-15 0.3904
2.8600e-15 0.2749
5.5622e-14 0.0973
1.7934e-12 0.0205
1.2009e-11 0.0083
4.0602e-11 0.0043
1.1096e-10 0.0023
1.7463e-10 0.0017
1.1063e-10 0.0023
2.9632e-15 0.3407
2.9194e-15 0.2869
3.5278e-14 0.1214
1.3204e-12 0.0239
9.4086e-12 0.0094
3.1155e-11 0.0050
7.5698e-11 0.0030
1.1111e-10 0.0023
7.5641e-11 0.0029
0.0000e+00 1.0000
2.0152e-15 0.2757
9.1453e-15 0.2005
4.4365e-13 0.0387
4.3623e-12 0.0136
1.5324e-11 0.0073
3.0997e-11 0.0050
4.0485e-11 0.0043
3.0984e-11 0.0050
1.6052e-15 0.3796
8.4363e-16 0.3308
0.0000e+00 1.0000
1.7185e-15 0.3720
3.7399e-15 0.2270
2.7444e-15 0.2915
3.9496e-15 0.2349
1.5725e-15 0.2173
5.4003e-15 0.2777
1.9978e-15 0.4532
2.1544e-15 0.3893
1.2338e-15 0.2414
2.2974e-15 0.3773
2.1344e-15 0.2100
4.8822e-15 0.2702
1.2883e-14 0.1646
2.1803e-14 0.1541
1.7514e-14 0.1638
5.4763e-15 0.4025
2.5322e-15 0.4151
1.9430e-15 0.3095
2.6693e-15 0.2696
2.9948e-14 0.1275
2.8617e-13 0.0477
9.1379e-13 0.0278
1.2754e-12 0.0237
9.1263e-13 0.0279
1.3934e-15 0.2935
2.5878e-15 0.3367
3.4668e-15 0.2830
3.1574e-14 0.1258
6.0232e-13 0.0340
3.5057e-12 0.0149
8.3599e-12 0.0098
1.1085e-11 0.0085
8.3524e-12 0.0098
2.4640e-15 0.4736
2.2984e-15 0.2539
8.6294e-15 0.2448
2.8395e-13 0.0477
3.4381e-12 0.0151
1.3993e-11 0.0076
2.9701e-11 0.0051
3.8411e-11 0.0044
2.9844e-11 0.0051
1.1609e-15 0.2198
3.8094e-15 0.2809
1.7371e-14 0.1578
8.6050e-13 0.0287
8.2521e-12 0.0099
2.9969e-11 0.0051
6.6912e-11 0.0032
9.0949e-11 0.0026
6.6701e-11 0.0032
1.6221e-15 0.3164
2.2890e-15 0.2503
2.7421e-14 0.1404
1.2714e-12 0.0240
1.0868e-11 0.0086
3.8537e-11 0.0044
9.0942e-11 0.0026
1.2944e-10 0.0021
9.0738e-11 0.0026
3.4891e-15 0.3173
2.8898e-15 0.2966
2.0925e-14 0.1530
8.8185e-13 0.0281
8.1632e-12 0.0099
2.9721e-11 0.0051
6.6593e-11 0.0032
9.1145e-11 0.0026
6.6837e-11 0.0032
3.1663e-15 0.2723
2.9725e-15 0.2879
2.8551e-15 0.2545
2.5901e-13 0.0500
3.4655e-12 0.0150
1.4140e-11 0.0075
2.9861e-11 0.0051
3.8652e-11 0.0044
2.9939e-11 0.0051
1.7271e-15 0.4361
1.1615e-15 0.3791
1.1151e-15 0.3584
1.4194e-15 0.2746
2.3466e-15 0.2868
3.0272e-15 0.2746
2.6629e-15 0.2293
3.6038e-15 0.2228
4.2140e-15 0.3501
1.1516e-15 0.3617
2.2763e-15 0.4173
2.3597e-15 0.3180
1.8095e-15 0.2810
4.6112e-15 0.2579
6.2710e-15 0.2595
7.6511e-15 0.1919
1.3023e-14 0.1757
7.3765e-15 0.1936
2.1472e-15 0.3798
2.8380e-15 0.3297
2.7163e-15 0.2142
3.6797e-15 0.3587
9.2854e-15 0.1852
1.1960e-13 0.0696
4.0813e-13 0.0389
6.9950e-13 0.0305
4.5131e-13 0.0384
2.9019e-15 0.3153
4.0284e-15 0.3056
3.3104e-15 0.2830
8.3367e-15 0.2139
2.7613e-13 0.0471
2.1746e-12 0.0182
6.0765e-12 0.0113
8.3670e-12 0.0096
6.0273e-12 0.0112
2.1557e-15 0.2482
4.2185e-15 0.2360
6.3157e-15 0.2208
9.2405e-14 0.0784
2.2275e-12 0.0182
1.1014e-11 0.0084
2.4759e-11 0.0056
3.2021e-11 0.0048
2.4776e-11 0.0056
0.0000e+00 1.0000
2.8283e-15 0.2701
1.0449e-14 0.2328
4.4484e-13 0.0381
6.0432e-12 0.0112
2.5008e-11 0.0055
5.4598e-11 0.0036
7.1684e-11 0.0030
5.4600e-11 0.0036
0.0000e+00 1.0000
2.1187e-15 0.2653
8.5059e-15 0.1957
6.6381e-13 0.0314
8.2595e-12 0.0097
3.2291e-11 0.0048
7.1690e-11 0.0030
9.5768e-11 0.0025
7.1881e-11 0.0030
1.9184e-15 0.3217
2.6019e-15 0.2801
6.8730e-15 0.1976
4.4518e-13 0.0386
5.9795e-12 0.0114
2.4749e-11 0.0055
5.4626e-11 0.0036
7.1374e-11 0.0030
5.4639e-11 0.0036
2.4804e-15 0.3924
1.8767e-15 0.2162
4.1110e-15 0.2317
9.7611e-14 0.0761
2.1734e-12 0.0184
1.1072e-11 0.0084
2.4711e-11 0.0055
3.2188e-11 0.0048
2.5067e-11 0.0055
1.4209e-15 0.3310
8.6982e-16 0.2830
1.5673e-15 0.3347
2.8876e-15 0.3171
2.0442e-15 0.2912
4.5394e-15 0.3624
5.3453e-15 0.2536
6.4049e-15 0.3150
4.3721e-15 0.2967
1.3180e-15 0.4056
2.0363e-15 0.3454
1.9188e-15 0.3184
2.7097e-15 0.2755
5.0682e-15 0.3518
7.2408e-15 0.2193
5.8036e-15 0.2097
8.4450e-15 0.2388
3.7426e-15 0.2077
1.1071e-15 0.2595
2.5507e-15 0.4919
1.7394e-15 0.2323
5.7017e-15 0.3500
6.9505e-15 0.2850
3.5021e-14 0.1278
1.3524e-13 0.0655
2.3246e-13 0.0502
1.4145e-13 0.0628
1.1989e-15 0.2522
3.4149e-15 0.3484
3.7021e-15 0.2737
1.3066e-14 0.2606
8.5806e-14 0.0802
9.7222e-13 0.0261
3.2526e-12 0.0148
4.7095e-12 0.0123
3.2833e-12 0.0147
1.6486e-15 0.4131
4.5506e-15 0.2990
4.5881e-15 0.2961
2.9877e-14 0.1197
9.5404e-13 0.0262
6.7405e-12 0.0105
1.7279e-11 0.0066
2.2960e-11 0.0057
1.7205e-11 0.0066
1.6776e-15 0.2129
3.2521e-15 0.2021
7.2093e-15 0.3523
1.3499e-13 0.0630
3.4139e-12 0.0145
1.7243e-11 0.0066
3.9668e-11 0.0043
5.1951e-11 0.0037
3.9978e-11 0.0042
2.6265e-15 0.2543
3.3199e-15 0.2331
6.4898e-15 0.1941
2.4143e-13 0.0500
4.7693e-12 0.0124
2.2903e-11 0.0057
5.2041e-11 0.0037
6.8329e-11 0.0031
5.2270e-11 0.0036
2.4669e-15 0.2597
2.9966e-15 0.2505
5.0606e-15 0.1863
1.3451e-13 0.0649
3.2206e-12 0.0148
1.7286e-11 0.0066
3.9933e-11 0.0042
5.2042e-11 0.0037
3.9963e-11 0.0042
2.2306e-15 0.2761
2.8032e-15 0.1959
4.1662e-15 0.1873
3.2778e-14 0.1236
9.6868e-13 0.0261
6.7339e-12 0.0105
1.7165e-11 0.0066
2.2937e-11 0.0057
1.7443e-11 0.0066
1.0194e-15 0.4062
1.6527e-15 0.4315
9.9233e-16 0.2629
2.5995e-15 0.2914
1.9262e-15 0.2879
3.4517e-15 0.2895
3.8607e-15 0.2830
5.2735e-15 0.2576
3.1645e-15 0.2595
0.0000e+00 1.0000
1.9728e-15 0.3740
2.0518e-15 0.2551
2.2348e-15 0.2709
6.2309e-15 0.2978
5.4136e-15 0.2157
5.2522e-15 0.1889
5.9413e-15 0.2268
8.0664e-15 0.2343
8.1670e-16 0.2697
3.0154e-15 0.3321
4.8838e-15 0.3231
3.8850e-15 0.3138
5.3675e-15 0.1751
9.9035e-15 0.1399
3.4335e-14 0.1131
4.9672e-14 0.0986
2.9317e-14 0.1184
2.1565e-15 0.3231
3.0548e-15 0.3569
5.9225e-15 0.2855
7.4737e-15 0.1913
2.0218e-14 0.1374
2.7370e-13 0.0446
1.2016e-12 0.0232
1.8633e-12 0.0188
1.1991e-12 0.0233
1.8260e-15 0.2769
2.1782e-15 0.2937
4.3734e-15 0.2140
1.4545e-14 0.1557
2.7204e-13 0.0446
2.8820e-12 0.0153
9.0297e-12 0.0089
1.2846e-11 0.0075
9.2545e-12 0.0088
1.5862e-15 0.2636
3.7347e-15 0.2521
4.9278e-15 0.2279
3.2069e-14 0.1210
1.2259e-12 0.0227
9.1135e-12 0.0089
2.4007e-11 0.0055
3.2495e-11 0.0047
2.4342e-11 0.0055
1.8941e-15 0.2106
4.6282e-15 0.2196
5.6169e-15 0.2232
5.4026e-14 0.0934
1.8678e-12 0.0187
1.2802e-11 0.0075
3.2516e-11 0.0047
4.3541e-11 0.0040
3.2829e-11 0.0047
2.7947e-15 0.2841
2.1666e-15 0.2380
5.2945e-15 0.1975
3.7344e-14 0.1077
1.2353e-12 0.0229
9.0722e-12 0.0089
2.4113e-11 0.0055
3.2691e-11 0.0047
2.4230e-11 0.0054
2.0199e-15 0.2847
2.9182e-15 0.2255
5.2631e-15 0.2328
1.0474e-14 0.1594
2.8388e-13 0.0451
2.8733e-12 0.0154
9.0663e-12 0.0089
1.2767e-11 0.0075
9.0705e-12 0.0089
1.4567e-15 0.3347
1.6878e-15 0.4561
1.4558e-15 0.3632
2.2909e-15 0.3566
3.2088e-15 0.2221
3.3843e-15 0.2654
2.9400e-15 0.2904
3.4328e-15 0.3597
3.7658e-15 0.2434
2.4948e-15 0.3670
2.8064e-15 0.2605
2.4663e-15 0.2684
3.2863e-15 0.2553
6.5233e-15 0.2456
8.8846e-15 0.2460
6.9755e-15 0.2390
7.3735e-15 0.2126
4.1987e-15 0.2029
2.0466e-15 0.2876
3.3741e-15 0.3036
2.8858e-15 0.2310
3.6610e-15 0.2175
6.5587e-15 0.1884
9.6303e-15 0.1929
1.4829e-14 0.1671
1.3592e-14 0.1481
1.3202e-14 0.1567
3.3052e-15 0.3409
4.9013e-15 0.2883
5.0090e-15 0.2245
6.8196e-15 0.1893
1.2130e-14 0.1850
5.6225e-14 0.0914
2.5174e-13 0.0461
4.4434e-13 0.0355
2.5469e-13 0.0463
1.3750e-15 0.3238
4.0500e-15 0.2489
4.2308e-15 0.2560
9.4110e-15 0.1990
5.0003e-14 0.0914
7.2600e-13 0.0285
3.0818e-12 0.0145
4.8065e-12 0.0118
3.1922e-12 0.0144
2.0247e-15 0.2804
3.7598e-15 0.2284
6.3294e-15 0.2272
8.0725e-15 0.1750
2.4500e-13 0.0469
3.0466e-12 0.0146
1.0730e-11 0.0080
1.5401e-11 0.0067
1.0696e-11 0.0080
3.5131e-15 0.3019
4.2550e-15 0.2853
7.1444e-15 0.2078
1.5240e-14 0.1656
4.0967e-13 0.0365
4.9445e-12 0.0116
1.5296e-11 0.0067
2.1765e-11 0.0057
1.5445e-11 0.0067
1.9380e-15 0.2650
4.3593e-15 0.2637
4.5505e-15 0.1854
1.4824e-14 0.1626
2.4778e-13 0.0464
3.1996e-12 0.0143
1.0613e-11 0.0080
1.5476e-11 0.0067
1.0687e-11 0.0080
2.5588e-15 0.2770
2.3000e-15 0.2774
7.5337e-15 0.2357
8.6079e-15 0.1723
5.0405e-14 0.0904
7.4740e-13 0.0282
3.1104e-12 0.0144
4.8852e-12 0.0117
3.2084e-12 0.0143
1.8248e-15 0.4030
2.3753e-15 0.3207
1.0268e-15 0.2556
2.8341e-15 0.3256
4.2301e-15 0.2179
6.0609e-15 0.2820
2.3925e-15 0.2077
3.4288e-15 0.2288
7.3945e-15 0.3424
1.4938e-15 0.3423
2.4045e-15 0.3138
1.6805e-15 0.2435
2.9366e-15 0.2660
3.2767e-15 0.2018
6.9514e-15 0.2095
1.0361e-14 0.2206
6.8348e-15 0.2128
8.2546e-15 0.2441
3.1507e-15 0.4160
2.0443e-15 0.2260
4.9239e-15 0.2472
3.8199e-15 0.1979
9.8483e-15 0.2118
1.0755e-14 0.1848
1.0974e-14 0.1445
1.1986e-14 0.1485
1.2387e-14 0.1764
1.5726e-15 0.2619
3.3137e-15 0.2551
7.1759e-15 0.2207
6.4760e-15 0.2190
1.0618e-14 0.1599
1.7689e-14 0.1626
4.6116e-14 0.0982
6.9721e-14 0.0815
4.4443e-14 0.0967
2.0379e-15 0.3130
4.7294e-15 0.2803
3.8377e-15 0.1762
1.3383e-14 0.1760
1.6151e-14 0.1531
1.0785e-13 0.0654
5.4709e-13 0.0314
9.8545e-13 0.0244
5.8667e-13 0.0310
3.7563e-15 0.3256
4.5785e-15 0.2606
4.3844e-15 0.1830
1.1564e-14 0.1712
3.9480e-14 0.1041
5.9173e-13 0.0308
2.8348e-12 0.0149
4.5344e-12 0.0119
2.8237e-12 0.0149
2.6307e-15 0.2485
4.6030e-15 0.2680
7.8152e-15 0.2065
1.2546e-14 0.1594
6.3766e-14 0.0853
1.0107e-12 0.0240
4.5694e-12 0.0119
7.1352e-12 0.0096
4.5633e-12 0.0119
2.0708e-15 0.2955
4.4671e-15 0.2231
5.3467e-15 0.2301
1.2855e-14 0.1732
3.8974e-14 0.1034
6.0883e-13 0.0306
2.7967e-12 0.0149
4.5219e-12 0.0119
2.7392e-12 0.0151
3.6321e-15 0.2385
2.5056e-15 0.2219
7.6238e-15 0.3497
9.0716e-15 0.1607
1.8184e-14 0.1449
1.1540e-13 0.0646
6.1912e-13 0.0299
9.7945e-13 0.0243
6.0020e-13 0.0303
1.2077e-15 0.3256
2.4275e-15 0.3433
1.4789e-15 0.2650
3.1428e-15 0.2727
4.2172e-15 0.2653
4.9099e-15 0.2283
4.7038e-15 0.3532
6.8416e-15 0.2767
4.0786e-15 0.3068
1.1493e-15 0.3766
2.1847e-15 0.2836
1.6906e-15 0.2730
4.0341e-15 0.2517
4.4638e-15 0.2499
7.2457e-15 0.1985
6.8404e-15 0.2245
8.6946e-15 0.2234
5.8711e-15 0.2365
1.9731e-15 0.4707
4.0599e-15 0.2654
6.0157e-15 0.2521
4.7423e-15 0.1914
1.2322e-14 0.2315
8.4250e-15 0.1735
1.1277e-14 0.1588
1.1091e-14 0.1710
1.5449e-14 0.1688
1.6206e-15 0.2266
4.6608e-15 0.2780
5.9735e-15 0.2037
6.8917e-15 0.2006
1.0605e-14 0.1923
1.9302e-14 0.1425
2.5414e-14 0.1332
2.0686e-14 0.1231
2.1325e-14 0.1336
2.8827e-15 0.3377
3.9815e-15 0.2743
6.6776e-15 0.1797
8.6834e-15 0.1755
1.7049e-14 0.1403
2.9782e-14 0.1135
8.6581e-14 0.0704
1.1551e-13 0.0655
7.2498e-14 0.0761
3.4086e-15 0.3147
3.4693e-15 0.1999
5.0442e-15 0.2068
9.9923e-15 0.1660
1.6710e-14 0.1221
7.1545e-14 0.0771
3.4106e-13 0.0383
6.1103e-13 0.0292
3.5810e-13 0.0370
2.7048e-15 0.2450
6.0159e-15 0.2364
8.4885e-15 0.2125
1.4602e-14 0.1945
3.0217e-14 0.1268
1.1771e-13 0.0628
6.3585e-13 0.0289
1.1719e-12 0.0216
6.1421e-13 0.0294
2.1634e-15 0.2408
5.0745e-15 0.2644
6.1590e-15 0.1913
1.3527e-14 0.1837
2.3697e-14 0.1294
6.7565e-14 0.0753
3.5370e-13 0.0376
6.6590e-13 0.0283
3.3618e-13 0.0381
2.4555e-15 0.1970
2.9781e-15 0.3048
8.5836e-15 0.2163
8.3293e-15 0.2537
1.9880e-14 0.1336
2.9313e-14 0.1089
7.4733e-14 0.0762
1.1624e-13 0.0627
7.6190e-14 0.0748
1.4566e-15 0.3926
1.3768e-15 0.3266
1.0481e-15 0.2878
9.0887e-16 0.2641
6.0757e-15 0.3017
4.2890e-15 0.2682
9.1000e-15 0.2684
5.5281e-15 0.2168
3.2312e-15 0.2337
1.1380e-15 0.2811
1.6968e-15 0.2174
4.7197e-15 0.3852
4.4196e-15 0.2458
6.7828e-15 0.2585
5.3244e-15 0.2065
6.5261e-15 0.1853
7.1968e-15 0.2101
5.1031e-15 0.1820
1.2415e-15 0.4430
3.8401e-15 0.2348
5.3522e-15 0.2735
7.7776e-15 0.2560
9.0683e-15 0.2003
8.8831e-15 0.1903
1.1277e-14 0.1674
9.0034e-15 0.1731
1.3332e-14 0.1750
1.9847e-15 0.3048
3.6248e-15 0.3028
5.7234e-15 0.3043
5.8594e-15 0.2640
9.1436e-15 0.1842
2.0212e-14 0.1404
2.0288e-14 0.1267
2.4935e-14 0.1495
1.7971e-14 0.1570
1.9208e-15 0.3866
4.2209e-15 0.3157
8.1418e-15 0.2461
8.3241e-15 0.1585
1.5654e-14 0.1654
2.8442e-14 0.1301
4.1941e-14 0.0923
4.2440e-14 0.0977
3.9741e-14 0.1053
4.5806e-15 0.3346
3.9390e-15 0.2660
5.0574e-15 0.2136
1.2438e-14 0.1792
1.9813e-14 0.1518
4.5292e-14 0.1055
7.2504e-14 0.0755
1.0309e-13 0.0612
7.1230e-14 0.0738
2.2437e-15 0.2679
6.0237e-15 0.3357
7.9503e-15 0.2330
1.3995e-14 0.1718
2.5512e-14 0.1354
4.9518e-14 0.0943
1.1760e-13 0.0618
2.0012e-13 0.0496
1.1006e-13 0.0623
3.7029e-15 0.2208
2.5638e-15 0.2249
7.0819e-15 0.2167
1.0246e-14 0.1768
2.5650e-14 0.1355
4.0770e-14 0.1031
8.2396e-14 0.0713
1.1974e-13 0.0631
7.4440e-14 0.0737
2.3754e-15 0.2228
6.8150e-15 0.3231
8.4906e-15 0.2108
1.1708e-14 0.1797
1.7389e-14 0.1327
2.4859e-14 0.1247
3.9275e-14 0.0948
5.3166e-14 0.0995
3.6513e-14 0.0996
2.2783e-15 0.3565
2.3475e-15 0.3302
2.0509e-15 0.2631
2.8779e-15 0.3223
3.2049e-15 0.3078
5.8251e-15 0.3023
6.1823e-15 0.2899
4.1624e-15 0.3097
2.3956e-15 0.2723
1.9757e-15 0.3222
3.8477e-15 0.3343
2.4811e-15 0.2659
4.7939e-15 0.2845
6.1702e-15 0.2684
5.7170e-15 0.2700
5.5588e-15 0.2174
5.6080e-15 0.1963
7.6899e-15 0.1952
3.5795e-15 0.3891
3.1885e-15 0.2789
2.9743e-15 0.2809
6.4394e-15 0.2162
7.0431e-15 0.1907
7.1840e-15 0.2032
1.0393e-14 0.1512
1.2635e-14 0.1666
1.3848e-14 0.1759
1.0162e-15 0.2666
4.9706e-15 0.2519
5.6418e-15 0.2860
4.8141e-15 0.2308
1.1686e-14 0.1794
1.6933e-14 0.1506
1.7004e-14 0.1284
2.1322e-14 0.1404
1.7236e-14 0.1305
6.8069e-16 0.2699
3.9469e-15 0.3159
8.1253e-15 0.2037
1.0611e-14 0.1916
1.5186e-14 0.1420
2.4857e-14 0.1311
4.0385e-14 0.0967
3.6917e-14 0.1016
4.6406e-14 0.1039
3.7684e-15 0.2923
4.2869e-15 0.4093
6.9644e-15 0.1806
1.6092e-14 0.1794
2.1582e-14 0.1275
4.0151e-14 0.1071
6.0485e-14 0.0839
9.2521e-14 0.0744
7.1752e-14 0.0855
3.4859e-15 0.2483
5.5366e-15 0.2598
7.6961e-15 0.2005
1.0851e-14 0.1903
2.3194e-14 0.1260
4.4568e-14 0.0936
9.6286e-14 0.0736
1.3640e-13 0.0608
9.2434e-14 0.0754
2.8680e-15 0.2195
4.5243e-15 0.2615
7.4828e-15 0.2629
9.6119e-15 0.1689
2.0765e-14 0.1358
3.8894e-14 0.1117
7.5854e-14 0.0804
8.6451e-14 0.0698
6.1175e-14 0.0783
9.8172e-16 0.2537
5.6039e-15 0.2825
5.1960e-15 0.2105
1.2840e-14 0.1672
2.2641e-14 0.1566
2.5787e-14 0.1178
4.0162e-14 0.1031
4.6275e-14 0.0966
4.1129e-14 0.0991
2.4456e-15 0.4458
3.3355e-15 0.4183
2.3456e-15 0.3829
2.3606e-15 0.2799
3.2330e-15 0.2921
4.1104e-15 0.3179
6.4653e-15 0.2516
4.7313e-15 0.3118
3.5275e-15 0.2210
2.2363e-15 0.3212
3.6577e-15 0.2657
3.7635e-15 0.2834
3.8533e-15 0.3470
7.7224e-15 0.2820
4.8960e-15 0.2489
8.6252e-15 0.2188
8.7455e-15 0.2480
6.7100e-15 0.1957
2.7488e-15 0.4437
3.3596e-15 0.3342
3.0357e-15 0.2699
8.0050e-15 0.2263
9.8274e-15 0.2372
1.2816e-14 0.2207
1.6447e-14 0.1722
1.2181e-14 0.1649
1.0098e-14 0.2127
2.2377e-15 0.3318
3.8405e-15 0.3215
5.0559e-15 0.2150
4.2148e-15 0.1815
1.1669e-14 0.1795
1.5550e-14 0.1411
2.5438e-14 0.1406
2.1690e-14 0.1412
1.7942e-14 0.1469
1.7002e-15 0.3464
3.7762e-15 0.2249
6.3096e-15 0.2281
9.6765e-15 0.2177
1.5453e-14 0.1516
2.7264e-14 0.1291
4.2485e-14 0.0995
3.4668e-14 0.0978
3.5576e-14 0.1173
1.9789e-15 0.2691
4.8921e-15 0.2699
8.6057e-15 0.2549
1.2089e-14 0.1699
2.3406e-14 0.1507
4.2403e-14 0.1014
5.6671e-14 0.0884
7.6788e-14 0.0819
5.8860e-14 0.0852
2.8744e-15 0.2948
7.6744e-15 0.2078
7.8211e-15 0.2042
1.1738e-14 0.1532
2.9624e-14 0.1477
4.0606e-14 0.1045
7.6175e-14 0.0738
1.1549e-13 0.0626
7.0897e-14 0.0816
3.0072e-15 0.2866
4.4699e-15 0.2451
9.4274e-15 0.2405
1.1938e-14 0.1877
2.1634e-14 0.1339
3.9892e-14 0.1108
6.7382e-14 0.0826
8.3592e-14 0.0778
6.1611e-14 0.0868
1.5634e-15 0.3318
6.9553e-15 0.2415
7.5327e-15 0.2106
1.1276e-14 0.1803
1.5953e-14 0.1602
2.3554e-14 0.1176
3.9405e-14 0.1133
4.5924e-14 0.1029
4.2050e-14 0.1078
1.1126e-15 0.3228
3.5512e-15 0.3832
1.6547e-15 0.2582
2.4971e-15 0.3087
3.4206e-15 0.2344
2.9540e-15 0.2279
6.9083e-15 0.2785
5.4068e-15 0.2501
4.9939e-15 0.2436
1.4320e-15 0.3868
3.5872e-15 0.2919
3.2542e-15 0.3205
6.0391e-15 0.2748
6.3979e-15 0.2157
5.5519e-15 0.2583
5.2956e-15 0.2031
6.7038e-15 0.2425
8.7529e-15 0.2364
2.8438e-15 0.2998
2.5262e-15 0.3025
4.7978e-15 0.2563
5.0943e-15 0.1759
7.5868e-15 0.2382
1.1218e-14 0.1723
1.4972e-14 0.1540
1.4408e-14 0.1501
1.3138e-14 0.1580
3.9452e-15 0.3930
6.1131e-15 0.3306
2.6796e-15 0.2032
5.4395e-15 0.2290
7.1209e-15 0.1978
1.6576e-14 0.1694
1.5057e-14 0.1402
1.9351e-14 0.1399
2.4576e-14 0.1327
1.8737e-15 0.2774
6.7036e-15 0.2664
5.3241e-15 0.2195
6.4336e-15 0.1961
1.5168e-14 0.1567
2.2946e-14 0.1272
3.4417e-14 0.1098
3.4661e-14 0.1017
3.2753e-14 0.1185
3.1236e-15 0.2783
3.6203e-15 0.3240
5.3421e-15 0.2056
1.2879e-14 0.1881
2.3458e-14 0.1226
4.1892e-14 0.1098
5.6463e-14 0.0904
7.9260e-14 0.0857
6.3307e-14 0.0952
4.5772e-15 0.3246
5.9921e-15 0.2372
6.6579e-15 0.2120
1.2065e-14 0.1909
2.7919e-14 0.1221
4.6115e-14 0.1002
7.4704e-14 0.0849
1.1204e-13 0.0646
6.3557e-14 0.0839
2.1840e-15 0.2604
4.5871e-15 0.2324
8.0390e-15 0.2267
1.1131e-14 0.1873
1.9622e-14 0.1536
3.8780e-14 0.1111
6.0297e-14 0.0915
7.0893e-14 0.0751
5.5457e-14 0.0939
3.5664e-15 0.3051
4.5572e-15 0.3072
7.5609e-15 0.1986
1.2341e-14 0.2104
1.6129e-14 0.1673
2.3762e-14 0.1342
3.6288e-14 0.1040
4.3096e-14 0.1003
3.4457e-14 0.1149
