     9      9     20
d_kernel   u_kernel

6.3313e-16 0.2679
7.7828e-16 0.3107
1.3370e-15 0.2919
1.6136e-15 0.2347
1.0699e-15 0.3188
1.5668e-15 0.2931
1.2699e-15 0.2216
1.2983e-15 0.2396
1.2115e-15 0.3413
5.4194e-16 0.3342
1.3761e-15 0.2291
1.2816e-14 0.2093
8.3675e-14 0.0846
1.7888e-13 0.0620
9.3641e-14 0.0830
1.0259e-14 0.2224
1.0241e-15 0.2437
7.8397e-16 0.2847
7.5662e-16 0.2406
7.9518e-15 0.2315
3.3902e-13 0.0461
1.1814e-12 0.0257
1.5961e-12 0.0219
1.1760e-12 0.0256
3.1894e-13 0.0491
1.0794e-14 0.2104
3.0213e-16 0.3217
1.1016e-15 0.2538
8.8152e-14 0.0853
1.1398e-12 0.0259
2.5134e-12 0.0175
3.3124e-12 0.0148
2.4562e-12 0.0176
1.2076e-12 0.0252
7.7799e-14 0.0904
1.2613e-15 0.3582
1.6485e-15 0.3544
1.7171e-13 0.0620
1.5949e-12 0.0221
3.3104e-12 0.0146
1.1707e-09 0.0002
3.3403e-12 0.0147
1.5754e-12 0.0218
1.8413e-13 0.0606
2.3670e-15 0.3989
1.5382e-15 0.3136
8.5094e-14 0.0873
1.1660e-12 0.0257
2.4586e-12 0.0177
3.3667e-12 0.0147
2.4369e-12 0.0179
1.1841e-12 0.0257
8.6503e-14 0.0823
1.4439e-15 0.3848
1.4920e-15 0.4014
1.3607e-14 0.1911
3.0986e-13 0.0498
1.1534e-12 0.0257
1.5870e-12 0.0218
1.1866e-12 0.0255
3.0055e-13 0.0493
1.1665e-14 0.2075
1.5081e-15 0.4191
5.1394e-16 0.3221
1.0432e-15 0.3023
1.2224e-14 0.2005
9.1897e-14 0.0866
1.7374e-13 0.0632
9.5962e-14 0.0776
1.1606e-14 0.2188
1.1821e-15 0.3666
8.5335e-16 0.3379
5.9359e-16 0.3085
6.1947e-16 0.3356
1.9327e-15 0.4320
1.2733e-15 0.2778
1.8451e-15 0.3705
1.1255e-15 0.3015
1.3291e-15 0.2520
5.0603e-16 0.3108
5.0199e-16 0.3508
7.2739e-16 0.4261
6.1203e-16 0.2960
1.2343e-15 0.2703
1.0349e-15 0.2553
2.1326e-15 0.3156
0.0000e+00 1.0000
7.2959e-16 0.2977
8.4954e-16 0.2854
4.9545e-16 0.3233
1.3625e-15 0.3801
1.0769e-15 0.3648
1.2880e-14 0.1781
1.8302e-13 0.0589
3.7089e-13 0.0429
1.8770e-13 0.0577
2.3929e-14 0.1452
2.1879e-15 0.2537
1.3619e-15 0.2599
1.3805e-15 0.2579
1.7112e-14 0.1631
7.0494e-13 0.0322
2.8889e-12 0.0166
4.2544e-12 0.0138
2.9824e-12 0.0164
7.3387e-13 0.0322
1.6357e-14 0.1779
5.7744e-16 0.2755
1.9947e-15 0.2462
1.9372e-13 0.0571
2.8404e-12 0.0167
7.5014e-12 0.0104
1.4689e-11 0.0070
7.6298e-12 0.0104
2.9712e-12 0.0166
1.8496e-13 0.0585
1.0151e-15 0.2523
1.2391e-15 0.2724
4.0213e-13 0.0409
4.1424e-12 0.0140
1.4786e-11 0.0070
1.2756e-09 0.0002
1.4833e-11 0.0070
4.1840e-12 0.0138
3.9085e-13 0.0415
1.2494e-15 0.2437
2.9090e-15 0.3068
1.9772e-13 0.0570
2.9159e-12 0.0165
7.4583e-12 0.0104
1.4701e-11 0.0070
7.5167e-12 0.0104
2.9038e-12 0.0167
1.9444e-13 0.0578
1.1250e-15 0.2495
1.4870e-15 0.2914
1.6441e-14 0.1646
6.8784e-13 0.0324
2.9316e-12 0.0167
4.1808e-12 0.0139
3.0635e-12 0.0164
6.9830e-13 0.0326
1.9756e-14 0.1660
8.9620e-16 0.2668
1.0593e-15 0.2603
1.2509e-15 0.2259
1.8620e-14 0.1524
1.8637e-13 0.0572
3.7284e-13 0.0419
1.7662e-13 0.0592
1.4793e-14 0.1613
1.6728e-15 0.2034
6.3250e-16 0.2770
1.1260e-15 0.4845
9.6034e-16 0.3207
2.6136e-15 0.4278
2.1133e-15 0.2939
2.3575e-15 0.3743
1.5131e-15 0.2121
1.7251e-15 0.3976
1.1377e-15 0.3328
1.1546e-15 0.3203
7.3879e-16 0.2731
8.9782e-16 0.2590
1.5085e-15 0.3784
2.2616e-15 0.4595
2.8777e-15 0.2325
2.3806e-15 0.2413
1.1703e-15 0.2419
7.9065e-16 0.3298
7.5369e-16 0.3616
1.6641e-15 0.3147
9.3268e-16 0.3528
1.6443e-14 0.1601
3.0006e-13 0.0448
5.9542e-13 0.0326
3.0250e-13 0.0447
2.2099e-14 0.1454
2.1559e-15 0.1930
1.0640e-15 0.2599
1.4614e-15 0.2707
2.0140e-14 0.1609
1.2045e-12 0.0244
6.2977e-12 0.0115
9.5178e-12 0.0094
6.2100e-12 0.0115
1.2437e-12 0.0238
2.0824e-14 0.1489
1.6600e-15 0.3316
1.0631e-15 0.2555
2.9078e-13 0.0458
6.2776e-12 0.0115
2.3225e-11 0.0060
6.2355e-11 0.0033
2.2949e-11 0.0060
6.2225e-12 0.0115
3.0880e-13 0.0448
9.2140e-16 0.2483
2.4699e-15 0.4271
6.5611e-13 0.0316
9.5133e-12 0.0094
6.2323e-11 0.0033
1.2059e-09 0.0003
6.2091e-11 0.0033
9.4727e-12 0.0094
6.3189e-13 0.0324
1.9579e-15 0.2234
2.1381e-15 0.2163
2.9383e-13 0.0448
6.1698e-12 0.0116
2.2861e-11 0.0060
6.2714e-11 0.0033
2.3060e-11 0.0060
6.1566e-12 0.0116
2.8539e-13 0.0459
2.1829e-15 0.3386
1.4384e-15 0.3436
2.0450e-14 0.1457
1.2062e-12 0.0245
6.1654e-12 0.0116
9.5085e-12 0.0094
6.1856e-12 0.0115
1.2233e-12 0.0242
1.6004e-14 0.1550
1.3840e-15 0.3621
2.0062e-15 0.3431
1.3721e-15 0.2451
2.1429e-14 0.1471
2.8164e-13 0.0470
6.2509e-13 0.0321
2.7810e-13 0.0472
2.1094e-14 0.1457
1.9697e-15 0.2077
7.9506e-16 0.2982
1.8072e-15 0.4565
1.8493e-15 0.4313
2.1190e-15 0.3101
2.3031e-15 0.3426
1.9007e-15 0.2647
2.4284e-15 0.2827
2.8128e-15 0.2566
9.8685e-16 0.2513
5.2991e-16 0.2798
5.7836e-16 0.2797
1.7693e-15 0.3428
1.2664e-15 0.2709
1.7044e-15 0.3045
2.8564e-15 0.2642
1.5852e-15 0.3081
2.9109e-15 0.3847
8.1459e-16 0.3528
8.9046e-16 0.2272
8.5010e-16 0.2862
1.8950e-15 0.2889
1.8977e-14 0.1512
3.5459e-13 0.0408
7.7620e-13 0.0282
3.2387e-13 0.0422
1.9728e-14 0.1501
1.4449e-15 0.2243
1.5491e-15 0.2513
1.4149e-15 0.2527
1.5993e-14 0.1537
1.6920e-12 0.0204
1.0768e-11 0.0088
1.7829e-11 0.0069
1.0733e-11 0.0088
1.6973e-12 0.0202
1.9615e-14 0.1472
1.3578e-15 0.2204
2.5299e-15 0.2249
3.1709e-13 0.0418
1.0746e-11 0.0088
5.4092e-11 0.0039
1.3938e-10 0.0022
5.3790e-11 0.0039
1.0708e-11 0.0088
3.2116e-13 0.0421
2.6719e-15 0.3129
1.8757e-15 0.2676
7.7047e-13 0.0284
1.7711e-11 0.0069
1.3930e-10 0.0022
8.8640e-10 0.0005
1.3940e-10 0.0022
1.7777e-11 0.0069
7.5635e-13 0.0285
2.1797e-15 0.2358
2.7563e-15 0.2170
3.2470e-13 0.0423
1.0578e-11 0.0088
5.3484e-11 0.0040
1.3894e-10 0.0022
5.3911e-11 0.0039
1.0679e-11 0.0088
3.2342e-13 0.0422
2.3055e-15 0.2383
1.7224e-15 0.3692
1.8798e-14 0.1630
1.6831e-12 0.0204
1.0768e-11 0.0088
1.7767e-11 0.0069
1.0681e-11 0.0088
1.7175e-12 0.0202
2.1567e-14 0.1418
1.7630e-15 0.2172
1.1559e-15 0.2896
2.3718e-15 0.3710
2.0085e-14 0.1404
3.3469e-13 0.0417
7.5080e-13 0.0284
3.2271e-13 0.0422
1.5239e-14 0.1677
8.2278e-16 0.2909
9.1938e-16 0.3890
9.1078e-16 0.3103
1.2037e-15 0.2615
2.4513e-15 0.3772
2.5149e-15 0.2876
3.4469e-15 0.2553
2.1697e-15 0.2007
2.2551e-15 0.2903
1.3468e-15 0.3034
9.7770e-16 0.3153
7.9284e-16 0.3022
2.0598e-15 0.4911
2.3209e-15 0.2843
2.1474e-15 0.2148
2.5235e-15 0.2530
1.7213e-15 0.2643
3.7582e-15 0.4872
1.3890e-15 0.3160
9.7297e-16 0.4390
1.1772e-15 0.4513
1.4078e-15 0.2138
1.0391e-14 0.1865
2.3601e-13 0.0469
6.3797e-13 0.0297
2.3809e-13 0.0472
9.7159e-15 0.1750
3.4935e-15 0.3933
9.8983e-16 0.2792
1.6984e-15 0.3075
9.7676e-15 0.1961
1.6510e-12 0.0197
1.3663e-11 0.0076
2.4568e-11 0.0058
1.3625e-11 0.0076
1.6566e-12 0.0198
1.0837e-14 0.1777
3.0659e-15 0.3602
3.7275e-15 0.3742
2.2910e-13 0.0480
1.3744e-11 0.0076
8.1613e-11 0.0032
1.7476e-10 0.0020
8.1109e-11 0.0032
1.3692e-11 0.0076
2.4541e-13 0.0463
3.1926e-15 0.2422
1.6623e-15 0.2536
6.1584e-13 0.0304
2.4384e-11 0.0058
1.7534e-10 0.0020
5.6594e-10 0.0008
1.7528e-10 0.0020
2.4747e-11 0.0057
6.5696e-13 0.0292
1.9934e-15 0.2574
2.9270e-15 0.3421
2.1608e-13 0.0479
1.3728e-11 0.0076
8.0369e-11 0.0032
1.7536e-10 0.0020
8.0845e-11 0.0032
1.3745e-11 0.0076
2.3348e-13 0.0466
1.3582e-15 0.2187
1.1875e-15 0.2143
7.7654e-15 0.1884
1.6276e-12 0.0199
1.3728e-11 0.0076
2.4509e-11 0.0058
1.3703e-11 0.0076
1.6241e-12 0.0198
7.5752e-15 0.1719
3.0210e-15 0.2722
9.2765e-16 0.2942
2.4384e-15 0.2583
9.4733e-15 0.1932
2.2466e-13 0.0478
6.3848e-13 0.0299
2.2932e-13 0.0477
1.0137e-14 0.1790
2.2415e-15 0.2611
1.4164e-15 0.2541
8.1090e-16 0.3394
1.1723e-15 0.2928
2.0451e-15 0.2630
4.0277e-15 0.3016
4.4421e-15 0.3272
2.5194e-15 0.2498
3.1700e-15 0.3027
1.6140e-15 0.3399
1.1947e-15 0.3128
7.1551e-16 0.2879
2.0410e-15 0.2252
1.6400e-15 0.2768
3.1609e-15 0.2028
4.1532e-15 0.3910
2.2980e-15 0.2298
1.7742e-15 0.2025
1.9851e-15 0.2676
2.4118e-15 0.3655
1.1274e-15 0.2262
2.7424e-15 0.2159
4.9352e-15 0.2013
9.3040e-14 0.0686
2.9122e-13 0.0409
9.6196e-14 0.0671
6.0105e-15 0.1873
2.0663e-15 0.2812
8.1923e-16 0.2581
2.3666e-15 0.3935
5.7161e-15 0.1964
9.4613e-13 0.0245
1.1873e-11 0.0078
2.3539e-11 0.0057
1.1756e-11 0.0078
9.7794e-13 0.0239
3.4705e-15 0.2007
1.7006e-15 0.2300
4.0828e-15 0.3548
8.9260e-14 0.0699
1.2066e-11 0.0078
8.3716e-11 0.0031
1.6166e-10 0.0021
8.4091e-11 0.0031
1.1941e-11 0.0078
9.7934e-14 0.0678
2.3996e-15 0.2523
4.5411e-15 0.2845
2.7964e-13 0.0418
2.3879e-11 0.0056
1.6173e-10 0.0021
3.5833e-10 0.0012
1.6159e-10 0.0021
2.3696e-11 0.0057
3.0718e-13 0.0396
2.6222e-15 0.2776
2.8093e-15 0.2030
9.0732e-14 0.0694
1.2012e-11 0.0078
8.4100e-11 0.0031
1.6203e-10 0.0021
8.4111e-11 0.0031
1.1866e-11 0.0078
9.0491e-14 0.0669
1.1216e-15 0.2241
2.8261e-15 0.2680
5.4645e-15 0.1794
9.2185e-13 0.0245
1.1947e-11 0.0078
2.3657e-11 0.0057
1.2025e-11 0.0078
9.8492e-13 0.0241
5.8560e-15 0.2282
2.0982e-15 0.1974
1.0863e-15 0.2542
1.8306e-15 0.2265
4.0048e-15 0.1887
9.8433e-14 0.0668
2.8774e-13 0.0413
8.5631e-14 0.0697
6.9104e-15 0.1964
3.7926e-15 0.2778
2.1370e-15 0.4280
9.1458e-16 0.2426
1.0832e-15 0.2421
2.6922e-15 0.2121
3.5817e-15 0.2987
3.1040e-15 0.2813
4.3330e-15 0.3049
2.6182e-15 0.2684
1.9591e-15 0.3720
1.0648e-15 0.2969
6.0958e-16 0.2391
3.0485e-15 0.3643
3.1605e-15 0.2841
1.9243e-15 0.2194
4.3731e-15 0.3324
4.3678e-15 0.2423
3.6161e-15 0.3863
2.2063e-15 0.2488
0.0000e+00 1.0000
2.8175e-15 0.2910
3.4383e-15 0.2687
6.5572e-15 0.2492
1.6166e-14 0.1262
5.1188e-14 0.0823
1.8851e-14 0.1291
4.5271e-15 0.2283
3.0225e-15 0.1877
8.5184e-16 0.3238
3.2589e-15 0.2565
4.0776e-15 0.2035
2.8057e-13 0.0409
6.0643e-12 0.0102
1.4297e-11 0.0069
6.1727e-12 0.0101
2.8116e-13 0.0406
5.1991e-15 0.2156
2.0692e-15 0.2464
4.8364e-15 0.2286
2.0667e-14 0.1378
6.2283e-12 0.0101
6.1401e-11 0.0035
1.1865e-10 0.0025
6.1752e-11 0.0035
6.1994e-12 0.0101
1.3984e-14 0.1365
2.4246e-15 0.3796
4.1326e-15 0.2240
5.0489e-14 0.0870
1.4442e-11 0.0069
1.1802e-10 0.0025
2.2724e-10 0.0016
1.1865e-10 0.0024
1.4375e-11 0.0069
5.3328e-14 0.0848
1.9965e-15 0.2255
3.2561e-15 0.1991
1.5618e-14 0.1411
6.1031e-12 0.0101
6.1135e-11 0.0035
1.1883e-10 0.0024
6.1921e-11 0.0035
6.1476e-12 0.0101
2.0437e-14 0.1303
3.9033e-15 0.2553
1.4466e-15 0.2671
4.4947e-15 0.2486
2.6683e-13 0.0412
6.1251e-12 0.0101
1.4332e-11 0.0069
6.2986e-12 0.0100
2.8968e-13 0.0406
3.4548e-15 0.2500
2.1195e-15 0.2467
2.2726e-15 0.3358
3.3428e-15 0.2470
4.1855e-15 0.1585
2.1795e-14 0.1309
5.2114e-14 0.0839
1.6965e-14 0.1290
4.7404e-15 0.1856
2.5248e-15 0.1966
1.4511e-15 0.3110
0.0000e+00 1.0000
2.1228e-15 0.3252
2.1767e-15 0.2180
2.6926e-15 0.2076
4.4988e-15 0.2265
3.8274e-15 0.2464
4.2479e-15 0.2794
1.5980e-15 0.2512
1.4945e-15 0.3106
1.2193e-15 0.4266
1.5281e-15 0.2289
2.2471e-15 0.2081
4.4392e-15 0.2806
4.4813e-15 0.3695
4.0144e-15 0.2180
2.0513e-15 0.1913
1.8453e-15 0.2023
2.2230e-15 0.2639
2.9834e-15 0.3124
3.5962e-15 0.2793
5.9603e-15 0.1845
7.8008e-15 0.2057
1.1062e-14 0.1638
6.7011e-15 0.2322
5.5872e-15 0.1963
2.8111e-15 0.3602
2.6642e-15 0.2815
3.9909e-15 0.3265
4.5840e-15 0.2348
3.1620e-14 0.0969
1.4072e-12 0.0191
4.2194e-12 0.0116
1.4004e-12 0.0191
3.1511e-14 0.1042
5.1938e-15 0.1869
3.2531e-15 0.2985
4.5482e-15 0.2210
6.8715e-15 0.1635
1.4390e-12 0.0188
2.6997e-11 0.0050
5.9632e-11 0.0034
2.7148e-11 0.0050
1.4106e-12 0.0190
8.3153e-15 0.1789
3.3325e-15 0.3302
6.0571e-15 0.2660
7.5848e-15 0.1279
4.1699e-12 0.0116
5.9368e-11 0.0034
1.2157e-10 0.0023
5.9709e-11 0.0034
4.2189e-12 0.0115
8.5507e-15 0.1570
2.5646e-15 0.1913
4.5434e-15 0.3343
8.1184e-15 0.1414
1.4112e-12 0.0190
2.7021e-11 0.0050
6.0169e-11 0.0034
2.7394e-11 0.0049
1.4478e-12 0.0188
8.6668e-15 0.1601
6.1732e-15 0.3006
3.6028e-15 0.2287
4.0708e-15 0.3016
2.9808e-14 0.0985
1.3768e-12 0.0192
4.1735e-12 0.0116
1.4409e-12 0.0189
3.1895e-14 0.1027
5.9011e-15 0.1790
2.6002e-15 0.2869
2.4858e-15 0.2452
4.3644e-15 0.2825
4.2094e-15 0.1880
1.0783e-14 0.2146
8.8812e-15 0.1884
8.9617e-15 0.1935
4.4895e-15 0.1450
4.2188e-15 0.2448
1.3128e-15 0.2645
2.0929e-15 0.3030
2.1994e-15 0.2291
3.3872e-15 0.1966
5.1849e-15 0.3066
3.8329e-15 0.2267
2.8390e-15 0.2231
2.4608e-15 0.3156
3.1540e-15 0.2693
0.0000e+00 1.0000
1.8559e-15 0.3577
3.0528e-15 0.2729
2.8427e-15 0.2242
3.6930e-15 0.2200
3.7420e-15 0.1960
3.2862e-15 0.2688
2.8540e-15 0.2629
2.3001e-15 0.2447
2.1970e-15 0.4409
2.1197e-15 0.3377
3.2721e-15 0.2603
6.4965e-15 0.2299
6.8814e-15 0.1579
1.3487e-14 0.1798
7.7564e-15 0.2028
6.0717e-15 0.2691
3.1454e-15 0.2499
2.3899e-15 0.2497
3.9035e-15 0.2433
5.7056e-15 0.2507
1.1359e-14 0.1639
9.0854e-14 0.0635
3.4523e-13 0.0344
8.3425e-14 0.0649
1.0662e-14 0.1325
6.8363e-15 0.2289
2.9879e-15 0.1795
3.7659e-15 0.2553
6.1344e-15 0.1663
1.0280e-13 0.0609
4.6490e-12 0.0107
1.3763e-11 0.0065
4.6542e-12 0.0107
9.0613e-14 0.0634
6.4306e-15 0.1981
3.3785e-15 0.2776
4.8523e-15 0.2240
7.4570e-15 0.1496
3.4545e-13 0.0343
1.3680e-11 0.0065
3.5899e-11 0.0042
1.3666e-11 0.0065
3.7623e-13 0.0335
8.6654e-15 0.1679
4.0895e-15 0.3485
5.7307e-15 0.2464
7.3064e-15 0.2171
9.1188e-14 0.0628
4.6677e-12 0.0107
1.3938e-11 0.0065
4.7786e-12 0.0106
9.2883e-14 0.0605
9.6246e-15 0.2108
4.8217e-15 0.2623
3.3963e-15 0.2087
4.5187e-15 0.2131
9.8399e-15 0.1531
9.6032e-14 0.0613
3.6375e-13 0.0337
1.0261e-13 0.0580
9.4525e-15 0.1368
4.7489e-15 0.2023
2.6565e-15 0.2099
1.8397e-15 0.3092
3.6030e-15 0.2505
3.8997e-15 0.1815
8.8467e-15 0.1886
8.3140e-15 0.1556
8.2483e-15 0.1560
4.0743e-15 0.2140
4.3836e-15 0.2274
3.2325e-15 0.2820
2.5230e-15 0.2841
2.4273e-15 0.2688
2.4903e-15 0.2712
8.1137e-15 0.3136
4.0067e-15 0.2676
2.9334e-15 0.2697
3.9347e-15 0.2763
1.8291e-15 0.1990
2.0065e-15 0.3897
2.7032e-15 0.3276
3.1045e-15 0.2125
4.6475e-15 0.3001
4.7643e-15 0.1788
5.1172e-15 0.2361
5.3499e-15 0.2506
3.3016e-15 0.1868
2.6975e-15 0.2319
1.5352e-15 0.3246
2.9377e-15 0.3051
4.3468e-15 0.2770
5.5523e-15 0.2319
1.0839e-14 0.2136
1.0622e-14 0.1613
8.6197e-15 0.1710
4.3401e-15 0.2138
3.8441e-15 0.2548
3.4068e-15 0.3864
2.7646e-15 0.2676
6.3015e-15 0.2154
1.1677e-14 0.1517
1.8300e-14 0.1230
2.0898e-14 0.1006
1.6045e-14 0.1099
1.2031e-14 0.1397
4.3659e-15 0.1916
2.6760e-15 0.2388
2.3907e-15 0.1942
8.4099e-15 0.1814
2.0955e-14 0.1330
1.6013e-13 0.0464
6.6092e-13 0.0246
1.6596e-13 0.0452
1.5191e-14 0.1355
6.3016e-15 0.1999
3.9459e-15 0.2457
4.1971e-15 0.2238
8.7747e-15 0.1917
2.3353e-14 0.1070
6.6354e-13 0.0249
2.5639e-12 0.0133
6.5939e-13 0.0248
2.4188e-14 0.1196
8.6508e-15 0.1707
3.1828e-15 0.2390
4.9822e-15 0.2282
8.4862e-15 0.2074
2.0121e-14 0.1252
1.5262e-13 0.0476
6.4945e-13 0.0245
1.8005e-13 0.0458
1.7432e-14 0.1199
8.1798e-15 0.1851
4.4588e-15 0.3439
4.3799e-15 0.2523
7.5271e-15 0.2222
1.4006e-14 0.1495
1.7826e-14 0.1057
2.2470e-14 0.1127
1.7989e-14 0.1094
9.7804e-15 0.1526
6.3681e-15 0.2287
3.7327e-15 0.2116
2.2319e-15 0.3588
3.5835e-15 0.2005
5.3192e-15 0.2148
1.0483e-14 0.1963
7.1557e-15 0.1458
8.5563e-15 0.1555
5.2018e-15 0.1907
3.7991e-15 0.2665
2.2873e-15 0.1855
1.6185e-15 0.3095
1.5334e-15 0.3611
4.0256e-15 0.2067
6.0628e-15 0.2320
3.2431e-15 0.2294
5.6760e-15 0.2318
2.6441e-15 0.3048
1.6128e-15 0.2721
1.5391e-15 0.2356
2.2304e-15 0.2926
1.9306e-15 0.2479
3.9357e-15 0.2371
6.2712e-15 0.2842
7.2304e-15 0.2673
5.6297e-15 0.2272
3.0512e-15 0.2489
2.1466e-15 0.2712
1.0964e-15 0.3662
2.2779e-15 0.2809
4.8090e-15 0.3340
5.4396e-15 0.1825
9.4500e-15 0.2008
9.5482e-15 0.1579
8.3576e-15 0.1823
4.8813e-15 0.2083
7.2467e-15 0.2546
3.4196e-15 0.2608
3.4083e-15 0.4186
3.6609e-15 0.1598
1.2403e-14 0.1533
2.2679e-14 0.1257
2.5642e-14 0.1191
1.5504e-14 0.1152
1.0633e-14 0.1338
6.1695e-15 0.2415
2.8285e-15 0.2763
2.8980e-15 0.2535
6.7889e-15 0.1721
2.0094e-14 0.1216
3.7638e-14 0.1047
4.9661e-14 0.0841
4.0323e-14 0.0913
1.4995e-14 0.1220
5.1117e-15 0.1568
3.9897e-15 0.2485
4.4839e-15 0.1820
3.8349e-15 0.1282
2.4818e-14 0.1284
5.1954e-14 0.0799
9.4639e-14 0.0570
5.3016e-14 0.0784
1.8980e-14 0.1210
8.8106e-15 0.1830
3.6613e-15 0.2328
5.1349e-15 0.2312
7.9187e-15 0.1997
1.8548e-14 0.1245
3.3252e-14 0.0985
5.1103e-14 0.0765
3.6299e-14 0.0915
1.5281e-14 0.1234
8.2869e-15 0.2080
3.0576e-15 0.2335
4.3696e-15 0.2233
7.4294e-15 0.2313
1.0889e-14 0.1656
1.6020e-14 0.1282
2.4170e-14 0.1232
1.7898e-14 0.1174
1.0223e-14 0.1487
7.0160e-15 0.2144
3.3788e-15 0.2419
2.4641e-15 0.3015
3.5642e-15 0.1865
5.3796e-15 0.2329
1.2050e-14 0.1670
8.1603e-15 0.1653
7.1036e-15 0.1672
5.7344e-15 0.1717
4.1324e-15 0.2296
2.2945e-15 0.4277
1.5794e-15 0.3302
1.9514e-15 0.2911
2.5511e-15 0.2586
7.8758e-15 0.2510
3.8440e-15 0.2456
5.5058e-15 0.2027
4.3308e-15 0.2710
2.1933e-15 0.2033
2.0863e-15 0.3157
3.1142e-15 0.3726
2.9437e-15 0.2642
4.2436e-15 0.2769
3.4538e-15 0.2923
4.6588e-15 0.2048
4.0417e-15 0.2420
1.6113e-15 0.2121
2.1648e-15 0.3475
1.9617e-15 0.2772
1.9947e-15 0.3445
6.0915e-15 0.2866
6.1678e-15 0.2325
8.2765e-15 0.1558
9.0161e-15 0.1626
1.0241e-14 0.1473
6.0238e-15 0.1820
4.6900e-15 0.2396
1.8549e-15 0.2173
5.4634e-15 0.2881
6.3245e-15 0.2013
1.2068e-14 0.1419
1.7629e-14 0.1369
1.8746e-14 0.1193
1.7747e-14 0.1662
1.1211e-14 0.1652
5.1261e-15 0.3119
3.8397e-15 0.2668
5.7621e-15 0.2564
7.2862e-15 0.1476
1.8483e-14 0.1235
3.3545e-14 0.1065
4.4997e-14 0.0873
3.3613e-14 0.1013
1.5858e-14 0.1284
7.3918e-15 0.1811
2.9717e-15 0.1990
5.0402e-15 0.2730
7.2738e-15 0.1697
2.5310e-14 0.1182
4.8016e-14 0.0901
7.4765e-14 0.0680
5.5538e-14 0.0896
1.8721e-14 0.1246
1.0873e-14 0.1867
3.1499e-15 0.2317
2.4392e-15 0.1848
6.9518e-15 0.1991
1.7555e-14 0.1279
3.1584e-14 0.0993
4.7033e-14 0.0887
3.4858e-14 0.0963
1.7734e-14 0.1560
8.1564e-15 0.1805
5.7754e-15 0.2681
3.5825e-15 0.2870
5.4798e-15 0.1840
6.2784e-15 0.1542
1.7075e-14 0.1291
1.8371e-14 0.1151
1.7731e-14 0.1312
8.4711e-15 0.1658
5.5751e-15 0.2135
3.8763e-15 0.2694
2.0760e-15 0.2758
3.3239e-15 0.2671
6.0373e-15 0.2022
7.6692e-15 0.1362
9.0868e-15 0.2050
6.0767e-15 0.1724
6.0755e-15 0.1863
3.2951e-15 0.2665
2.7495e-15 0.4582
2.2103e-15 0.2572
1.5218e-15 0.2526
3.6874e-15 0.2704
3.8863e-15 0.1822
4.1466e-15 0.2306
5.1738e-15 0.2198
5.1317e-15 0.2674
1.7334e-15 0.3104
1.6868e-15 0.2845
2.3734e-15 0.2934
2.8365e-15 0.2470
5.8785e-15 0.2832
5.2706e-15 0.2789
4.8448e-15 0.2348
4.7198e-15 0.2342
3.9731e-15 0.2470
2.7416e-15 0.3708
1.8929e-15 0.3363
2.2379e-15 0.2441
5.3913e-15 0.2615
7.1768e-15 0.2168
9.3865e-15 0.1660
1.0102e-14 0.1678
8.6672e-15 0.1551
7.4856e-15 0.2052
6.2376e-15 0.2016
2.7965e-15 0.2157
2.8254e-15 0.2464
8.4069e-15 0.2113
8.2356e-15 0.1284
1.9453e-14 0.1366
2.2421e-14 0.1300
1.2915e-14 0.1522
1.0909e-14 0.1760
4.9084e-15 0.1841
2.8160e-15 0.3300
4.6167e-15 0.2031
6.4560e-15 0.1664
1.3991e-14 0.1371
2.6540e-14 0.1087
3.5393e-14 0.0876
2.8739e-14 0.1008
2.0036e-14 0.1385
9.3254e-15 0.1864
2.4996e-15 0.2300
2.3215e-15 0.1878
9.3769e-15 0.1712
2.1789e-14 0.1324
3.7579e-14 0.0970
6.3602e-14 0.0730
3.9189e-14 0.0880
1.4145e-14 0.1265
9.4062e-15 0.1711
5.1222e-15 0.2276
1.7797e-15 0.2413
1.0380e-14 0.1813
1.8748e-14 0.1421
2.2491e-14 0.1128
3.4744e-14 0.0976
3.1411e-14 0.0980
1.2298e-14 0.1283
8.0045e-15 0.1919
4.1864e-15 0.1892
3.1759e-15 0.3564
8.7389e-15 0.2194
1.1019e-14 0.1521
1.3499e-14 0.1509
1.8551e-14 0.1234
1.5139e-14 0.1343
1.1232e-14 0.1635
5.9711e-15 0.2397
4.3918e-15 0.2240
2.3696e-15 0.2546
4.2831e-15 0.2487
5.3493e-15 0.1425
7.0768e-15 0.1609
6.3293e-15 0.1532
6.9975e-15 0.1713
6.5320e-15 0.2022
4.8228e-15 0.2133
2.0942e-15 0.3874
2.0672e-15 0.2574
1.3187e-15 0.2325
4.3032e-15 0.2681
4.7959e-15 0.2312
6.6756e-15 0.2748
4.0803e-15 0.1945
3.0395e-15 0.2086
2.4006e-15 0.3296
2.9654e-15 0.3264
2.8471e-15 0.3080
1.9360e-15 0.4326
4.7132e-15 0.2300
5.5262e-15 0.2505
4.9135e-15 0.2294
3.9653e-15 0.1962
3.7342e-15 0.2034
2.3016e-15 0.2719
2.7353e-15 0.2924
2.5760e-15 0.2380
3.1242e-15 0.1865
4.7943e-15 0.1871
7.5452e-15 0.2085
9.5217e-15 0.1906
6.8759e-15 0.1809
5.7394e-15 0.1816
4.2560e-15 0.2604
2.8346e-15 0.2670
2.9202e-15 0.2365
6.0100e-15 0.2500
1.0704e-14 0.1717
1.2616e-14 0.1719
1.7513e-14 0.1307
1.8698e-14 0.1376
9.2260e-15 0.1502
6.5614e-15 0.2014
2.9483e-15 0.3146
3.9594e-15 0.2028
6.6919e-15 0.1815
1.1689e-14 0.1435
2.2083e-14 0.1324
3.5181e-14 0.0980
2.5110e-14 0.1114
1.5558e-14 0.1599
6.8938e-15 0.1804
3.3768e-15 0.1935
2.8498e-15 0.2210
1.0378e-14 0.1776
1.5894e-14 0.1396
3.5135e-14 0.1018
6.3645e-14 0.0828
3.7420e-14 0.0911
1.4205e-14 0.1342
8.4566e-15 0.1688
4.3170e-15 0.2203
3.2926e-15 0.2091
1.1718e-14 0.1754
1.6434e-14 0.1628
2.3429e-14 0.1223
3.0705e-14 0.1176
3.0877e-14 0.1063
1.4069e-14 0.1458
6.7194e-15 0.2008
4.5674e-15 0.3139
2.6274e-15 0.2639
7.0744e-15 0.2058
1.0651e-14 0.1567
1.0638e-14 0.1467
1.5920e-14 0.1359
1.6019e-14 0.1677
1.1415e-14 0.1760
2.8647e-15 0.1915
3.3215e-15 0.2633
2.7927e-15 0.2574
3.1539e-15 0.1923
5.6724e-15 0.1884
7.1539e-15 0.2111
6.8137e-15 0.1656
6.3331e-15 0.1777
4.9516e-15 0.2514
4.6329e-15 0.2234
1.5004e-15 0.2437
1.1390e-15 0.2303
1.9200e-15 0.2608
5.6172e-15 0.3099
4.8856e-15 0.2381
4.9379e-15 0.2058
3.8696e-15 0.2451
2.1151e-15 0.2100
2.8583e-15 0.3319
1.8528e-15 0.3166
3.2091e-15 0.3640
2.4102e-15 0.3300
3.0456e-15 0.1902
4.1967e-15 0.2531
5.2019e-15 0.2598
5.1187e-15 0.2511
3.4801e-15 0.2662
3.2514e-15 0.2720
3.6831e-15 0.3072
2.2950e-15 0.2488
3.5612e-15 0.2017
4.8122e-15 0.1846
5.8390e-15 0.2022
7.1377e-15 0.1860
7.8222e-15 0.1861
3.7686e-15 0.2141
3.8617e-15 0.2079
3.3435e-15 0.3170
4.2818e-15 0.2366
7.4992e-15 0.2491
1.0134e-14 0.1786
1.3115e-14 0.1565
1.4410e-14 0.1434
1.2800e-14 0.1421
9.6585e-15 0.1627
5.8920e-15 0.1837
2.9536e-15 0.2437
5.4064e-15 0.2535
8.2759e-15 0.2276
1.3663e-14 0.1624
2.0306e-14 0.1160
2.5284e-14 0.1135
1.9789e-14 0.1205
1.4303e-14 0.1507
9.3556e-15 0.1978
3.6760e-15 0.2232
3.9784e-15 0.2620
9.0613e-15 0.1859
1.4900e-14 0.1313
2.7909e-14 0.1075
5.3267e-14 0.0907
3.2904e-14 0.0974
1.0650e-14 0.1578
8.0871e-15 0.2011
6.0335e-15 0.2469
2.9566e-15 0.2531
9.5582e-15 0.2032
1.4685e-14 0.1545
2.0947e-14 0.1340
2.9655e-14 0.1015
2.8767e-14 0.1268
1.1732e-14 0.1631
9.0805e-15 0.1952
4.4267e-15 0.2561
6.9242e-15 0.2902
5.3928e-15 0.1875
8.0639e-15 0.1589
1.1483e-14 0.1516
1.7262e-14 0.1594
1.4734e-14 0.1399
1.2132e-14 0.1719
4.8369e-15 0.1848
2.7307e-15 0.2260
2.1714e-15 0.3494
6.7204e-15 0.2188
4.4944e-15 0.2308
6.1503e-15 0.2028
6.3757e-15 0.1699
7.3581e-15 0.1793
6.3039e-15 0.2149
3.3058e-15 0.2610
3.8013e-15 0.2981
2.1159e-15 0.3722
1.8447e-15 0.2577
4.1391e-15 0.3039
5.1242e-15 0.2595
5.4632e-15 0.2814
3.3526e-15 0.2070
1.9512e-15 0.2232
2.3082e-15 0.2673
1.4553e-15 0.3410
2.1690e-15 0.4040
3.1629e-15 0.2875
2.9005e-15 0.2052
4.6550e-15 0.2062
5.2576e-15 0.2096
5.0765e-15 0.2390
4.1710e-15 0.2161
3.5695e-15 0.3754
4.2931e-15 0.2891
3.1413e-15 0.2213
3.9852e-15 0.2347
4.9213e-15 0.1997
8.3191e-15 0.1755
8.3823e-15 0.2168
8.0651e-15 0.1996
5.8454e-15 0.2507
3.7205e-15 0.2650
2.6159e-15 0.2362
2.8061e-15 0.2230
5.8998e-15 0.2029
7.7969e-15 0.1900
1.2089e-14 0.1585
1.6333e-14 0.1496
1.7843e-14 0.1605
8.3779e-15 0.1476
3.8117e-15 0.2652
2.2922e-15 0.2376
3.0545e-15 0.2458
6.6439e-15 0.2072
1.1659e-14 0.1707
1.7858e-14 0.1361
2.2661e-14 0.1107
1.9440e-14 0.1444
1.2998e-14 0.1546
8.9493e-15 0.1919
7.5825e-15 0.2650
4.5641e-15 0.2737
8.7451e-15 0.2144
1.4600e-14 0.1556
2.6891e-14 0.1093
4.3874e-14 0.0902
2.8619e-14 0.1096
1.2545e-14 0.1677
5.9614e-15 0.1561
5.6838e-15 0.2365
4.7925e-15 0.2539
1.0733e-14 0.2088
1.1152e-14 0.1719
1.6708e-14 0.1237
2.5128e-14 0.1287
2.0723e-14 0.1220
1.3936e-14 0.1605
5.0113e-15 0.2195
3.7912e-15 0.2619
4.5074e-15 0.2459
4.8385e-15 0.1767
7.7291e-15 0.1764
1.2167e-14 0.1896
1.6344e-14 0.1489
1.5644e-14 0.1466
1.1273e-14 0.1881
7.3578e-15 0.2242
3.1160e-15 0.1919
3.4002e-15 0.3133
2.6541e-15 0.1681
5.5560e-15 0.2085
7.1321e-15 0.2250
7.5698e-15 0.2241
6.6640e-15 0.1638
5.3328e-15 0.1903
2.7490e-15 0.2421
3.1099e-15 0.1981
2.4287e-15 0.2906
2.4481e-15 0.3041
2.9302e-15 0.2160
4.4196e-15 0.2722
3.1903e-15 0.3309
4.2561e-15 0.2465
2.8032e-15 0.2124
2.9444e-15 0.3224
1.9434e-15 0.3461
2.0121e-15 0.3293
3.5872e-15 0.3189
2.1174e-15 0.2262
5.0295e-15 0.2720
4.3418e-15 0.2586
3.5373e-15 0.2334
4.6370e-15 0.2456
3.0206e-15 0.2961
2.6131e-15 0.4337
3.4819e-15 0.2650
5.7164e-15 0.2251
6.4284e-15 0.2359
1.0460e-14 0.1780
7.4631e-15 0.2391
7.1984e-15 0.2052
6.3740e-15 0.2343
3.6337e-15 0.2959
2.9231e-15 0.3542
4.3106e-15 0.2378
8.2940e-15 0.2425
5.6563e-15 0.2152
1.2667e-14 0.1578
1.2060e-14 0.1572
1.3109e-14 0.1732
8.1541e-15 0.1826
4.0488e-15 0.2084
3.1929e-15 0.2715
4.5484e-15 0.2720
6.9561e-15 0.2269
1.1169e-14 0.1664
1.9880e-14 0.1387
2.1389e-14 0.1396
1.9602e-14 0.1424
1.1950e-14 0.1804
5.4467e-15 0.2255
5.4512e-15 0.2177
6.0384e-15 0.3236
5.9957e-15 0.2293
1.7506e-14 0.1583
2.2716e-14 0.1201
3.0936e-14 0.1012
2.4346e-14 0.1316
1.1888e-14 0.1555
7.7990e-15 0.1661
5.2406e-15 0.2250
5.1915e-15 0.2206
9.6981e-15 0.1680
1.3667e-14 0.1738
1.5983e-14 0.1523
2.5368e-14 0.1275
2.2454e-14 0.1282
1.1256e-14 0.1830
6.0922e-15 0.2146
3.8714e-15 0.2550
4.0010e-15 0.3492
4.9244e-15 0.2270
9.4387e-15 0.2282
1.0563e-14 0.1625
1.2796e-14 0.1463
9.4858e-15 0.1589
1.1279e-14 0.1857
5.0282e-15 0.2505
3.4434e-15 0.2495
6.0186e-15 0.2991
3.4204e-15 0.2505
6.3991e-15 0.2115
5.9921e-15 0.2388
7.9499e-15 0.1958
8.7850e-15 0.1913
6.7147e-15 0.2272
2.7218e-15 0.2061
2.8916e-15 0.2453
1.1981e-15 0.2907
2.2747e-15 0.2933
4.2807e-15 0.2484
5.2499e-15 0.2699
5.0025e-15 0.2738
5.8126e-15 0.2511
2.2300e-15 0.2541
3.3963e-15 0.3173
4.8551e-15 0.2725
1.5769e-15 0.2197
1.9787e-15 0.3565
2.0909e-15 0.2582
4.0385e-15 0.2382
4.2162e-15 0.2116
5.7851e-15 0.2906
3.4369e-15 0.2814
3.3126e-15 0.3012
1.9885e-15 0.3659
2.4302e-15 0.2716
3.4130e-15 0.2287
7.2564e-15 0.2264
6.3182e-15 0.1690
7.9411e-15 0.2154
5.7562e-15 0.2347
3.5208e-15 0.1978
3.7917e-15 0.2116
2.7872e-15 0.2955
6.0806e-15 0.3179
6.6735e-15 0.2677
6.1038e-15 0.1863
8.9276e-15 0.1890
1.1622e-14 0.1680
1.0689e-14 0.1844
5.6082e-15 0.1969
4.5322e-15 0.2610
2.9599e-15 0.2899
2.4994e-15 0.2124
8.0343e-15 0.2080
1.0325e-14 0.1633
1.9619e-14 0.1341
1.8606e-14 0.1232
1.8856e-14 0.1701
1.1143e-14 0.1705
7.0159e-15 0.2147
4.9084e-15 0.2622
4.1759e-15 0.3245
6.8304e-15 0.1936
1.0498e-14 0.1962
2.5254e-14 0.1353
3.6397e-14 0.1137
2.5317e-14 0.1155
1.2887e-14 0.1690
6.4978e-15 0.2487
3.4470e-15 0.2091
7.1911e-15 0.2038
8.7025e-15 0.1826
1.1802e-14 0.1750
1.0448e-14 0.1402
2.0683e-14 0.1318
1.9581e-14 0.1445
1.4027e-14 0.1671
4.8499e-15 0.2414
3.2183e-15 0.2422
4.5074e-15 0.2466
6.8530e-15 0.2053
8.6114e-15 0.2199
1.0429e-14 0.1477
1.1151e-14 0.1573
1.2609e-14 0.1665
1.0124e-14 0.1830
5.2490e-15 0.2508
3.2152e-15 0.2788
3.0874e-15 0.2753
3.0398e-15 0.2085
3.6013e-15 0.1829
5.7171e-15 0.1795
7.7984e-15 0.2376
6.6057e-15 0.2140
4.2930e-15 0.2230
3.9678e-15 0.2495
1.6402e-15 0.2097
2.4755e-15 0.2514
2.7419e-15 0.2792
4.2232e-15 0.2956
2.9461e-15 0.2253
5.6418e-15 0.2952
3.5905e-15 0.2128
2.8263e-15 0.2713
2.7459e-15 0.2988
2.7618e-15 0.2703
1.7183e-15 0.2633
2.9051e-15 0.2584
4.8675e-15 0.2460
4.1186e-15 0.2792
4.7132e-15 0.2341
3.6862e-15 0.2734
3.4184e-15 0.2773
2.1386e-15 0.2387
1.9706e-15 0.3298
3.4015e-15 0.3206
3.9430e-15 0.2252
5.2399e-15 0.2175
7.5346e-15 0.2425
7.0351e-15 0.2567
7.6063e-15 0.2406
5.7638e-15 0.2613
3.2121e-15 0.3177
1.9371e-15 0.2704
4.4094e-15 0.2421
6.6747e-15 0.2249
6.9887e-15 0.2205
9.5641e-15 0.1966
1.2172e-14 0.1627
1.1649e-14 0.1728
1.0310e-14 0.1973
4.1648e-15 0.2160
1.7984e-15 0.2645
4.8367e-15 0.2933
4.6065e-15 0.2290
1.1154e-14 0.1888
1.2242e-14 0.1664
1.8506e-14 0.1611
1.6565e-14 0.1369
9.9641e-15 0.2101
6.6432e-15 0.1994
2.4943e-15 0.2274
3.3354e-15 0.2752
6.2188e-15 0.1632
1.6569e-14 0.1649
1.7855e-14 0.1277
2.2737e-14 0.1203
1.9471e-14 0.1367
1.0001e-14 0.1681
5.8009e-15 0.2016
3.1744e-15 0.2060
5.7001e-15 0.2224
9.5569e-15 0.1893
6.7114e-15 0.1921
1.6388e-14 0.1508
1.7631e-14 0.1482
9.9110e-15 0.1500
1.2764e-14 0.1750
4.8976e-15 0.2083
4.6318e-15 0.2564
3.5524e-15 0.2849
5.9691e-15 0.2306
8.4974e-15 0.2413
8.3692e-15 0.1876
9.7478e-15 0.1817
1.1731e-14 0.1570
8.4008e-15 0.1991
6.3243e-15 0.2657
5.3130e-15 0.2805
2.3194e-15 0.4027
3.1743e-15 0.2053
4.5465e-15 0.2129
6.0401e-15 0.2144
6.6994e-15 0.2301
4.4555e-15 0.1485
6.4137e-15 0.2314
2.1621e-15 0.2027
2.1252e-15 0.2722
1.8625e-15 0.2661
2.2900e-15 0.2682
3.2481e-15 0.2476
3.3969e-15 0.2585
1.6338e-15 0.2324
5.5099e-15 0.2335
2.6629e-15 0.3430
2.6513e-15 0.3071
1.7709e-15 0.3985
2.0472e-15 0.3904
3.3548e-15 0.2515
5.9279e-15 0.2950
4.8272e-15 0.3026
3.0106e-15 0.2098
6.1080e-15 0.2926
4.0029e-15 0.3317
3.2635e-15 0.3277
2.8362e-15 0.3268
2.8671e-15 0.4010
3.6868e-15 0.2601
5.7021e-15 0.2331
8.5472e-15 0.2416
7.9754e-15 0.2393
6.1375e-15 0.2400
5.2069e-15 0.2675
3.5570e-15 0.2305
2.7008e-15 0.2943
4.5027e-15 0.2447
4.4863e-15 0.2157
5.9851e-15 0.2736
6.2504e-15 0.2019
1.0465e-14 0.1555
7.0350e-15 0.2141
7.9925e-15 0.1907
4.0428e-15 0.2685
3.7210e-15 0.2805
3.6980e-15 0.2903
7.6199e-15 0.2849
1.0898e-14 0.1897
1.6252e-14 0.1596
1.3925e-14 0.1504
1.5317e-14 0.1647
1.0227e-14 0.2023
7.1209e-15 0.2019
3.6590e-15 0.2878
2.9418e-15 0.2801
7.1618e-15 0.2230
1.1751e-14 0.1930
1.7989e-14 0.1536
2.0254e-14 0.1240
1.8489e-14 0.1339
1.3002e-14 0.1563
6.2982e-15 0.2919
4.1552e-15 0.2504
5.6074e-15 0.2746
6.2028e-15 0.2270
1.0580e-14 0.1699
1.6503e-14 0.1686
1.8363e-14 0.1382
1.5815e-14 0.1786
1.2787e-14 0.1562
5.2317e-15 0.2408
4.1183e-15 0.2711
2.3262e-15 0.2498
4.6866e-15 0.2875
5.2232e-15 0.2169
1.0799e-14 0.1719
9.8360e-15 0.1743
1.2177e-14 0.1930
6.0758e-15 0.1841
5.1106e-15 0.2551
3.5413e-15 0.3366
2.9093e-15 0.2735
3.9254e-15 0.3196
3.7159e-15 0.2412
5.1380e-15 0.2214
8.3720e-15 0.2141
5.1987e-15 0.2433
4.4272e-15 0.2402
4.2702e-15 0.2831
1.8208e-15 0.3180
1.5449e-15 0.2582
1.6589e-15 0.3885
4.0220e-15 0.2992
3.3895e-15 0.2766
3.7417e-15 0.2991
4.9320e-15 0.2784
2.3687e-15 0.2912
2.0190e-15 0.2842
1.3361e-15 0.3055
4.5063e-15 0.2980
3.4491e-15 0.2425
4.3937e-15 0.3880
4.1903e-15 0.2737
2.2116e-15 0.3353
3.1695e-15 0.2969
2.5468e-15 0.2766
1.7959e-15 0.3138
1.4265e-15 0.2816
2.1640e-15 0.3807
5.0758e-15 0.2957
3.2764e-15 0.2195
5.0282e-15 0.2166
9.7498e-15 0.2097
7.2030e-15 0.2137
3.9845e-15 0.2490
4.2332e-15 0.2449
2.4313e-15 0.2714
4.7378e-15 0.3732
3.3109e-15 0.1933
7.0018e-15 0.2400
8.1049e-15 0.2005
8.6322e-15 0.1858
7.2156e-15 0.1845
8.8097e-15 0.1779
5.7783e-15 0.2140
3.0653e-15 0.2621
3.3069e-15 0.2708
5.8107e-15 0.2719
5.3929e-15 0.2092
1.4187e-14 0.1555
1.2885e-14 0.1577
1.6088e-14 0.1490
1.0845e-14 0.2112
5.0396e-15 0.2400
2.4814e-15 0.2583
4.0169e-15 0.3378
6.8720e-15 0.2230
6.7149e-15 0.2070
1.4407e-14 0.1518
1.9690e-14 0.1298
1.6226e-14 0.1613
7.4886e-15 0.1856
5.5817e-15 0.2263
3.3585e-15 0.3208
4.5931e-15 0.2764
1.0348e-14 0.2151
8.5388e-15 0.2205
1.2381e-14 0.1738
1.5643e-14 0.1609
1.1242e-14 0.1885
1.0196e-14 0.1959
4.7341e-15 0.2243
3.8542e-15 0.2691
3.8246e-15 0.2980
5.0919e-15 0.3128
4.9577e-15 0.2433
1.0631e-14 0.1799
1.0563e-14 0.1845
7.6574e-15 0.1927
9.9248e-15 0.2383
4.3006e-15 0.2984
2.7668e-15 0.3387
2.5294e-15 0.3188
4.6573e-15 0.2321
3.7405e-15 0.2672
6.1689e-15 0.2340
7.9954e-15 0.2235
5.7203e-15 0.2175
3.2755e-15 0.2433
3.0068e-15 0.4306
2.2857e-15 0.3601
1.3932e-15 0.3288
2.0267e-15 0.3027
4.6333e-15 0.2972
3.7955e-15 0.2236
3.2219e-15 0.3402
2.7267e-15 0.2248
3.2847e-15 0.3175
1.9689e-15 0.2604
2.2316e-15 0.3351
