     9      9     20
d_kernel   u_kernel

0.0000e+00 1.0000
0.0000e+00 1.0000
0.0000e+00 1.0000
2.3887e-16 0.4528
1.3059e-16 0.4903
0.0000e+00 1.0000
7.3719e-16 0.4224
1.6169e-16 0.4736
3.1442e-16 0.4399
0.0000e+00 1.0000
0.0000e+00 1.0000
2.9464e-16 0.3665
5.1939e-16 0.3673
0.0000e+00 1.0000
2.7904e-16 0.3838
5.0105e-16 0.3827
5.0558e-16 0.3518
3.1353e-16 0.4486
0.0000e+00 1.0000
0.0000e+00 1.0000
1.2722e-16 0.4389
4.8059e-16 0.3387
0.0000e+00 1.0000
4.4293e-16 0.3421
8.5424e-16 0.3496
1.5596e-15 0.3466
8.2576e-16 0.2560
0.0000e+00 1.0000
3.5240e-16 0.4251
1.6770e-16 0.4840
1.5107e-16 0.4038
9.7180e-16 0.3158
1.7193e-15 0.2751
1.8053e-15 0.2792
2.5393e-15 0.2873
2.1273e-15 0.1929
4.7726e-16 0.4138
1.6561e-16 0.4430
3.7081e-16 0.4405
8.6589e-16 0.3124
1.4073e-15 0.2666
2.4590e-15 0.1768
3.3220e-13 0.0366
1.7747e-12 0.0171
3.1653e-13 0.0374
0.0000e+00 1.0000
3.6235e-16 0.3881
5.0108e-16 0.4229
7.8688e-16 0.2929
1.8029e-15 0.2140
3.4144e-13 0.0359
2.4920e-11 0.0057
7.2008e-11 0.0033
2.4888e-11 0.0057
0.0000e+00 1.0000
3.6112e-16 0.4790
7.6690e-16 0.3935
1.0121e-15 0.2540
2.1593e-15 0.2883
1.8177e-12 0.0170
7.2152e-11 0.0033
1.3932e-09 0.0003
7.2574e-11 0.0033
0.0000e+00 1.0000
1.3343e-16 0.4756
4.3818e-16 0.4730
6.6811e-16 0.3108
2.0891e-15 0.3998
3.5142e-13 0.0357
2.4813e-11 0.0057
7.2302e-11 0.0033
2.4713e-11 0.0057
7.2677e-16 0.4945
0.0000e+00 1.0000
9.8988e-16 0.3177
1.0324e-15 0.4263
1.5416e-15 0.3432
3.4888e-15 0.2961
3.1973e-13 0.0371
1.7760e-12 0.0171
3.0671e-13 0.0379
0.0000e+00 1.0000
0.0000e+00 1.0000
9.5619e-17 0.4415
0.0000e+00 1.0000
0.0000e+00 1.0000
4.1552e-16 0.3673
5.5969e-16 0.3689
4.2301e-16 0.4288
3.0060e-16 0.4603
0.0000e+00 1.0000
2.6379e-16 0.4702
0.0000e+00 1.0000
3.1863e-16 0.3314
0.0000e+00 1.0000
3.7671e-16 0.4801
9.7931e-16 0.3224
8.9060e-16 0.3767
8.3702e-16 0.3835
0.0000e+00 1.0000
2.7152e-16 0.4386
4.9320e-16 0.4715
7.2720e-16 0.3383
9.5381e-16 0.3508
8.1403e-16 0.3076
7.3684e-16 0.3088
1.8973e-15 0.3296
1.1062e-15 0.2984
0.0000e+00 1.0000
0.0000e+00 1.0000
5.0945e-16 0.3526
4.5622e-16 0.3833
0.0000e+00 1.0000
2.1553e-15 0.3308
1.4196e-15 0.2441
2.6833e-15 0.2590
2.7418e-15 0.2029
0.0000e+00 1.0000
0.0000e+00 1.0000
0.0000e+00 1.0000
1.0354e-15 0.3301
1.1496e-15 0.2339
4.0839e-15 0.2922
2.7170e-13 0.0384
1.8656e-12 0.0158
2.4657e-13 0.0397
0.0000e+00 1.0000
0.0000e+00 1.0000
4.9707e-16 0.3696
1.3511e-15 0.3632
3.4854e-15 0.3432
2.5716e-13 0.0387
4.6673e-11 0.0040
1.6650e-10 0.0021
4.6310e-11 0.0040
0.0000e+00 1.0000
3.4400e-16 0.4365
2.5103e-16 0.4732
7.3036e-16 0.3007
2.5631e-15 0.3647
1.8117e-12 0.0161
1.6606e-10 0.0021
1.0675e-09 0.0005
1.6621e-10 0.0021
0.0000e+00 1.0000
0.0000e+00 1.0000
7.5377e-16 0.4011
1.9442e-15 0.4204
2.2228e-15 0.2319
2.7010e-13 0.0383
4.6558e-11 0.0040
1.6642e-10 0.0021
4.6251e-11 0.0040
0.0000e+00 1.0000
0.0000e+00 1.0000
3.3017e-16 0.3347
8.2756e-16 0.3147
2.1030e-15 0.2633
3.5437e-15 0.2469
2.5047e-13 0.0390
1.8529e-12 0.0159
2.6472e-13 0.0390
0.0000e+00 1.0000
1.0957e-16 0.4872
0.0000e+00 1.0000
2.8054e-16 0.4464
5.7613e-16 0.3591
0.0000e+00 1.0000
6.8790e-16 0.4190
5.2782e-16 0.4014
3.3298e-16 0.4158
0.0000e+00 1.0000
0.0000e+00 1.0000
2.6670e-16 0.3962
5.8128e-16 0.4412
8.5310e-16 0.2984
4.8556e-16 0.3632
0.0000e+00 1.0000
8.3629e-16 0.4320
7.4496e-16 0.3438
0.0000e+00 1.0000
1.3055e-16 0.4612
6.5372e-16 0.3934
4.7542e-16 0.3204
8.4098e-16 0.3707
5.5352e-16 0.3403
1.4018e-15 0.4954
1.2711e-15 0.2777
2.3652e-15 0.2616
4.5214e-16 0.4559
3.8544e-16 0.4319
8.2930e-16 0.4960
4.3766e-16 0.3322
1.1764e-15 0.2314
2.3370e-15 0.2130
2.7229e-15 0.2081
3.6665e-15 0.2216
4.9852e-15 0.2211
1.4471e-16 0.4716
4.5134e-16 0.4030
4.2652e-16 0.3979
7.4190e-16 0.2778
2.2588e-15 0.2821
4.3671e-15 0.1796
6.0854e-14 0.0697
5.2496e-13 0.0269
5.3384e-14 0.0724
0.0000e+00 1.0000
2.6880e-16 0.4682
6.9337e-16 0.3764
1.3717e-15 0.4122
2.0901e-15 0.2873
4.7326e-14 0.0801
3.8197e-11 0.0041
1.5608e-10 0.0021
3.7718e-11 0.0041
0.0000e+00 1.0000
2.3115e-16 0.4535
0.0000e+00 1.0000
1.0230e-15 0.3135
2.6330e-15 0.2288
5.3379e-13 0.0268
1.5638e-10 0.0021
6.3160e-10 0.0009
1.5600e-10 0.0021
1.0495e-16 0.4554
3.2127e-16 0.4395
0.0000e+00 1.0000
1.0092e-15 0.2979
2.6242e-15 0.2248
5.6767e-14 0.0732
3.8093e-11 0.0041
1.5658e-10 0.0021
3.7799e-11 0.0041
0.0000e+00 1.0000
2.7918e-16 0.4785
7.1003e-16 0.4402
5.5626e-16 0.3539
8.7022e-16 0.3146
5.4966e-15 0.2158
5.6497e-14 0.0723
5.2869e-13 0.0266
5.3774e-14 0.0727
2.7509e-16 0.4373
0.0000e+00 1.0000
0.0000e+00 1.0000
6.4066e-16 0.4478
0.0000e+00 1.0000
5.2192e-16 0.3613
4.7840e-16 0.4207
1.0495e-15 0.4610
4.4430e-16 0.3762
0.0000e+00 1.0000
4.7470e-16 0.3904
4.0152e-16 0.3540
3.8997e-16 0.4115
6.9042e-16 0.4610
6.0548e-16 0.3074
1.0873e-15 0.2696
8.2110e-16 0.3559
6.9270e-16 0.3961
6.0150e-16 0.3900
5.0530e-16 0.3420
5.3270e-16 0.3643
4.5288e-16 0.3944
6.9514e-16 0.3101
1.3847e-15 0.2524
1.0538e-15 0.2451
1.7026e-15 0.2716
1.4821e-15 0.2710
3.3256e-16 0.3829
1.9278e-16 0.4773
0.0000e+00 1.0000
5.3998e-16 0.3869
7.6315e-16 0.3139
2.1542e-15 0.2673
2.5217e-15 0.2042
3.2181e-15 0.2086
2.6549e-15 0.1801
3.3033e-16 0.3554
0.0000e+00 1.0000
5.0900e-16 0.3157
8.2752e-16 0.3120
1.6914e-15 0.2322
3.7368e-15 0.2075
9.4448e-15 0.1400
2.7813e-14 0.0980
1.0033e-14 0.1497
6.8723e-17 0.4758
5.1967e-16 0.4919
0.0000e+00 1.0000
2.4739e-15 0.4450
2.8696e-15 0.2457
7.3037e-15 0.1340
9.5579e-12 0.0072
5.5666e-11 0.0032
9.4903e-12 0.0072
0.0000e+00 1.0000
6.7295e-16 0.4076
8.1107e-16 0.3225
9.5953e-16 0.3033
4.1477e-15 0.3461
2.2891e-14 0.0944
5.5854e-11 0.0032
2.6699e-10 0.0015
5.5960e-11 0.0032
0.0000e+00 1.0000
5.9017e-16 0.3462
1.1990e-15 0.4254
1.4428e-15 0.2567
3.9578e-15 0.2563
9.8116e-15 0.1452
9.4631e-12 0.0072
5.6054e-11 0.0032
9.4272e-12 0.0072
2.0469e-16 0.4374
6.1176e-16 0.4518
5.1605e-16 0.3432
8.6972e-16 0.2904
1.7180e-15 0.2495
4.8945e-15 0.1878
9.7381e-15 0.1473
2.6470e-14 0.0932
9.0576e-15 0.1582
0.0000e+00 1.0000
3.3835e-16 0.4066
0.0000e+00 1.0000
6.2408e-16 0.3694
4.8779e-16 0.4097
4.2884e-16 0.3466
3.0630e-16 0.4049
2.7696e-16 0.4592
7.3048e-16 0.3269
0.0000e+00 1.0000
3.4481e-16 0.4940
0.0000e+00 1.0000
4.6216e-16 0.4254
1.2329e-15 0.3035
9.5258e-16 0.3057
9.1375e-16 0.3090
8.8367e-16 0.3422
7.3611e-16 0.2633
0.0000e+00 1.0000
3.9907e-16 0.3224
4.6466e-16 0.4603
3.9695e-16 0.3789
9.0896e-16 0.3212
1.1314e-15 0.3137
1.8234e-15 0.2824
2.8196e-15 0.4180
9.3957e-16 0.2490
0.0000e+00 1.0000
1.9445e-16 0.3726
6.7433e-16 0.3512
7.9109e-16 0.4739
2.5599e-15 0.3227
3.4113e-15 0.2765
2.3548e-15 0.1924
4.0451e-15 0.2325
4.9840e-15 0.2518
2.7183e-16 0.4324
5.8255e-16 0.4087
5.1976e-16 0.4404
9.9649e-16 0.3378
1.7289e-15 0.2707
4.5515e-15 0.2338
7.7468e-15 0.1293
1.2445e-14 0.1204
8.3977e-15 0.1431
0.0000e+00 1.0000
9.5871e-16 0.4567
1.3406e-15 0.4461
1.7029e-15 0.2596
2.3760e-15 0.2033
7.5204e-15 0.1439
2.3115e-13 0.0356
2.7042e-12 0.0117
2.2697e-13 0.0359
5.1988e-16 0.4981
4.4057e-16 0.4735
0.0000e+00 1.0000
1.1324e-15 0.3107
2.5960e-15 0.2346
1.0152e-14 0.1240
2.7226e-12 0.0116
2.6286e-11 0.0041
2.7913e-12 0.0115
0.0000e+00 1.0000
8.8589e-16 0.4293
5.8761e-16 0.4086
2.4634e-15 0.3776
4.3030e-15 0.3128
9.9240e-15 0.1545
2.3458e-13 0.0351
2.7592e-12 0.0116
2.4123e-13 0.0347
0.0000e+00 1.0000
4.0078e-16 0.3352
7.2264e-16 0.3171
9.9888e-16 0.3824
2.4728e-15 0.2571
3.3409e-15 0.1749
9.1039e-15 0.1463
1.1239e-14 0.1254
6.4374e-15 0.1402
0.0000e+00 1.0000
0.0000e+00 1.0000
0.0000e+00 1.0000
1.8102e-16 0.4968
7.1082e-16 0.3810
3.7753e-16 0.4041
2.0378e-16 0.3928
8.2278e-16 0.4663
7.2825e-16 0.3593
2.5535e-16 0.4883
0.0000e+00 1.0000
0.0000e+00 1.0000
0.0000e+00 1.0000
0.0000e+00 1.0000
1.0332e-15 0.4610
5.9760e-16 0.4066
1.7939e-15 0.3904
1.1266e-15 0.3550
1.6396e-16 0.4825
0.0000e+00 1.0000
1.9335e-16 0.4131
0.0000e+00 1.0000
1.4398e-15 0.3268
7.9330e-16 0.2807
1.3680e-15 0.2565
2.1821e-15 0.2205
2.8974e-15 0.2283
0.0000e+00 1.0000
3.1862e-16 0.3865
9.8893e-16 0.3239
1.0589e-15 0.3572
1.1591e-15 0.2909
2.8329e-15 0.2578
3.4454e-15 0.2133
3.7829e-15 0.2227
4.7477e-15 0.2069
2.0630e-16 0.4233
2.2089e-16 0.4225
8.8918e-16 0.3276
1.2063e-15 0.3890
1.3670e-15 0.2235
4.1280e-15 0.2285
7.3119e-15 0.1244
1.0679e-14 0.1350
9.1934e-15 0.1739
6.2368e-16 0.4593
0.0000e+00 1.0000
6.6664e-16 0.3797
1.7568e-15 0.2277
4.2615e-15 0.1960
7.6543e-15 0.1495
1.8827e-14 0.0975
3.0898e-14 0.0768
1.6691e-14 0.1027
3.9449e-16 0.3722
3.7841e-16 0.4444
1.3639e-15 0.3778
1.5526e-15 0.2443
3.1083e-15 0.1784
9.3375e-15 0.1141
2.9787e-14 0.0950
7.4849e-14 0.0533
2.7827e-14 0.0829
5.7138e-16 0.4742
5.7959e-16 0.3984
8.9044e-16 0.3277
1.9699e-15 0.3214
3.3231e-15 0.2400
8.8291e-15 0.1359
1.9303e-14 0.1136
3.4432e-14 0.0773
2.0762e-14 0.0968
4.4177e-16 0.3434
1.0089e-15 0.4710
0.0000e+00 1.0000
3.0290e-15 0.3119
2.8786e-15 0.2186
3.4402e-15 0.1635
8.0657e-15 0.1417
1.1941e-14 0.1471
8.0300e-15 0.1488
0.0000e+00 1.0000
0.0000e+00 1.0000
0.0000e+00 1.0000
0.0000e+00 1.0000
4.5965e-16 0.3949
0.0000e+00 1.0000
0.0000e+00 1.0000
1.6153e-15 0.4968
0.0000e+00 1.0000
0.0000e+00 1.0000
0.0000e+00 1.0000
5.6239e-16 0.4199
9.0669e-16 0.3701
1.9008e-15 0.4745
5.6353e-16 0.3677
0.0000e+00 1.0000
1.4386e-15 0.4744
9.6693e-16 0.3471
0.0000e+00 1.0000
3.0752e-16 0.4412
7.7340e-16 0.3196
1.0772e-15 0.4022
1.0808e-15 0.2974
2.7516e-15 0.2467
1.7119e-15 0.2141
1.4263e-15 0.2353
1.6974e-15 0.2695
0.0000e+00 1.0000
0.0000e+00 1.0000
0.0000e+00 1.0000
9.7241e-16 0.4597
1.9024e-15 0.4047
2.2316e-15 0.2779
2.9170e-15 0.2146
4.1931e-15 0.1999
4.2955e-15 0.1942
5.4466e-16 0.3914
7.3374e-16 0.4332
5.0799e-16 0.2914
9.4212e-16 0.2833
1.3346e-15 0.3518
4.2783e-15 0.2521
7.5072e-15 0.1618
7.8285e-15 0.1496
5.2812e-15 0.1623
6.4748e-16 0.4760
5.2947e-16 0.4237
1.5085e-15 0.3756
2.5682e-15 0.3165
3.6152e-15 0.2096
8.5843e-15 0.1422
1.6352e-14 0.1120
2.6668e-14 0.0893
1.4699e-14 0.1121
0.0000e+00 1.0000
0.0000e+00 1.0000
7.1928e-16 0.4316
1.4562e-15 0.2267
4.2678e-15 0.1869
8.8381e-15 0.1419
1.8445e-14 0.0869
4.4389e-14 0.0804
2.5530e-14 0.0953
5.2946e-16 0.3625
1.2126e-15 0.3300
8.7571e-16 0.3025
2.3222e-15 0.3248
4.0726e-15 0.2136
6.6377e-15 0.1357
1.4644e-14 0.1096
2.6426e-14 0.0895
1.4358e-14 0.1070
5.6411e-16 0.3488
0.0000e+00 1.0000
1.9913e-15 0.4434
1.5206e-15 0.3165
2.4556e-15 0.2371
5.0419e-15 0.1924
8.0548e-15 0.1858
9.4014e-15 0.1214
7.6634e-15 0.1447
2.3915e-16 0.4607
0.0000e+00 1.0000
1.0733e-15 0.4654
4.2261e-16 0.4503
0.0000e+00 1.0000
5.1202e-16 0.3553
0.0000e+00 1.0000
6.9900e-16 0.4843
3.9724e-16 0.3915
0.0000e+00 1.0000
8.0436e-16 0.3496
0.0000e+00 1.0000
7.9126e-16 0.3357
1.1997e-15 0.2651
7.2417e-16 0.3244
7.7014e-16 0.2928
8.9402e-16 0.3146
0.0000e+00 1.0000
5.3802e-16 0.4646
0.0000e+00 1.0000
2.9913e-16 0.4632
9.5755e-16 0.4202
0.0000e+00 1.0000
2.2896e-15 0.3222
1.4352e-15 0.2325
2.1763e-15 0.3286
1.8602e-15 0.3265
0.0000e+00 1.0000
3.8188e-16 0.3517
6.0128e-16 0.3569
8.4714e-16 0.2427
2.0760e-15 0.2507
1.8050e-15 0.2243
4.0298e-15 0.2018
3.5896e-15 0.2544
4.0432e-15 0.2360
0.0000e+00 1.0000
4.8964e-16 0.4045
8.2010e-16 0.3018
1.3494e-15 0.2144
2.2604e-15 0.4746
4.1790e-15 0.2086
7.7103e-15 0.1669
7.0055e-15 0.1754
4.5817e-15 0.1582
1.3787e-16 0.4040
1.1983e-15 0.3799
1.2450e-15 0.3258
1.7019e-15 0.2510
5.1971e-15 0.2813
7.5664e-15 0.1392
1.3323e-14 0.1206
2.0900e-14 0.1066
1.5708e-14 0.1237
6.1545e-16 0.4622
4.1269e-16 0.4457
9.7880e-16 0.3248
1.0066e-15 0.2323
2.9375e-15 0.1714
9.9596e-15 0.1705
1.6966e-14 0.1006
3.2572e-14 0.0824
2.0200e-14 0.0944
7.1982e-16 0.4626
8.9670e-16 0.4163
1.7767e-15 0.3504
1.3442e-15 0.2030
4.0846e-15 0.2128
5.8501e-15 0.1351
1.3570e-14 0.1226
2.0292e-14 0.1004
1.3173e-14 0.1208
7.5325e-16 0.4552
1.2047e-15 0.4650
1.2840e-15 0.3811
2.8519e-15 0.2821
1.6960e-15 0.2188
2.7587e-15 0.1568
8.1299e-15 0.1805
9.5487e-15 0.1196
7.2583e-15 0.1647
0.0000e+00 1.0000
3.4564e-16 0.4992
5.9602e-16 0.3934
5.7230e-16 0.3371
6.7996e-16 0.3256
0.0000e+00 1.0000
5.0348e-16 0.3587
9.8415e-16 0.3502
0.0000e+00 1.0000
7.3956e-17 0.4842
0.0000e+00 1.0000
0.0000e+00 1.0000
3.9042e-16 0.3825
9.3451e-16 0.3726
1.4154e-15 0.3092
5.8340e-16 0.2430
1.3104e-15 0.2793
9.4046e-16 0.3810
3.3664e-16 0.4930
4.4425e-16 0.4824
8.1750e-16 0.3703
1.3748e-15 0.4242
1.2168e-15 0.3951
2.1050e-15 0.3424
1.2457e-15 0.3150
1.1541e-15 0.3508
2.0841e-15 0.2798
0.0000e+00 1.0000
0.0000e+00 1.0000
6.4253e-16 0.3478
8.6429e-16 0.2954
2.0482e-15 0.3146
2.4137e-15 0.2217
2.6120e-15 0.2277
3.6314e-15 0.1824
3.9660e-15 0.2508
7.4406e-16 0.4013
6.4886e-16 0.3582
9.1291e-16 0.2392
8.7756e-16 0.2548
2.0906e-15 0.2107
4.7046e-15 0.1632
6.7675e-15 0.1984
5.9143e-15 0.1472
3.8453e-15 0.1500
0.0000e+00 1.0000
2.9968e-16 0.3733
1.4881e-15 0.2895
2.7194e-15 0.3204
4.4567e-15 0.2370
7.2285e-15 0.2035
1.2751e-14 0.1338
1.6309e-14 0.1205
1.2913e-14 0.1176
5.8732e-16 0.3901
6.5322e-16 0.4522
8.1570e-16 0.3531
1.4655e-15 0.3182
3.1763e-15 0.2731
8.2737e-15 0.1885
1.6230e-14 0.1147
2.4899e-14 0.0960
1.7786e-14 0.1393
1.3393e-16 0.4865
0.0000e+00 1.0000
5.3791e-16 0.3305
1.6970e-15 0.2379
3.2260e-15 0.1896
6.5848e-15 0.1714
1.2355e-14 0.1587
1.9366e-14 0.1098
1.0412e-14 0.1415
0.0000e+00 1.0000
1.6754e-15 0.4559
1.7485e-15 0.3601
2.2511e-15 0.2914
2.0451e-15 0.2636
4.5576e-15 0.1965
6.9705e-15 0.2127
9.6920e-15 0.1626
6.2962e-15 0.1846
2.8447e-16 0.4409
2.6639e-16 0.4915
3.5464e-16 0.4120
5.6402e-16 0.2674
6.9837e-16 0.3166
6.0967e-16 0.3079
4.4539e-16 0.4036
9.9292e-16 0.4317
9.7381e-16 0.3860
0.0000e+00 1.0000
0.0000e+00 1.0000
0.0000e+00 1.0000
1.2031e-15 0.4741
0.0000e+00 1.0000
1.3221e-15 0.3747
9.2274e-16 0.4031
1.4052e-15 0.4659
8.9079e-16 0.2700
3.6353e-16 0.4118
0.0000e+00 1.0000
4.4463e-16 0.3551
1.0764e-15 0.3862
8.1774e-16 0.3210
1.1489e-15 0.2578
1.9235e-15 0.2796
1.1629e-15 0.3072
2.2315e-15 0.2800
1.3795e-16 0.4427
2.3179e-16 0.3978
5.7400e-16 0.3593
1.9274e-15 0.4071
2.3792e-15 0.3394
1.8190e-15 0.2715
2.5152e-15 0.1708
3.1107e-15 0.2129
3.9159e-15 0.2076
4.1672e-16 0.3633
1.5016e-15 0.3933
9.7277e-16 0.2959
1.8458e-15 0.3691
1.8476e-15 0.2004
3.6665e-15 0.1663
4.1698e-15 0.1358
6.3866e-15 0.1608
5.5950e-15 0.1843
0.0000e+00 1.0000
9.8970e-16 0.4506
1.0623e-15 0.2735
2.1378e-15 0.3046
3.6159e-15 0.2792
5.7458e-15 0.1556
1.1104e-14 0.1643
1.4427e-14 0.1373
8.9968e-15 0.1146
4.3682e-16 0.4314
8.0326e-16 0.3870
8.5161e-16 0.3172
1.8707e-15 0.2533
4.1454e-15 0.2187
6.8955e-15 0.1732
1.3116e-14 0.1442
2.1499e-14 0.1111
1.1081e-14 0.1196
0.0000e+00 1.0000
0.0000e+00 1.0000
5.4559e-16 0.2997
2.4772e-15 0.3190
2.4660e-15 0.1701
5.0318e-15 0.1760
8.1942e-15 0.1680
1.4802e-14 0.1176
7.1553e-15 0.1287
0.0000e+00 1.0000
1.2094e-15 0.3876
8.4583e-16 0.4524
1.5394e-15 0.2772
2.7253e-15 0.3005
3.7763e-15 0.1810
7.8160e-15 0.1880
9.4821e-15 0.1955
7.1868e-15 0.1734
0.0000e+00 1.0000
1.2268e-16 0.4338
2.1237e-16 0.4610
0.0000e+00 1.0000
1.0409e-15 0.4618
1.0736e-15 0.3330
3.8485e-16 0.4510
7.1732e-16 0.4515
9.1921e-16 0.3350
0.0000e+00 1.0000
0.0000e+00 1.0000
5.4962e-16 0.3745
5.7553e-16 0.3739
6.5315e-16 0.4104
9.0414e-16 0.2614
1.8218e-15 0.2967
6.4888e-16 0.3451
1.3559e-15 0.3362
3.1937e-16 0.4848
2.6176e-16 0.3505
6.1621e-16 0.2785
1.1221e-15 0.4759
1.2251e-15 0.3127
1.5279e-15 0.3507
9.7251e-16 0.2449
1.2059e-15 0.2627
2.4848e-15 0.3337
5.9924e-16 0.4008
4.4442e-16 0.3452
4.3879e-16 0.3597
7.0316e-16 0.2917
2.2064e-15 0.2566
1.8537e-15 0.2664
1.5486e-15 0.2029
3.7799e-15 0.2676
1.8588e-15 0.1915
8.3027e-16 0.4099
6.5887e-16 0.3861
1.1370e-15 0.4078
1.5260e-15 0.3150
2.8652e-15 0.3550
2.8746e-15 0.1816
7.1092e-15 0.1943
6.5623e-15 0.1785
6.7620e-15 0.2197
1.5950e-16 0.3664
4.9583e-16 0.4982
1.4849e-15 0.3650
1.9095e-15 0.3455
2.7290e-15 0.2177
5.7999e-15 0.1339
9.3064e-15 0.1587
1.1363e-14 0.1471
9.6010e-15 0.1471
3.9833e-16 0.3436
7.3012e-16 0.3828
1.2837e-15 0.4850
1.8869e-15 0.3316
2.7531e-15 0.1895
4.3775e-15 0.1874
9.6429e-15 0.1232
1.8515e-14 0.1311
1.0147e-14 0.1670
0.0000e+00 1.0000
3.1560e-16 0.3637
9.6135e-16 0.2935
1.9044e-15 0.2374
2.9850e-15 0.2891
5.4769e-15 0.1981
9.3553e-15 0.1643
1.2870e-14 0.1465
8.2172e-15 0.1622
0.0000e+00 1.0000
4.9570e-16 0.3172
9.1870e-16 0.3605
1.7137e-15 0.2273
2.5920e-15 0.2708
4.1150e-15 0.1966
5.6508e-15 0.2385
8.4324e-15 0.1765
6.5865e-15 0.2020
0.0000e+00 1.0000
0.0000e+00 1.0000
4.0115e-16 0.4969
0.0000e+00 1.0000
0.0000e+00 1.0000
6.6846e-16 0.3323
9.9913e-16 0.3513
0.0000e+00 1.0000
5.0427e-16 0.3925
1.6075e-16 0.4510
0.0000e+00 1.0000
3.4091e-16 0.3730
4.6622e-16 0.4403
0.0000e+00 1.0000
7.4488e-16 0.4799
1.3430e-15 0.2555
6.1258e-16 0.3144
8.7653e-16 0.3054
5.1550e-16 0.4322
3.6573e-16 0.4742
0.0000e+00 1.0000
1.1667e-15 0.3955
1.2504e-15 0.3478
7.3495e-16 0.3670
1.7634e-15 0.2952
2.0420e-15 0.2526
2.2114e-15 0.3324
6.9676e-16 0.4333
4.7020e-16 0.3729
0.0000e+00 1.0000
1.5195e-15 0.2647
1.2674e-15 0.2464
2.0061e-15 0.3121
2.2912e-15 0.2754
2.0003e-15 0.1863
2.8137e-15 0.2627
8.3050e-16 0.3520
6.4874e-16 0.3239
2.0848e-15 0.3316
2.0280e-15 0.2350
1.7197e-15 0.2119
4.3505e-15 0.2165
5.3967e-15 0.2005
4.6568e-15 0.1523
6.9761e-15 0.1877
3.4233e-16 0.4112
3.2255e-16 0.3775
1.2679e-15 0.3872
1.0803e-15 0.2733
3.1707e-15 0.2165
7.4909e-15 0.2561
8.1257e-15 0.1992
1.1505e-14 0.1610
7.0949e-15 0.1534
0.0000e+00 1.0000
1.0263e-15 0.4655
5.8249e-16 0.2744
1.2051e-15 0.2984
3.0881e-15 0.2992
6.2863e-15 0.2600
1.0532e-14 0.1540
1.5553e-14 0.1338
6.8433e-15 0.1416
2.9983e-16 0.4033
3.7059e-16 0.3632
1.5957e-15 0.2567
1.8156e-15 0.2785
2.9938e-15 0.2527
5.3512e-15 0.2800
7.2388e-15 0.1709
1.2803e-14 0.1612
6.5175e-15 0.1770
2.3467e-16 0.3941
5.8618e-16 0.3563
1.2088e-15 0.2772
2.0286e-15 0.2731
1.2160e-15 0.2618
3.0340e-15 0.2313
4.0419e-15 0.2117
5.0045e-15 0.1915
5.2577e-15 0.1738
0.0000e+00 1.0000
3.9064e-16 0.4865
1.3018e-16 0.4825
5.2260e-16 0.4125
1.8266e-16 0.4023
5.1813e-16 0.3774
1.6989e-15 0.3668
7.8238e-16 0.3277
1.2513e-15 0.4557
0.0000e+00 1.0000
2.3575e-16 0.3828
0.0000e+00 1.0000
3.6220e-16 0.3740
2.1001e-16 0.4795
9.2538e-16 0.3707
1.1960e-15 0.3075
5.9718e-16 0.4006
1.9087e-15 0.3669
0.0000e+00 1.0000
1.7929e-16 0.4736
4.6336e-16 0.4216
1.7128e-15 0.3433
9.9455e-16 0.3733
8.7095e-16 0.2907
1.2115e-15 0.3280
2.0995e-15 0.2508
2.6140e-15 0.3237
3.5849e-16 0.4533
4.3820e-16 0.3986
5.7044e-16 0.3384
6.5962e-16 0.2535
1.2910e-15 0.2754
1.8415e-15 0.4027
2.2881e-15 0.1986
2.3651e-15 0.2472
2.5316e-15 0.3071
5.9206e-16 0.3612
1.5173e-15 0.4801
1.8047e-15 0.3585
1.8317e-15 0.3598
2.8686e-15 0.2722
5.2734e-15 0.3479
6.6528e-15 0.2162
6.0187e-15 0.1722
6.9269e-15 0.1960
2.5126e-16 0.4414
9.0286e-16 0.3297
0.0000e+00 1.0000
1.4014e-15 0.4482
2.7748e-15 0.2450
5.1865e-15 0.2462
7.9282e-15 0.1778
8.0133e-15 0.1533
6.9715e-15 0.1558
4.1471e-16 0.4083
4.8598e-16 0.4556
8.3791e-16 0.3383
1.4146e-15 0.2720
2.1884e-15 0.2673
5.3215e-15 0.2444
1.0227e-14 0.1864
1.2063e-14 0.1353
9.9322e-15 0.1877
0.0000e+00 1.0000
6.2133e-16 0.2741
1.1020e-15 0.2792
1.5725e-15 0.3102
2.7960e-15 0.2354
2.5472e-15 0.2263
7.5030e-15 0.1836
1.0949e-14 0.1552
4.9714e-15 0.2276
6.4139e-16 0.4383
1.0471e-15 0.4128
7.7238e-16 0.3717
1.2432e-15 0.3491
2.3200e-15 0.2786
3.6794e-15 0.2452
4.1133e-15 0.2258
4.8300e-15 0.2009
5.4548e-15 0.1645
0.0000e+00 1.0000
1.5859e-16 0.4366
2.9720e-16 0.4186
7.0706e-16 0.4333
0.0000e+00 1.0000
4.1603e-16 0.4324
7.5879e-16 0.3677
4.3714e-16 0.4584
7.9883e-16 0.3471
0.0000e+00 1.0000
0.0000e+00 1.0000
0.0000e+00 1.0000
1.0339e-15 0.3760
5.0721e-16 0.3786
6.0463e-16 0.3324
7.8940e-16 0.4156
9.3809e-16 0.2733
1.7385e-15 0.3004
2.0758e-16 0.3881
0.0000e+00 1.0000
0.0000e+00 1.0000
1.3526e-15 0.4220
9.5573e-16 0.3831
1.3604e-15 0.3510
8.8589e-16 0.2879
1.9330e-15 0.3429
1.4450e-15 0.2845
5.8358e-16 0.4720
0.0000e+00 1.0000
6.6824e-16 0.3283
8.4677e-16 0.4114
6.2040e-16 0.2676
3.1681e-15 0.2889
2.6594e-15 0.3761
1.3208e-15 0.2667
3.0013e-15 0.2736
7.4763e-16 0.4489
9.1085e-16 0.4135
1.4219e-15 0.3320
1.8286e-15 0.3507
1.7865e-15 0.2053
4.1275e-15 0.2499
4.6733e-15 0.2344
4.0013e-15 0.1833
3.1108e-15 0.1912
1.5125e-16 0.3980
9.7139e-16 0.4519
8.2745e-16 0.4054
1.3408e-15 0.2777
2.0189e-15 0.2344
5.3376e-15 0.2290
6.1064e-15 0.1936
7.8674e-15 0.1501
4.3771e-15 0.1668
3.0155e-16 0.3928
1.2263e-15 0.4460
1.0581e-15 0.3021
3.2607e-15 0.3523
3.0515e-15 0.2919
4.5619e-15 0.2332
7.3677e-15 0.1506
1.1629e-14 0.1649
4.6832e-15 0.1968
3.2304e-16 0.3713
1.0099e-15 0.3798
1.3664e-15 0.3475
1.0858e-15 0.2894
4.9855e-15 0.3152
2.5743e-15 0.2655
7.3188e-15 0.1783
1.2069e-14 0.1737
4.6925e-15 0.1937
0.0000e+00 1.0000
3.7052e-16 0.4484
1.3386e-15 0.4076
2.0100e-15 0.2815
2.5874e-15 0.2460
2.3530e-15 0.2265
4.1978e-15 0.2545
5.3914e-15 0.2027
5.3725e-15 0.2204
0.0000e+00 1.0000
2.6587e-16 0.4077
0.0000e+00 1.0000
6.9609e-16 0.4345
1.8256e-16 0.4315
4.3383e-16 0.3679
1.1094e-15 0.4176
2.6433e-16 0.4224
1.2207e-15 0.4813
0.0000e+00 1.0000
0.0000e+00 1.0000
4.4532e-16 0.3676
1.1277e-15 0.3674
5.3999e-16 0.3898
4.5347e-16 0.3137
1.2019e-15 0.4074
1.3307e-15 0.3253
6.7069e-16 0.2926
3.5160e-16 0.4839
0.0000e+00 1.0000
7.5546e-16 0.3491
5.3454e-16 0.3657
1.4608e-15 0.3236
1.2345e-15 0.3129
7.1421e-16 0.3434
1.4693e-15 0.2965
1.8021e-15 0.3763
0.0000e+00 1.0000
1.3700e-15 0.4343
7.1007e-16 0.2900
9.9529e-16 0.4847
1.3551e-15 0.3944
1.8923e-15 0.2741
1.8897e-15 0.4286
2.8698e-15 0.3220
2.0777e-15 0.2586
4.9386e-16 0.3693
0.0000e+00 1.0000
6.3291e-16 0.3848
1.8435e-15 0.4236
2.0173e-15 0.2722
3.0723e-15 0.2946
6.0826e-15 0.2085
4.6420e-15 0.2294
4.6645e-15 0.1889
2.9764e-16 0.3922
9.0445e-16 0.4193
3.6418e-16 0.2853
1.8810e-15 0.3998
3.0590e-15 0.2926
4.3961e-15 0.2592
4.1615e-15 0.1903
6.1028e-15 0.2015
4.2796e-15 0.1948
0.0000e+00 1.0000
3.1116e-16 0.4405
8.6631e-16 0.2284
2.2992e-15 0.2884
3.1328e-15 0.2942
3.9636e-15 0.1909
6.2763e-15 0.2018
8.1060e-15 0.1695
7.6822e-15 0.2515
3.3330e-16 0.3679
8.1651e-16 0.4191
1.1987e-15 0.3220
2.0728e-15 0.2180
3.0775e-15 0.2545
3.1834e-15 0.2579
6.0577e-15 0.2099
8.3501e-15 0.1861
4.9249e-15 0.2107
2.4869e-16 0.4214
8.8277e-16 0.3875
1.4999e-15 0.3675
9.0262e-16 0.3124
1.7181e-15 0.2632
3.8553e-15 0.2330
2.8877e-15 0.3004
2.6366e-15 0.2629
4.8332e-15 0.2220
0.0000e+00 1.0000
0.0000e+00 1.0000
6.9963e-16 0.4283
3.5361e-16 0.3970
5.6292e-16 0.4040
5.5884e-16 0.3129
9.6475e-16 0.4034
4.1038e-16 0.3463
7.5467e-16 0.3421
0.0000e+00 1.0000
0.0000e+00 1.0000
5.8102e-16 0.3118
6.4827e-16 0.3761
0.0000e+00 1.0000
5.8321e-16 0.3662
7.9995e-16 0.4850
2.0620e-15 0.3471
7.3473e-16 0.3269
2.6720e-16 0.4556
2.4491e-16 0.3739
1.2331e-15 0.4242
7.4299e-16 0.3707
9.3964e-16 0.3694
2.0165e-15 0.3971
9.7587e-16 0.4621
1.3652e-15 0.3682
2.2516e-15 0.2995
0.0000e+00 1.0000
7.0842e-16 0.4626
5.2008e-16 0.3445
1.3168e-15 0.4111
1.4895e-15 0.3358
2.8464e-15 0.3536
1.7534e-15 0.3484
1.9666e-15 0.2429
1.7421e-15 0.2733
1.2229e-15 0.4599
8.0814e-16 0.3722
1.6957e-15 0.3659
1.1970e-15 0.2562
1.2633e-15 0.2663
2.4511e-15 0.2956
2.9752e-15 0.1839
2.7557e-15 0.2546
2.4087e-15 0.1902
8.9409e-16 0.3527
1.0274e-15 0.4702
8.2631e-16 0.2616
7.5586e-16 0.3334
1.9772e-15 0.2832
3.7528e-15 0.2440
5.5030e-15 0.2430
5.0322e-15 0.1777
4.9799e-15 0.2133
8.8266e-16 0.4139
6.7964e-16 0.4773
1.0072e-15 0.2768
1.2230e-15 0.3613
1.8079e-15 0.2613
2.4253e-15 0.1770
6.9549e-15 0.2358
9.3033e-15 0.2062
4.4983e-15 0.2059
4.6926e-16 0.2900
1.2121e-15 0.4886
1.1589e-15 0.3402
2.0647e-15 0.4823
3.8577e-15 0.4547
3.2440e-15 0.3400
4.3673e-15 0.1793
7.6075e-15 0.2088
3.4279e-15 0.2299
2.2897e-16 0.4444
6.4204e-16 0.4149
8.2604e-16 0.3364
1.0141e-15 0.3428
1.6808e-15 0.2163
3.0573e-15 0.3633
2.5897e-15 0.3516
2.5000e-15 0.1904
3.4632e-15 0.2586
0.0000e+00 1.0000
0.0000e+00 1.0000
0.0000e+00 1.0000
0.0000e+00 1.0000
5.3038e-16 0.4251
3.1634e-16 0.3991
6.0274e-16 0.3305
3.9717e-16 0.3014
3.5240e-16 0.3752
0.0000e+00 1.0000
1.6621e-16 0.4947
2.0929e-16 0.4813
0.0000e+00 1.0000
4.6059e-16 0.3352
6.2012e-16 0.2910
9.1864e-16 0.3303
7.7517e-16 0.3206
7.6231e-16 0.3920
0.0000e+00 1.0000
5.5525e-16 0.4367
7.3510e-16 0.4732
8.4096e-16 0.2818
7.9071e-16 0.3346
2.1431e-15 0.3457
1.6317e-15 0.3635
4.4849e-16 0.3149
1.4695e-15 0.2713
6.3106e-16 0.3573
9.6739e-16 0.3524
7.8468e-16 0.3857
1.8527e-15 0.2705
0.0000e+00 1.0000
2.3178e-15 0.3216
2.4540e-15 0.2966
3.1565e-15 0.3561
3.1516e-15 0.3051
0.0000e+00 1.0000
9.1219e-16 0.4382
6.9347e-16 0.3111
1.7845e-15 0.3254
1.5267e-15 0.2829
4.0397e-15 0.3269
3.3796e-15 0.2517
2.9573e-15 0.2193
3.5854e-15 0.2524
0.0000e+00 1.0000
8.0971e-16 0.4071
8.4117e-16 0.3097
5.5482e-16 0.2981
1.9807e-15 0.3557
2.7465e-15 0.2558
2.7477e-15 0.2304
6.8090e-15 0.2082
3.2747e-15 0.2899
0.0000e+00 1.0000
0.0000e+00 1.0000
5.4660e-16 0.4146
1.4978e-15 0.2853
2.0676e-15 0.4540
3.6934e-15 0.2498
7.1030e-15 0.1889
7.3848e-15 0.1982
5.0774e-15 0.2640
5.4423e-16 0.3301
4.2332e-16 0.2860
9.1887e-16 0.3627
1.4334e-15 0.2870
3.4651e-15 0.2598
2.6080e-15 0.2916
7.7236e-15 0.2328
7.4571e-15 0.2018
4.4385e-15 0.2505
4.8010e-16 0.4548
9.6797e-16 0.4275
2.9821e-16 0.3860
1.1862e-15 0.4541
6.9403e-16 0.2703
2.3421e-15 0.2744
3.6673e-15 0.3311
3.5933e-15 0.2378
3.1408e-15 0.2725
0.0000e+00 1.0000
0.0000e+00 1.0000
6.0083e-16 0.3531
0.0000e+00 1.0000
3.3971e-16 0.4721
2.0810e-16 0.3844
0.0000e+00 1.0000
8.3230e-16 0.4154
4.8496e-16 0.3887
3.3950e-16 0.4681
3.9147e-16 0.4263
0.0000e+00 1.0000
3.4954e-16 0.4766
4.1459e-16 0.3320
1.1598e-15 0.4068
8.7622e-16 0.3832
8.3724e-16 0.3920
8.0954e-16 0.4226
3.8691e-16 0.3859
7.9071e-16 0.3780
6.6244e-16 0.3936
5.9314e-16 0.2993
8.7171e-16 0.3257
2.0291e-15 0.4555
8.1177e-16 0.4030
8.8450e-16 0.4007
9.1235e-16 0.2838
6.3689e-16 0.4137
4.0608e-16 0.2984
8.4768e-16 0.3300
1.3365e-15 0.4312
0.0000e+00 1.0000
2.0755e-15 0.3280
2.8744e-15 0.2399
1.4943e-15 0.2372
2.6836e-15 0.2800
0.0000e+00 1.0000
0.0000e+00 1.0000
1.6267e-15 0.3693
1.6157e-15 0.3703
2.3362e-15 0.3395
2.1779e-15 0.2628
3.4787e-15 0.2392
2.4595e-15 0.2575
2.2951e-15 0.2347
8.8740e-16 0.4504
0.0000e+00 1.0000
1.0478e-15 0.4455
5.2275e-16 0.4084
1.1013e-15 0.2404
3.1773e-15 0.3704
3.1276e-15 0.2419
4.4587e-15 0.1739
3.9241e-15 0.2217
5.3778e-16 0.3541
9.7463e-16 0.4834
0.0000e+00 1.0000
1.9507e-15 0.4897
3.3670e-15 0.2866
2.2844e-15 0.2203
4.2074e-15 0.2324
7.2668e-15 0.2060
3.2403e-15 0.2273
0.0000e+00 1.0000
9.2026e-16 0.4199
6.5978e-16 0.2870
1.7658e-15 0.3691
2.6508e-15 0.2564
3.7863e-15 0.2988
5.5007e-15 0.2313
6.1518e-15 0.2285
3.3155e-15 0.2513
3.0941e-16 0.4383
0.0000e+00 1.0000
5.4557e-16 0.3668
1.1443e-15 0.3953
8.2620e-16 0.2964
2.3294e-15 0.3604
1.4090e-15 0.2485
3.4259e-15 0.2861
1.9971e-15 0.2490
3.2132e-16 0.4215
0.0000e+00 1.0000
0.0000e+00 1.0000
8.4568e-16 0.3982
4.8226e-16 0.3111
0.0000e+00 1.0000
0.0000e+00 1.0000
8.4802e-16 0.3899
6.2754e-16 0.3723
5.9899e-16 0.4294
0.0000e+00 1.0000
2.1192e-16 0.4491
0.0000e+00 1.0000
1.2665e-15 0.4245
9.8054e-16 0.3986
0.0000e+00 1.0000
4.1261e-16 0.4063
5.5745e-16 0.4092
3.0033e-16 0.4725
4.8453e-16 0.3600
5.5406e-16 0.3231
3.6852e-16 0.4372
4.8430e-16 0.3477
1.2400e-15 0.3197
1.3521e-15 0.3327
8.8182e-16 0.4450
2.6987e-15 0.3275
1.0892e-15 0.3641
4.2340e-16 0.3802
0.0000e+00 1.0000
6.5842e-16 0.3433
1.4504e-15 0.3666
2.0730e-15 0.3881
1.6461e-15 0.2561
3.3004e-15 0.2955
3.5339e-15 0.2949
5.0698e-16 0.4521
0.0000e+00 1.0000
1.2014e-15 0.3104
1.5947e-15 0.4213
2.3410e-15 0.4467
1.0393e-15 0.3687
2.2630e-15 0.2625
4.2073e-15 0.2888
1.9334e-15 0.2740
0.0000e+00 1.0000
8.8521e-16 0.3404
4.1623e-16 0.3984
1.0411e-15 0.2900
2.8743e-15 0.2996
1.8406e-15 0.2528
4.5009e-15 0.2646
5.4871e-15 0.2314
2.3323e-15 0.1917
0.0000e+00 1.0000
3.4637e-16 0.4282
7.7908e-16 0.4923
2.0984e-15 0.3543
2.5172e-15 0.3375
1.6015e-15 0.2374
4.2812e-15 0.2761
5.1158e-15 0.2226
4.1185e-15 0.2447
3.3183e-16 0.4959
2.7024e-16 0.3586
1.1435e-15 0.2565
1.6260e-15 0.3728
1.9450e-15 0.4874
2.5750e-15 0.2935
5.5540e-15 0.2912
6.1532e-15 0.2226
2.6491e-15 0.3130
8.9856e-16 0.3575
7.2539e-16 0.4792
3.4312e-16 0.4022
1.4565e-15 0.4602
2.2960e-15 0.3504
3.0662e-15 0.3695
1.7527e-15 0.2493
4.0736e-15 0.2840
3.0052e-15 0.2595
5.9773e-16 0.4557
0.0000e+00 1.0000
3.1534e-16 0.4134
0.0000e+00 1.0000
2.7011e-16 0.4362
3.8341e-16 0.3943
2.2528e-16 0.3600
0.0000e+00 1.0000
0.0000e+00 1.0000
8.3999e-16 0.3710
8.4164e-16 0.4760
3.7648e-16 0.3978
3.2565e-16 0.4662
0.0000e+00 1.0000
1.2305e-15 0.3691
1.5098e-16 0.3589
0.0000e+00 1.0000
9.0511e-16 0.4187
1.4587e-16 0.4503
4.2944e-16 0.4288
6.1561e-16 0.3434
3.7508e-16 0.4164
7.4967e-16 0.3133
1.0685e-15 0.3459
7.5941e-16 0.3119
6.6016e-16 0.3247
7.3063e-16 0.4051
8.1818e-16 0.3654
0.0000e+00 1.0000
7.7209e-16 0.4033
0.0000e+00 1.0000
6.6907e-16 0.3422
9.5384e-16 0.2959
2.3890e-15 0.2633
1.2217e-15 0.2880
1.6191e-15 0.3038
0.0000e+00 1.0000
4.8035e-16 0.3215
9.2571e-16 0.4214
1.6039e-15 0.3763
2.9145e-15 0.3979
1.4945e-15 0.3241
3.5147e-15 0.3071
2.1893e-15 0.3239
2.6152e-15 0.2302
3.2254e-16 0.3491
0.0000e+00 1.0000
5.6293e-16 0.4550
1.5258e-15 0.3469
9.4790e-16 0.3231
2.0140e-15 0.3735
2.1585e-15 0.3857
3.1702e-15 0.2518
2.5443e-15 0.2285
8.9454e-16 0.3528
1.8108e-16 0.4176
1.2780e-15 0.4506
7.5484e-16 0.3926
2.1265e-15 0.3854
1.7976e-15 0.3301
4.9385e-15 0.2632
3.5221e-15 0.2118
3.0246e-15 0.2359
5.8098e-16 0.3470
1.0212e-15 0.4776
4.8561e-16 0.3219
1.1873e-15 0.4467
1.8105e-15 0.3700
1.4700e-15 0.3576
4.8371e-15 0.3110
4.5235e-15 0.2734
3.6050e-15 0.2657
4.0851e-16 0.3853
0.0000e+00 1.0000
7.5937e-16 0.3488
1.0294e-15 0.3229
0.0000e+00 1.0000
1.4294e-15 0.3484
2.5330e-15 0.2914
3.4534e-15 0.2988
2.4139e-15 0.3864
