     9      9     20
d_kernel   u_kernel

0.0000e+00 1.0000
5.1194e-16 0.3544
5.0480e-16 0.3315
1.1931e-15 0.3642
3.5547e-16 0.3456
2.0035e-15 0.3610
3.7539e-15 0.3923
4.9992e-15 0.2754
3.2322e-15 0.3640
4.9659e-16 0.3871
4.3451e-16 0.3637
4.5975e-16 0.3629
1.2010e-15 0.4728
8.4302e-15 0.2839
2.0447e-14 0.1770
3.7427e-14 0.1397
5.1008e-14 0.1243
3.6005e-14 0.1414
4.4561e-16 0.4476
4.4181e-16 0.3400
8.5898e-16 0.2490
1.0524e-14 0.2482
6.8922e-14 0.1082
1.1501e-13 0.0833
1.7304e-13 0.0676
1.7408e-13 0.0682
1.8121e-13 0.0653
6.8242e-16 0.3261
7.7233e-16 0.2797
9.7961e-15 0.2447
4.7881e-14 0.1269
1.6337e-13 0.0726
2.6411e-13 0.0557
3.0005e-13 0.0511
3.3662e-13 0.0479
3.4994e-13 0.0477
4.8459e-16 0.3981
1.2445e-15 0.3564
2.2847e-14 0.1808
1.0341e-13 0.0886
2.6780e-13 0.0559
3.8039e-13 0.0449
4.8361e-13 0.0399
5.2410e-13 0.0388
4.9481e-13 0.0406
1.3240e-15 0.3067
3.7443e-15 0.3527
4.7739e-14 0.1243
1.7583e-13 0.0690
3.3126e-13 0.0487
4.5905e-13 0.0414
1.2503e-12 0.0253
3.9527e-12 0.0132
1.2592e-12 0.0252
0.0000e+00 1.0000
7.1944e-15 0.2610
6.4294e-14 0.1150
1.8818e-13 0.0680
3.6415e-13 0.0468
5.5628e-13 0.0379
4.0118e-12 0.0131
1.2145e-09 0.0002
3.9792e-12 0.0130
8.4515e-16 0.3536
6.0261e-15 0.2954
5.0993e-14 0.1191
1.6975e-13 0.0694
3.4319e-13 0.0479
5.1358e-13 0.0388
1.2547e-12 0.0249
3.9644e-12 0.0131
1.2806e-12 0.0244
4.4352e-16 0.3869
7.3313e-16 0.3384
2.8661e-14 0.1618
1.2287e-13 0.0816
2.5142e-13 0.0549
3.6413e-13 0.0472
4.6374e-13 0.0405
5.6814e-13 0.0376
4.7180e-13 0.0418
5.2232e-16 0.3841
2.7879e-16 0.2982
6.0433e-16 0.4175
1.0971e-15 0.3514
1.4233e-15 0.3825
2.5443e-15 0.3925
5.8791e-15 0.3445
5.5297e-15 0.3370
3.9971e-15 0.3392
5.6627e-16 0.2741
4.5769e-16 0.3796
6.9458e-16 0.3147
2.2961e-15 0.4733
1.2530e-14 0.2396
4.8892e-14 0.1337
5.9916e-14 0.1136
7.6545e-14 0.1017
6.1704e-14 0.1123
6.4968e-16 0.3758
2.3110e-15 0.3546
0.0000e+00 1.0000
1.9907e-14 0.1881
9.2425e-14 0.0950
1.9270e-13 0.0642
2.8127e-13 0.0530
2.9575e-13 0.0508
2.6828e-13 0.0543
5.8949e-16 0.3310
1.5817e-15 0.3871
6.7462e-15 0.2692
8.5721e-14 0.1000
2.5329e-13 0.0560
4.7227e-13 0.0413
5.6071e-13 0.0376
6.3070e-13 0.0354
6.2086e-13 0.0361
0.0000e+00 1.0000
1.8993e-15 0.3345
3.6759e-14 0.1437
1.7751e-13 0.0679
4.2246e-13 0.0437
7.1817e-13 0.0338
9.6528e-13 0.0290
1.1656e-12 0.0266
9.5806e-13 0.0291
7.4724e-16 0.3402
4.0845e-15 0.3793
6.2769e-14 0.1043
3.0449e-13 0.0531
5.6556e-13 0.0378
9.4316e-13 0.0292
3.1379e-12 0.0158
1.1552e-11 0.0074
3.0437e-12 0.0160
7.7726e-16 0.3959
7.2434e-15 0.2710
6.9831e-14 0.1047
3.3019e-13 0.0496
6.2221e-13 0.0364
1.2057e-12 0.0258
1.1532e-11 0.0074
1.2308e-09 0.0002
1.1667e-11 0.0075
6.2222e-16 0.3582
2.7128e-15 0.4140
6.7879e-14 0.1077
2.5643e-13 0.0538
6.0213e-13 0.0369
9.8112e-13 0.0290
3.1772e-12 0.0157
1.1461e-11 0.0075
3.1352e-12 0.0156
5.6469e-16 0.3428
1.3240e-15 0.4047
3.2925e-14 0.1470
1.8392e-13 0.0663
4.6253e-13 0.0421
6.9246e-13 0.0343
9.5391e-13 0.0290
1.2314e-12 0.0259
9.5753e-13 0.0292
5.6718e-16 0.2912
4.1945e-16 0.4183
6.7729e-16 0.3248
8.7432e-16 0.2863
1.1833e-15 0.3054
3.3611e-15 0.3127
4.0657e-15 0.2754
3.9960e-15 0.3123
4.3384e-15 0.2673
4.3247e-16 0.2947
7.5758e-16 0.2956
6.7720e-16 0.2862
4.3274e-15 0.3859
1.1139e-14 0.2485
4.6550e-14 0.1196
8.3166e-14 0.0978
1.1294e-13 0.0815
8.9357e-14 0.0921
5.0021e-16 0.3483
7.0674e-16 0.3542
1.5737e-15 0.3260
2.1447e-14 0.1699
1.0661e-13 0.0857
2.9891e-13 0.0525
4.4924e-13 0.0428
5.1526e-13 0.0401
4.4814e-13 0.0428
0.0000e+00 1.0000
1.4332e-15 0.2440
9.6700e-15 0.2472
1.1237e-13 0.0825
4.0367e-13 0.0460
7.5823e-13 0.0325
1.0158e-12 0.0283
1.1431e-12 0.0267
1.0670e-12 0.0274
0.0000e+00 1.0000
5.9836e-15 0.3533
3.7557e-14 0.1323
2.8133e-13 0.0537
7.2238e-13 0.0337
1.2654e-12 0.0255
1.8878e-12 0.0210
2.4561e-12 0.0181
1.9028e-12 0.0209
6.9611e-16 0.2786
3.5756e-15 0.3343
8.8384e-14 0.0947
4.4289e-13 0.0434
1.0062e-12 0.0283
1.9110e-12 0.0209
7.8862e-12 0.0096
3.5672e-11 0.0040
7.8527e-12 0.0097
8.9382e-16 0.3242
5.3066e-15 0.2675
9.5625e-14 0.0912
4.8696e-13 0.0404
1.0529e-12 0.0274
2.3613e-12 0.0183
3.5772e-11 0.0040
1.1648e-09 0.0003
3.5894e-11 0.0040
5.0195e-16 0.3319
5.9334e-15 0.3148
9.9268e-14 0.0914
4.6788e-13 0.0424
1.0194e-12 0.0280
1.8833e-12 0.0208
7.8963e-12 0.0096
3.5570e-11 0.0040
7.8144e-12 0.0096
8.7695e-16 0.3459
1.1931e-15 0.3052
4.6668e-14 0.1239
2.5738e-13 0.0541
7.4338e-13 0.0331
1.2729e-12 0.0251
1.9414e-12 0.0206
2.4002e-12 0.0183
1.9226e-12 0.0208
1.3556e-15 0.3483
9.3253e-16 0.4378
9.9639e-16 0.3062
1.4224e-15 0.2323
2.1759e-15 0.3596
4.1083e-15 0.3486
7.1219e-15 0.3002
6.0871e-15 0.3075
4.4967e-15 0.3330
8.5054e-16 0.3617
8.5734e-16 0.3431
0.0000e+00 1.0000
1.8989e-15 0.4281
1.2811e-14 0.2258
5.1427e-14 0.1255
1.3293e-13 0.0768
1.7007e-13 0.0664
1.0527e-13 0.0841
6.9960e-16 0.3868
1.0632e-15 0.3228
1.9282e-15 0.3497
2.5762e-14 0.1536
1.3088e-13 0.0778
3.9558e-13 0.0460
7.3701e-13 0.0337
8.4412e-13 0.0313
7.1800e-13 0.0344
9.0819e-16 0.4702
1.6490e-15 0.4115
1.3269e-14 0.2124
1.5053e-13 0.0719
5.8234e-13 0.0376
1.2483e-12 0.0259
1.8674e-12 0.0210
2.0074e-12 0.0202
1.8604e-12 0.0211
1.6989e-15 0.3959
1.9947e-15 0.2853
5.5157e-14 0.1200
4.0745e-13 0.0442
1.2836e-12 0.0255
2.3561e-12 0.0188
3.9112e-12 0.0146
5.2377e-12 0.0123
3.8896e-12 0.0147
1.0110e-15 0.4337
7.2364e-15 0.2699
9.9251e-14 0.0898
6.5047e-13 0.0353
1.7373e-12 0.0216
3.8372e-12 0.0147
1.9688e-11 0.0059
8.3182e-11 0.0026
1.9685e-11 0.0060
9.4647e-16 0.3057
5.4081e-15 0.2862
1.2234e-13 0.0812
7.9467e-13 0.0322
1.9699e-12 0.0204
5.0993e-12 0.0125
8.3742e-11 0.0026
9.6676e-10 0.0004
8.3475e-11 0.0026
1.3122e-15 0.3173
3.6156e-15 0.3189
1.0903e-13 0.0816
6.7099e-13 0.0349
1.8203e-12 0.0214
3.8578e-12 0.0145
1.9496e-11 0.0060
8.3323e-11 0.0026
1.9279e-11 0.0060
1.0613e-15 0.4219
4.0343e-15 0.2899
5.9051e-14 0.1082
4.4194e-13 0.0429
1.2684e-12 0.0256
2.3090e-12 0.0189
3.8929e-12 0.0146
5.1342e-12 0.0125
3.8328e-12 0.0147
3.2707e-16 0.4097
0.0000e+00 1.0000
5.8453e-16 0.3103
0.0000e+00 1.0000
1.7734e-15 0.2828
1.8312e-15 0.4619
7.6631e-15 0.2965
6.0138e-15 0.3032
5.7567e-15 0.3492
7.1203e-16 0.2666
0.0000e+00 1.0000
1.6890e-15 0.3567
2.9102e-15 0.4899
1.4212e-14 0.1858
5.8927e-14 0.1095
1.4943e-13 0.0704
1.9997e-13 0.0609
1.4181e-13 0.0725
1.2278e-15 0.3738
1.5015e-15 0.4144
9.4426e-16 0.2629
2.7807e-14 0.1603
1.9579e-13 0.0630
5.8639e-13 0.0380
1.0686e-12 0.0280
1.2696e-12 0.0256
1.0337e-12 0.0283
1.1351e-15 0.3673
8.3731e-16 0.3476
9.1211e-15 0.2247
1.8097e-13 0.0653
8.6980e-13 0.0309
1.9815e-12 0.0207
3.1890e-12 0.0164
3.5245e-12 0.0154
3.0960e-12 0.0165
1.0169e-15 0.2525
0.0000e+00 1.0000
5.8710e-14 0.1080
5.6566e-13 0.0383
2.0016e-12 0.0206
4.0978e-12 0.0143
7.6214e-12 0.0103
1.0533e-11 0.0086
7.6245e-12 0.0104
4.8581e-16 0.3226
6.1975e-15 0.3473
1.4343e-13 0.0738
1.0231e-12 0.0285
3.1369e-12 0.0165
7.6330e-12 0.0104
3.9261e-11 0.0041
1.2805e-10 0.0021
3.9191e-11 0.0041
8.6853e-16 0.3073
5.0186e-15 0.2795
1.8839e-13 0.0640
1.2245e-12 0.0262
3.4607e-12 0.0155
1.0377e-11 0.0086
1.2868e-10 0.0020
7.1823e-10 0.0006
1.2805e-10 0.0021
1.3471e-15 0.2695
5.3081e-15 0.3013
1.2891e-13 0.0745
1.0109e-12 0.0287
3.0745e-12 0.0166
7.4921e-12 0.0104
3.9241e-11 0.0041
1.2783e-10 0.0021
3.9209e-11 0.0041
1.1227e-15 0.3610
2.2826e-15 0.3358
6.6127e-14 0.1045
6.1349e-13 0.0370
1.9997e-12 0.0205
4.0405e-12 0.0144
7.5354e-12 0.0104
1.0521e-11 0.0086
7.3789e-12 0.0105
0.0000e+00 1.0000
3.9959e-16 0.4461
1.0394e-15 0.3001
9.7349e-16 0.2858
8.3795e-16 0.2602
2.9190e-15 0.3977
3.9857e-15 0.3020
5.3231e-15 0.2968
4.4751e-15 0.3926
6.5108e-16 0.3339
1.2857e-15 0.4991
7.0942e-16 0.3053
9.8140e-16 0.2244
1.0686e-14 0.2197
6.5093e-14 0.1046
1.6185e-13 0.0681
2.0411e-13 0.0608
1.5809e-13 0.0676
4.0973e-16 0.3689
1.5711e-15 0.4255
2.6132e-15 0.3525
1.8804e-14 0.1828
2.2486e-13 0.0578
7.2825e-13 0.0334
1.4446e-12 0.0243
1.7491e-12 0.0219
1.3941e-12 0.0241
6.2127e-16 0.3203
5.7907e-16 0.3110
1.0112e-14 0.2114
2.0889e-13 0.0591
1.1999e-12 0.0263
2.9470e-12 0.0169
4.8467e-12 0.0132
5.7773e-12 0.0120
4.9292e-12 0.0132
1.2621e-15 0.4762
2.2091e-15 0.3540
5.8732e-14 0.1110
7.3505e-13 0.0334
2.8478e-12 0.0172
6.8310e-12 0.0111
1.3578e-11 0.0077
1.8992e-11 0.0063
1.3523e-11 0.0077
1.6536e-15 0.3414
9.6085e-15 0.2469
1.5941e-13 0.0684
1.4076e-12 0.0242
4.8009e-12 0.0133
1.3560e-11 0.0077
6.0342e-11 0.0033
1.4920e-10 0.0019
5.9972e-11 0.0033
1.7670e-15 0.3491
6.7716e-15 0.2870
2.1533e-13 0.0583
1.7329e-12 0.0220
5.7072e-12 0.0122
1.8897e-11 0.0064
1.4915e-10 0.0019
5.0749e-10 0.0008
1.4912e-10 0.0019
0.0000e+00 1.0000
4.8637e-15 0.2955
1.5547e-13 0.0701
1.4428e-12 0.0240
4.8732e-12 0.0132
1.3446e-11 0.0077
5.9968e-11 0.0033
1.4905e-10 0.0019
6.0020e-11 0.0033
2.1383e-15 0.3925
2.7421e-15 0.3684
5.4215e-14 0.1081
7.4537e-13 0.0331
2.9168e-12 0.0171
6.7801e-12 0.0112
1.3461e-11 0.0077
1.8969e-11 0.0063
1.3360e-11 0.0078
7.5483e-16 0.2831
1.5207e-15 0.3948
0.0000e+00 1.0000
1.4150e-15 0.2909
1.1856e-15 0.2539
2.9941e-15 0.3001
3.2361e-15 0.2734
3.7990e-15 0.2555
4.1545e-15 0.3149
1.8144e-15 0.4389
0.0000e+00 1.0000
1.3560e-15 0.2456
2.2780e-15 0.3219
9.4561e-15 0.2638
4.4695e-14 0.1165
1.4644e-13 0.0694
2.0288e-13 0.0589
1.3163e-13 0.0701
0.0000e+00 1.0000
9.6770e-16 0.3095
4.9253e-15 0.3075
2.0112e-14 0.1703
2.0316e-13 0.0602
8.8039e-13 0.0303
1.7591e-12 0.0216
2.1555e-12 0.0195
1.6903e-12 0.0220
1.0376e-15 0.3660
1.8779e-15 0.4341
1.0109e-14 0.2364
2.2234e-13 0.0598
1.4453e-12 0.0238
4.1006e-12 0.0145
7.0443e-12 0.0109
8.4305e-12 0.0100
6.9846e-12 0.0110
1.4998e-15 0.2133
2.9355e-15 0.2958
5.2991e-14 0.1158
8.6593e-13 0.0308
4.0183e-12 0.0146
1.0309e-11 0.0091
2.0611e-11 0.0062
2.8689e-11 0.0051
2.0661e-11 0.0062
1.6042e-15 0.3483
2.1047e-15 0.2880
1.4433e-13 0.0703
1.7079e-12 0.0220
6.9619e-12 0.0110
2.0720e-11 0.0062
7.4319e-11 0.0029
1.4737e-10 0.0019
7.4117e-11 0.0029
1.2030e-15 0.3003
3.7818e-15 0.2597
2.0423e-13 0.0597
2.1301e-12 0.0196
8.3576e-12 0.0100
2.8457e-11 0.0051
1.4762e-10 0.0019
3.5642e-10 0.0011
1.4726e-10 0.0019
0.0000e+00 1.0000
1.9220e-15 0.2367
1.6324e-13 0.0658
1.8286e-12 0.0213
7.0934e-12 0.0109
2.0712e-11 0.0062
7.3595e-11 0.0029
1.4742e-10 0.0019
7.4098e-11 0.0029
3.7280e-15 0.4117
3.7093e-15 0.3458
5.5589e-14 0.1086
8.3595e-13 0.0307
3.9018e-12 0.0147
1.0186e-11 0.0091
2.0546e-11 0.0062
2.8655e-11 0.0051
2.0540e-11 0.0062
6.9403e-16 0.3027
4.6760e-16 0.2967
1.8227e-15 0.3107
1.3814e-15 0.2894
1.6740e-15 0.2329
2.6602e-15 0.3153
3.4935e-15 0.2984
5.2426e-15 0.3452
2.0898e-15 0.2916
1.4732e-15 0.3886
1.0445e-15 0.2644
1.2877e-15 0.2442
3.0032e-15 0.2658
7.6276e-15 0.2521
3.1709e-14 0.1257
1.3224e-13 0.0719
1.7030e-13 0.0618
1.1406e-13 0.0751
1.6552e-15 0.4345
1.7570e-15 0.2563
2.5611e-15 0.2448
1.0595e-14 0.2038
1.6991e-13 0.0645
8.4495e-13 0.0298
1.9033e-12 0.0205
2.4309e-12 0.0181
1.9199e-12 0.0205
1.4336e-15 0.4934
1.8641e-15 0.3145
4.1518e-15 0.2554
1.7559e-13 0.0627
1.5339e-12 0.0232
4.7652e-12 0.0132
8.9275e-12 0.0097
1.0763e-11 0.0088
8.8474e-12 0.0097
1.4985e-15 0.2620
2.2878e-15 0.2329
4.1234e-14 0.1243
8.4257e-13 0.0308
4.8530e-12 0.0132
1.3474e-11 0.0078
2.7069e-11 0.0053
3.6118e-11 0.0045
2.7214e-11 0.0053
2.0079e-15 0.3948
2.8597e-15 0.3378
1.2269e-13 0.0744
1.8734e-12 0.0208
8.8689e-12 0.0097
2.7054e-11 0.0053
7.9328e-11 0.0028
1.3273e-10 0.0020
7.8489e-11 0.0028
1.5875e-15 0.3421
5.5646e-15 0.2509
1.7259e-13 0.0630
2.4174e-12 0.0184
1.0852e-11 0.0088
3.6346e-11 0.0045
1.3340e-10 0.0020
2.5332e-10 0.0013
1.3261e-10 0.0021
1.7476e-15 0.2607
3.0272e-15 0.2555
1.2524e-13 0.0720
1.9169e-12 0.0206
9.0081e-12 0.0097
2.7111e-11 0.0054
7.8624e-11 0.0028
1.3298e-10 0.0020
7.9487e-11 0.0028
1.5657e-15 0.2665
2.9165e-15 0.3752
3.8668e-14 0.1195
8.7449e-13 0.0298
4.8790e-12 0.0132
1.3278e-11 0.0079
2.7076e-11 0.0053
3.5770e-11 0.0045
2.6887e-11 0.0054
8.2399e-16 0.3506
7.4837e-16 0.3147
1.3827e-15 0.3293
1.6438e-15 0.2502
2.0048e-15 0.2420
2.7102e-15 0.3195
2.5531e-15 0.2429
3.4059e-15 0.2692
3.4998e-15 0.2920
1.4219e-15 0.3355
1.5312e-15 0.3199
2.2014e-15 0.3723
1.4493e-15 0.2567
4.6805e-15 0.3090
2.4740e-14 0.1480
7.6618e-14 0.0885
1.1811e-13 0.0727
7.3300e-14 0.0923
0.0000e+00 1.0000
1.5045e-15 0.3524
9.2905e-16 0.2238
1.0386e-14 0.2324
1.2552e-13 0.0737
7.5349e-13 0.0314
1.7578e-12 0.0209
2.3435e-12 0.0184
1.8606e-12 0.0207
1.4991e-15 0.2644
1.6393e-15 0.4301
5.6885e-15 0.2728
1.2154e-13 0.0745
1.3508e-12 0.0238
5.0429e-12 0.0127
9.8272e-12 0.0091
1.2332e-11 0.0081
9.9960e-12 0.0091
1.3070e-15 0.2437
1.9994e-15 0.4212
2.5170e-14 0.1617
6.9322e-13 0.0326
5.0281e-12 0.0128
1.5544e-11 0.0072
3.0861e-11 0.0050
4.0072e-11 0.0043
3.0670e-11 0.0050
0.0000e+00 1.0000
3.4718e-15 0.3559
7.9423e-14 0.0888
1.7311e-12 0.0210
9.8667e-12 0.0091
3.0801e-11 0.0050
7.6246e-11 0.0029
1.1382e-10 0.0023
7.5895e-11 0.0029
2.9305e-15 0.4031
4.3523e-15 0.2852
1.1228e-13 0.0761
2.3542e-12 0.0184
1.2359e-11 0.0082
4.0358e-11 0.0043
1.1409e-10 0.0023
1.8399e-10 0.0016
1.1351e-10 0.0023
1.8322e-15 0.2458
2.2058e-15 0.2259
8.6780e-14 0.0890
1.7844e-12 0.0209
9.8324e-12 0.0092
3.0719e-11 0.0050
7.6407e-11 0.0029
1.1450e-10 0.0023
7.6268e-11 0.0029
2.8149e-15 0.4317
2.1111e-15 0.2503
2.7966e-14 0.1393
7.5868e-13 0.0314
4.9958e-12 0.0128
1.5472e-11 0.0073
3.0905e-11 0.0050
4.0019e-11 0.0043
3.0693e-11 0.0050
0.0000e+00 1.0000
0.0000e+00 1.0000
1.2659e-15 0.3211
9.7762e-16 0.2347
3.2805e-15 0.2787
2.6915e-15 0.2679
6.6378e-15 0.2902
4.0290e-15 0.3947
6.8448e-15 0.2493
1.1252e-15 0.2943
1.7155e-15 0.4145
2.9247e-15 0.3523
2.0938e-15 0.2054
4.4860e-15 0.2170
1.0279e-14 0.1903
5.2743e-14 0.1075
7.3150e-14 0.0913
3.0937e-14 0.1345
9.2842e-16 0.3351
1.3889e-15 0.3663
2.6810e-15 0.4216
4.4268e-15 0.2215
6.2673e-14 0.0954
4.9358e-13 0.0376
1.4078e-12 0.0232
1.8858e-12 0.0201
1.3382e-12 0.0235
1.1664e-15 0.2945
3.2277e-15 0.4287
3.5460e-15 0.2961
6.8394e-14 0.0967
9.8777e-13 0.0272
4.5126e-12 0.0132
9.6241e-12 0.0091
1.2202e-11 0.0081
9.5479e-12 0.0092
2.0221e-15 0.3724
3.2007e-15 0.2290
7.6738e-15 0.2511
4.6443e-13 0.0385
4.5484e-12 0.0133
1.5406e-11 0.0072
3.1019e-11 0.0050
3.9569e-11 0.0043
3.0946e-11 0.0050
9.4026e-16 0.2676
3.7790e-15 0.3975
4.2658e-14 0.1174
1.3705e-12 0.0233
9.5086e-12 0.0092
3.1074e-11 0.0050
6.8524e-11 0.0031
9.4830e-11 0.0025
6.8494e-11 0.0031
3.6732e-15 0.3264
3.5002e-15 0.2071
6.4855e-14 0.0971
1.8899e-12 0.0200
1.2217e-11 0.0081
3.9640e-11 0.0043
9.4469e-11 0.0025
1.3659e-10 0.0020
9.4120e-11 0.0025
1.5629e-15 0.2762
2.2232e-15 0.3479
4.0791e-14 0.1190
1.3708e-12 0.0233
9.5320e-12 0.0092
3.0978e-11 0.0050
6.9106e-11 0.0031
9.4787e-11 0.0025
6.8646e-11 0.0031
7.8706e-16 0.2256
2.4601e-15 0.3192
1.2027e-14 0.2088
4.7334e-13 0.0388
4.4933e-12 0.0133
1.5296e-11 0.0072
3.1032e-11 0.0050
3.9574e-11 0.0043
3.0959e-11 0.0050
0.0000e+00 1.0000
2.4709e-15 0.4340
1.9318e-15 0.2935
2.8932e-15 0.3833
2.4446e-15 0.2630
3.5324e-15 0.2389
3.9520e-15 0.2809
3.7097e-15 0.2577
4.1447e-15 0.2575
4.4436e-16 0.3123
1.4437e-15 0.2909
2.5827e-15 0.3054
3.8739e-15 0.2383
3.1850e-15 0.2310
5.2185e-15 0.2082
1.6022e-14 0.1667
2.7622e-14 0.1307
1.7561e-14 0.1650
1.1899e-15 0.2432
2.2749e-15 0.3302
1.6461e-15 0.2514
3.3400e-15 0.2354
2.9454e-14 0.1252
2.6371e-13 0.0482
8.7586e-13 0.0281
1.1752e-12 0.0245
8.0738e-13 0.0291
1.7631e-15 0.2627
1.8764e-15 0.3629
3.8247e-15 0.2828
2.1594e-14 0.1493
5.6038e-13 0.0351
3.2742e-12 0.0153
7.8711e-12 0.0100
1.0062e-11 0.0088
7.7755e-12 0.0101
2.7066e-15 0.4336
4.0885e-15 0.3234
4.7196e-15 0.2295
2.5504e-13 0.0493
3.2291e-12 0.0153
1.3013e-11 0.0078
2.7552e-11 0.0053
3.5095e-11 0.0046
2.7518e-11 0.0053
2.3845e-15 0.3831
4.2835e-15 0.2457
2.1759e-14 0.1583
8.5494e-13 0.0286
7.8178e-12 0.0100
2.7516e-11 0.0053
5.8225e-11 0.0034
7.6133e-11 0.0029
5.8111e-11 0.0034
3.3167e-15 0.3076
3.3755e-15 0.2427
2.8790e-14 0.1404
1.2097e-12 0.0240
1.0372e-11 0.0087
3.5158e-11 0.0046
7.6400e-11 0.0029
1.0227e-10 0.0024
7.6138e-11 0.0029
1.7071e-15 0.3658
2.7608e-15 0.2747
1.6408e-14 0.1805
8.4094e-13 0.0286
7.6983e-12 0.0100
2.7448e-11 0.0053
5.8312e-11 0.0034
7.6311e-11 0.0029
5.8228e-11 0.0034
1.7902e-15 0.3224
1.9133e-15 0.2242
6.6073e-15 0.2626
2.5345e-13 0.0512
3.2325e-12 0.0153
1.3250e-11 0.0077
2.7598e-11 0.0053
3.4997e-11 0.0046
2.7607e-11 0.0053
7.7409e-16 0.3055
1.8451e-15 0.2446
2.4229e-15 0.3056
2.1978e-15 0.2340
1.5114e-15 0.2814
3.9139e-15 0.2331
2.7678e-15 0.2722
3.2862e-15 0.2693
4.3439e-15 0.3525
9.4574e-16 0.3240
1.5172e-15 0.2808
1.4559e-15 0.2240
3.0278e-15 0.2642
3.1555e-15 0.2144
4.9289e-15 0.1911
6.8267e-15 0.2332
1.1763e-14 0.1881
7.2186e-15 0.2218
0.0000e+00 1.0000
1.6895e-15 0.2723
1.9966e-15 0.2444
4.4728e-15 0.2309
1.4858e-14 0.1913
9.0218e-14 0.0794
3.7004e-13 0.0413
5.8208e-13 0.0337
3.3771e-13 0.0425
1.1509e-15 0.2509
2.2934e-15 0.3539
3.3420e-15 0.2806
1.3074e-14 0.1940
2.3063e-13 0.0516
1.8206e-12 0.0197
5.0231e-12 0.0122
6.8783e-12 0.0104
5.1404e-12 0.0121
3.7048e-15 0.3438
2.8868e-15 0.2115
7.1131e-15 0.2335
1.0042e-13 0.0760
1.8072e-12 0.0198
9.2149e-12 0.0091
2.1222e-11 0.0060
2.7273e-11 0.0052
2.1114e-11 0.0060
3.2889e-15 0.3255
3.7343e-15 0.2434
9.5849e-15 0.1786
3.5628e-13 0.0409
5.0331e-12 0.0122
2.1114e-11 0.0060
4.5052e-11 0.0040
5.8185e-11 0.0034
4.5048e-11 0.0040
2.7453e-15 0.2804
4.2951e-15 0.2886
7.2214e-15 0.1844
5.7980e-13 0.0333
6.8398e-12 0.0105
2.7396e-11 0.0052
5.8295e-11 0.0034
7.5427e-11 0.0029
5.8321e-11 0.0034
2.1743e-15 0.2768
4.3257e-15 0.3025
8.1329e-15 0.1929
3.6336e-13 0.0414
5.0020e-12 0.0122
2.0855e-11 0.0060
4.5331e-11 0.0040
5.7823e-11 0.0034
4.5203e-11 0.0040
1.0730e-15 0.2056
2.5385e-15 0.3234
4.8288e-15 0.2127
9.4264e-14 0.0770
1.7596e-12 0.0200
9.2910e-12 0.0091
2.1060e-11 0.0060
2.7191e-11 0.0052
2.1181e-11 0.0060
9.0020e-16 0.4117
1.6424e-15 0.4168
2.5872e-15 0.2693
1.9106e-15 0.2733
2.0704e-15 0.3014
3.6515e-15 0.3155
3.2957e-15 0.2157
4.2619e-15 0.2268
4.5437e-15 0.3036
8.9259e-16 0.3875
8.3329e-16 0.3515
1.9657e-15 0.2510
5.3615e-15 0.2502
4.7206e-15 0.3022
4.2758e-15 0.2654
5.1370e-15 0.2419
9.3363e-15 0.1841
5.9618e-15 0.1730
2.4873e-15 0.3504
1.0430e-15 0.2480
2.2578e-15 0.1922
4.3954e-15 0.2634
6.1824e-15 0.1876
2.1146e-14 0.1489
9.9081e-14 0.0750
1.5945e-13 0.0585
1.0547e-13 0.0722
1.3508e-15 0.3749
0.0000e+00 1.0000
2.8359e-15 0.2031
5.9232e-15 0.2301
5.9967e-14 0.0912
6.9665e-13 0.0302
2.3967e-12 0.0169
3.4620e-12 0.0142
2.3812e-12 0.0170
4.5518e-15 0.3875
3.7169e-15 0.2905
5.4991e-15 0.1940
2.5143e-14 0.1206
7.0134e-13 0.0303
4.9467e-12 0.0120
1.3259e-11 0.0075
1.7378e-11 0.0065
1.3060e-11 0.0075
4.5526e-15 0.3677
2.1340e-15 0.2095
7.4895e-15 0.2317
9.0075e-14 0.0797
2.3597e-12 0.0170
1.3040e-11 0.0075
3.0309e-11 0.0049
3.9640e-11 0.0042
3.0623e-11 0.0049
3.7200e-15 0.3397
3.6758e-15 0.3266
6.9492e-15 0.1903
1.8513e-13 0.0560
3.4957e-12 0.0142
1.7578e-11 0.0065
3.9704e-11 0.0042
5.1584e-11 0.0036
3.9759e-11 0.0042
1.5787e-15 0.3045
4.2047e-15 0.2112
7.9563e-15 0.2413
1.0305e-13 0.0733
2.4060e-12 0.0170
1.3049e-11 0.0075
3.0673e-11 0.0049
3.9403e-11 0.0042
3.0751e-11 0.0049
1.4713e-15 0.3572
2.9116e-15 0.4252
4.9701e-15 0.1700
3.0880e-14 0.1210
6.9222e-13 0.0304
5.0192e-12 0.0120
1.3217e-11 0.0075
1.7552e-11 0.0065
1.3216e-11 0.0075
5.3502e-16 0.2801
2.4474e-15 0.2887
1.2848e-15 0.2426
2.5242e-15 0.3331
3.3403e-15 0.2988
3.7266e-15 0.2359
2.5238e-15 0.2922
6.0676e-15 0.2293
4.3039e-15 0.2478
1.1210e-15 0.2673
1.4948e-15 0.2408
4.7570e-15 0.3937
3.0713e-15 0.2638
4.8165e-15 0.2795
4.5084e-15 0.2227
5.5066e-15 0.2012
8.8114e-15 0.2112
6.6415e-15 0.1668
9.8566e-16 0.2337
2.0434e-15 0.2743
3.3905e-15 0.2705
6.3932e-15 0.2327
5.7898e-15 0.2054
9.1658e-15 0.2251
1.9461e-14 0.1548
3.1944e-14 0.1118
2.1515e-14 0.1438
2.1195e-15 0.3583
4.1470e-15 0.4020
5.1520e-15 0.2391
7.4935e-15 0.2133
1.4787e-14 0.1575
1.7144e-13 0.0565
7.3574e-13 0.0289
1.1398e-12 0.0234
6.9194e-13 0.0295
2.7620e-15 0.2478
4.6256e-15 0.2511
5.5102e-15 0.2045
1.0999e-14 0.1576
1.6403e-13 0.0569
1.8435e-12 0.0189
5.9168e-12 0.0108
8.4468e-12 0.0091
5.8217e-12 0.0109
2.8997e-15 0.2266
3.1192e-15 0.1830
4.9168e-15 0.2285
2.5306e-14 0.1256
7.2475e-13 0.0288
5.9863e-12 0.0108
1.6436e-11 0.0066
2.2231e-11 0.0056
1.6334e-11 0.0066
2.7601e-15 0.2438
2.3507e-15 0.2211
6.8885e-15 0.1708
3.1896e-14 0.1159
1.1488e-12 0.0235
8.3799e-12 0.0092
2.2366e-11 0.0056
3.0118e-11 0.0048
2.2458e-11 0.0056
1.0839e-15 0.2619
5.3200e-15 0.2711
7.4099e-15 0.1897
1.8085e-14 0.1388
7.1948e-13 0.0287
5.8640e-12 0.0109
1.6494e-11 0.0066
2.2217e-11 0.0056
1.6322e-11 0.0066
2.1770e-15 0.3457
3.5828e-15 0.2479
6.9247e-15 0.2698
1.1465e-14 0.1934
1.7438e-13 0.0568
1.8219e-12 0.0190
6.0585e-12 0.0107
8.4757e-12 0.0091
5.9337e-12 0.0109
8.8132e-16 0.3347
2.6008e-15 0.3045
3.6285e-15 0.2447
2.6240e-15 0.3515
3.4250e-15 0.2316
3.3030e-15 0.2941
4.2137e-15 0.2939
4.5044e-15 0.2334
4.6045e-15 0.2325
9.9442e-16 0.2537
2.9345e-15 0.3474
3.9357e-15 0.4730
3.1453e-15 0.2967
5.1591e-15 0.2699
5.4432e-15 0.2163
4.3251e-15 0.2226
5.9251e-15 0.1837
6.8892e-15 0.2340
2.7588e-15 0.3597
1.5185e-15 0.2738
5.3380e-15 0.3494
5.1586e-15 0.2062
6.2183e-15 0.2799
1.0145e-14 0.1716
1.0772e-14 0.1605
1.6447e-14 0.1660
1.0278e-14 0.1534
2.4910e-15 0.3080
3.4329e-15 0.2503
5.0818e-15 0.2202
7.5857e-15 0.1823
1.0173e-14 0.1586
2.5783e-14 0.1232
1.2744e-13 0.0631
2.0829e-13 0.0510
1.2923e-13 0.0628
2.0449e-15 0.3173
4.0225e-15 0.2449
5.3275e-15 0.1855
6.9729e-15 0.1331
2.9468e-14 0.1100
3.6098e-13 0.0390
1.6591e-12 0.0194
2.6015e-12 0.0157
1.6186e-12 0.0197
1.8448e-15 0.2778
5.7013e-15 0.2428
8.4013e-15 0.2766
1.2935e-14 0.1576
1.3123e-13 0.0639
1.6532e-12 0.0195
6.0824e-12 0.0105
8.7675e-12 0.0088
5.9562e-12 0.0106
1.0477e-15 0.2258
5.2697e-15 0.2739
5.2269e-15 0.1827
1.2305e-14 0.1589
1.9934e-13 0.0497
2.5314e-12 0.0159
8.7984e-12 0.0088
1.2876e-11 0.0073
8.8631e-12 0.0087
3.8590e-15 0.3522
5.9780e-15 0.2693
8.4915e-15 0.2162
1.2193e-14 0.1660
1.1620e-13 0.0643
1.6270e-12 0.0198
6.0308e-12 0.0105
8.7753e-12 0.0088
5.9531e-12 0.0106
3.4969e-15 0.2654
3.5603e-15 0.2333
5.0709e-15 0.1937
8.6994e-15 0.1592
2.8523e-14 0.1199
3.7626e-13 0.0384
1.6823e-12 0.0192
2.6037e-12 0.0157
1.6908e-12 0.0192
1.0551e-15 0.3202
2.1462e-15 0.4529
3.6467e-15 0.3301
3.0294e-15 0.3570
6.1534e-15 0.3116
4.6112e-15 0.2473
3.5883e-15 0.2641
4.0681e-15 0.2638
4.0116e-15 0.2230
1.3634e-15 0.4658
3.8222e-15 0.3033
3.1291e-15 0.3718
4.6910e-15 0.3845
4.2416e-15 0.2592
2.5251e-15 0.1501
3.6294e-15 0.2165
6.1346e-15 0.1893
6.5346e-15 0.2450
1.9873e-15 0.3361
1.7698e-15 0.2498
3.2004e-15 0.2968
3.6056e-15 0.1905
5.6144e-15 0.2022
9.8686e-15 0.1527
1.1435e-14 0.1360
1.2008e-14 0.1442
1.3494e-14 0.1589
2.6841e-15 0.2863
3.5741e-15 0.2458
5.9924e-15 0.1938
4.1065e-15 0.1715
1.4638e-14 0.1823
1.5175e-14 0.1413
2.8252e-14 0.1196
3.1482e-14 0.1007
2.6606e-14 0.1288
3.1495e-15 0.3326
2.9313e-15 0.2333
3.6257e-15 0.1954
8.9593e-15 0.1722
1.5628e-14 0.1526
4.9579e-14 0.0898
2.3229e-13 0.0466
3.7804e-13 0.0368
2.2759e-13 0.0469
3.1997e-15 0.2905
3.5012e-15 0.2628
5.9934e-15 0.2058
1.6061e-14 0.1522
2.5003e-14 0.1241
2.4332e-13 0.0460
1.1592e-12 0.0224
1.9549e-12 0.0175
1.1756e-12 0.0224
2.5640e-15 0.2740
4.7574e-15 0.2133
6.7513e-15 0.1688
1.4076e-14 0.1631
2.7756e-14 0.1106
3.8847e-13 0.0372
1.9111e-12 0.0177
3.1867e-12 0.0138
1.9623e-12 0.0174
3.1068e-15 0.2996
5.5638e-15 0.2811
6.1366e-15 0.2380
1.1243e-14 0.1806
2.6710e-14 0.1186
2.4991e-13 0.0451
1.1378e-12 0.0226
1.9970e-12 0.0175
1.2053e-12 0.0220
2.0570e-15 0.2417
4.5121e-15 0.2168
6.4738e-15 0.2544
1.1988e-14 0.2018
1.4522e-14 0.1367
6.5385e-14 0.0814
2.4666e-13 0.0460
4.0379e-13 0.0362
2.4214e-13 0.0464
9.5615e-16 0.4759
3.3111e-15 0.3304
1.4455e-15 0.2673
1.9741e-15 0.3180
2.5361e-15 0.3221
3.1165e-15 0.2162
2.2997e-15 0.2663
4.1957e-15 0.2656
2.6921e-15 0.2747
1.4572e-15 0.4947
3.4271e-15 0.3253
6.5213e-15 0.2813
3.7228e-15 0.2867
6.1841e-15 0.2247
6.7841e-15 0.2200
5.7254e-15 0.2331
6.0397e-15 0.2412
6.5158e-15 0.2230
1.4026e-15 0.2990
2.5210e-15 0.2889
4.2782e-15 0.2798
5.4762e-15 0.2834
7.4478e-15 0.2073
7.9538e-15 0.1468
9.5576e-15 0.1797
1.3936e-14 0.1503
1.1402e-14 0.1734
2.4887e-15 0.2765
3.0484e-15 0.2227
4.9566e-15 0.2408
8.4241e-15 0.1920
1.3045e-14 0.1755
1.4877e-14 0.1458
2.7039e-14 0.1492
2.6115e-14 0.1077
2.0576e-14 0.1408
2.3961e-15 0.3075
2.6655e-15 0.1809
7.5551e-15 0.2045
1.0042e-14 0.1702
1.4556e-14 0.1388
3.3745e-14 0.1125
4.8125e-14 0.0879
5.9261e-14 0.0802
4.4571e-14 0.0960
5.9279e-15 0.2830
2.2242e-15 0.2298
6.5362e-15 0.1685
1.5815e-14 0.1550
2.4260e-14 0.1437
5.2175e-14 0.0870
1.5666e-13 0.0563
2.3956e-13 0.0439
1.4396e-13 0.0598
2.6028e-15 0.2181
4.4759e-15 0.2622
8.2970e-15 0.2089
1.4857e-14 0.1343
2.1683e-14 0.1229
6.7007e-14 0.0814
2.4835e-13 0.0441
4.4168e-13 0.0336
2.4619e-13 0.0445
3.8808e-15 0.2083
3.9499e-15 0.2409
5.6861e-15 0.1907
1.3604e-14 0.1758
2.4003e-14 0.1125
5.5383e-14 0.0975
1.3391e-13 0.0566
2.6490e-13 0.0450
1.5437e-13 0.0543
2.6870e-15 0.2290
3.7216e-15 0.2247
9.2921e-15 0.2417
9.3398e-15 0.1811
1.9132e-14 0.1505
3.2596e-14 0.1117
5.0834e-14 0.0917
5.8786e-14 0.0773
5.5536e-14 0.0883
1.4383e-15 0.4694
0.0000e+00 1.0000
2.9235e-15 0.4049
2.0860e-15 0.3503
2.2313e-15 0.1992
3.1558e-15 0.1861
3.5580e-15 0.2901
4.3472e-15 0.2495
4.8427e-15 0.1946
1.6220e-15 0.3899
2.2127e-15 0.3126
2.7141e-15 0.2981
2.0916e-15 0.2265
5.6453e-15 0.2361
7.2094e-15 0.2168
6.5779e-15 0.2058
8.6980e-15 0.1969
8.2022e-15 0.2235
1.7738e-15 0.4880
2.9029e-15 0.2502
4.6468e-15 0.2341
5.3786e-15 0.2129
6.8748e-15 0.2298
1.2663e-14 0.2080
1.0405e-14 0.1732
1.3639e-14 0.1536
1.0610e-14 0.1732
2.6626e-15 0.2501
3.4447e-15 0.2298
4.0711e-15 0.3221
9.6203e-15 0.1937
1.2220e-14 0.1691
1.7548e-14 0.1446
2.3804e-14 0.1255
2.8173e-14 0.1357
2.0787e-14 0.1277
3.3859e-15 0.2774
3.3126e-15 0.2082
6.6302e-15 0.2274
8.8542e-15 0.2159
1.4501e-14 0.1685
2.5952e-14 0.1241
4.2638e-14 0.0992
4.5785e-14 0.0972
4.0029e-14 0.1061
3.4399e-15 0.2761
4.7797e-15 0.2193
8.1313e-15 0.1743
9.3939e-15 0.1701
2.7890e-14 0.1214
4.9894e-14 0.0962
7.6373e-14 0.0772
9.6952e-14 0.0700
7.3424e-14 0.0774
5.5918e-15 0.2568
4.9853e-15 0.2364
7.8207e-15 0.1664
1.2996e-14 0.1518
2.0480e-14 0.1215
5.1969e-14 0.0879
1.0021e-13 0.0722
1.3856e-13 0.0562
1.0472e-13 0.0695
2.9050e-15 0.3254
6.5678e-15 0.2744
5.5036e-15 0.1969
1.0686e-14 0.1377
2.6923e-14 0.1368
4.1518e-14 0.1025
6.8383e-14 0.0842
9.3573e-14 0.0683
6.0922e-14 0.0732
2.3272e-15 0.2138
5.3476e-15 0.3704
9.4503e-15 0.2365
1.1811e-14 0.1629
1.5368e-14 0.1584
2.9508e-14 0.1129
4.0429e-14 0.0987
4.8885e-14 0.0959
4.0139e-14 0.0947
7.8974e-16 0.3085
1.7878e-15 0.4045
2.8714e-15 0.3015
3.9436e-15 0.2507
4.0800e-15 0.2706
5.1910e-15 0.2637
4.4973e-15 0.2934
6.2105e-15 0.1711
8.7417e-15 0.2547
2.8345e-15 0.2903
1.7314e-15 0.2428
2.8454e-15 0.2651
2.5967e-15 0.2386
4.5315e-15 0.2044
8.0992e-15 0.2578
5.4262e-15 0.1750
9.1861e-15 0.1838
8.9712e-15 0.2299
1.7656e-15 0.4263
2.3047e-15 0.2517
2.9844e-15 0.2245
7.2587e-15 0.2451
9.1325e-15 0.2511
9.6243e-15 0.1578
1.4439e-14 0.2108
1.2642e-14 0.1580
1.2136e-14 0.2495
3.0739e-15 0.2719
4.0711e-15 0.2508
6.7054e-15 0.2529
8.2231e-15 0.1857
9.5124e-15 0.1797
1.6860e-14 0.1367
2.3504e-14 0.1311
2.5202e-14 0.1228
2.2841e-14 0.1421
2.4937e-15 0.3064
4.1515e-15 0.2285
7.7684e-15 0.2187
7.6098e-15 0.2332
2.0957e-14 0.1430
2.6115e-14 0.1237
3.6931e-14 0.1066
4.2591e-14 0.0930
3.1186e-14 0.1095
2.2934e-15 0.2453
5.0774e-15 0.2357
7.3321e-15 0.1946
9.1605e-15 0.1902
2.3831e-14 0.1230
4.8963e-14 0.1036
7.4586e-14 0.0810
8.6423e-14 0.0699
5.7796e-14 0.0847
5.1356e-15 0.2881
6.6765e-15 0.2301
9.2578e-15 0.2366
1.1922e-14 0.1582
1.8733e-14 0.1415
5.0608e-14 0.1010
7.5454e-14 0.0717
1.2203e-13 0.0613
8.3812e-14 0.0754
3.9511e-15 0.2426
3.2187e-15 0.2589
8.7035e-15 0.2105
9.4851e-15 0.1636
2.6378e-14 0.1289
3.9932e-14 0.1089
6.6373e-14 0.0863
8.2795e-14 0.0799
7.4437e-14 0.0827
2.7727e-15 0.3181
2.8933e-15 0.1868
7.6824e-15 0.2418
1.2416e-14 0.1838
1.4703e-14 0.1403
3.4286e-14 0.1231
3.6925e-14 0.1088
3.9027e-14 0.0951
3.7646e-14 0.1045
2.3171e-15 0.3226
2.3580e-15 0.3589
1.9528e-15 0.3136
4.1555e-15 0.3645
4.1780e-15 0.2697
2.8483e-15 0.2547
3.7813e-15 0.2720
6.0266e-15 0.2366
3.9695e-15 0.2522
2.0747e-15 0.3705
1.8618e-15 0.2903
4.4112e-15 0.3543
3.2675e-15 0.3107
4.1591e-15 0.2609
4.7563e-15 0.2159
5.3940e-15 0.1885
9.6277e-15 0.1934
7.1416e-15 0.2551
3.8353e-15 0.3348
3.6362e-15 0.2554
3.9801e-15 0.2566
6.4187e-15 0.2041
9.7230e-15 0.1921
1.0402e-14 0.1862
1.3332e-14 0.1581
1.5461e-14 0.1698
9.4999e-15 0.1877
2.1811e-15 0.2481
2.9064e-15 0.2583
7.3957e-15 0.2696
7.3918e-15 0.2316
9.3076e-15 0.1885
1.7193e-14 0.1507
1.9591e-14 0.1364
2.4060e-14 0.1257
2.1065e-14 0.1335
3.4538e-15 0.2849
6.1632e-15 0.2419
7.1625e-15 0.2047
7.4828e-15 0.1836
2.0229e-14 0.1560
2.1931e-14 0.1316
3.7252e-14 0.1128
4.2431e-14 0.0948
3.1347e-14 0.1125
4.6059e-15 0.3564
5.8834e-15 0.2168
7.3776e-15 0.1701
1.0142e-14 0.1681
2.2168e-14 0.1280
4.8035e-14 0.1103
6.7491e-14 0.0840
8.1503e-14 0.0757
5.9456e-14 0.0848
2.7056e-15 0.2873
4.7772e-15 0.1986
8.0950e-15 0.2437
1.2006e-14 0.1711
2.2578e-14 0.1177
3.9701e-14 0.1160
7.6012e-14 0.0757
1.0345e-13 0.0673
7.0918e-14 0.0788
2.8035e-15 0.2893
4.6536e-15 0.2174
7.5209e-15 0.2043
1.0295e-14 0.1696
1.8430e-14 0.1282
3.1304e-14 0.1103
5.0546e-14 0.0864
8.2773e-14 0.0766
5.8239e-14 0.0899
2.4977e-15 0.2546
4.7003e-15 0.2459
5.9159e-15 0.1920
9.5228e-15 0.2291
1.5317e-14 0.1525
2.7463e-14 0.1262
3.1278e-14 0.1127
3.4570e-14 0.1081
3.6179e-14 0.1113
