     9      9     20
d_kernel   u_kernel

1.0215e-15 0.3707
5.7604e-16 0.3668
6.2004e-16 0.3709
6.9660e-16 0.3230
0.0000e+00 1.0000
5.3308e-15 0.2810
5.9845e-15 0.3715
5.3839e-15 0.3138
5.7985e-15 0.3506
1.1135e-15 0.4837
1.0104e-15 0.3965
8.5026e-16 0.3874
2.9969e-15 0.4232
7.3317e-15 0.3187
3.6741e-14 0.1427
4.5114e-14 0.1208
5.3876e-14 0.1192
5.0507e-14 0.1265
4.7475e-16 0.3070
0.0000e+00 1.0000
1.3078e-15 0.4295
1.2250e-14 0.2159
4.7456e-14 0.1260
1.3443e-13 0.0792
1.7534e-13 0.0680
2.0059e-13 0.0656
1.5903e-13 0.0719
3.4666e-16 0.3649
1.9193e-15 0.3891
1.0134e-14 0.2735
5.5677e-14 0.1205
1.4143e-13 0.0748
2.5387e-13 0.0572
2.9249e-13 0.0527
2.7538e-13 0.0521
2.9433e-13 0.0520
6.9268e-16 0.2834
2.9434e-15 0.4068
2.9159e-14 0.1619
1.3202e-13 0.0794
2.4485e-13 0.0571
3.3483e-13 0.0491
4.0778e-13 0.0448
4.8854e-13 0.0406
4.4594e-13 0.0420
0.0000e+00 1.0000
5.8512e-15 0.3041
5.7240e-14 0.1207
1.6848e-13 0.0694
2.8204e-13 0.0536
4.4294e-13 0.0426
1.1454e-12 0.0260
3.7987e-12 0.0135
1.1973e-12 0.0258
5.2561e-16 0.2735
2.8158e-15 0.3534
4.4610e-14 0.1217
2.0498e-13 0.0659
3.0477e-13 0.0514
5.2114e-13 0.0392
3.8470e-12 0.0133
1.2129e-09 0.0002
3.8537e-12 0.0132
1.2899e-15 0.3692
3.8195e-15 0.3775
5.5876e-14 0.1205
1.8721e-13 0.0661
2.8652e-13 0.0533
4.3583e-13 0.0428
1.1789e-12 0.0262
3.7626e-12 0.0135
1.1506e-12 0.0261
8.3716e-16 0.2537
4.1243e-15 0.3899
3.2629e-14 0.1636
1.1235e-13 0.0822
2.3682e-13 0.0574
3.2739e-13 0.0494
4.2845e-13 0.0426
5.1729e-13 0.0391
4.4497e-13 0.0419
4.4008e-16 0.3259
6.9148e-16 0.3671
5.4074e-16 0.3287
7.6237e-16 0.3447
6.4381e-16 0.2941
6.3880e-15 0.2648
6.8428e-15 0.3131
1.5069e-14 0.2249
1.0504e-14 0.2486
6.4080e-16 0.3857
9.4681e-16 0.2552
7.3164e-16 0.4149
5.6807e-15 0.3040
1.2166e-14 0.2338
5.0688e-14 0.1359
7.5363e-14 0.1068
8.6853e-14 0.0961
8.0940e-14 0.1002
1.0327e-15 0.3261
0.0000e+00 1.0000
4.5578e-15 0.3810
2.1416e-14 0.1886
8.7120e-14 0.0945
2.0050e-13 0.0625
2.8254e-13 0.0529
3.2090e-13 0.0520
2.5695e-13 0.0562
5.3002e-16 0.3873
0.0000e+00 1.0000
1.1101e-14 0.2614
8.0210e-14 0.1005
2.4338e-13 0.0595
4.1300e-13 0.0441
5.2951e-13 0.0392
5.5938e-13 0.0383
5.0339e-13 0.0395
9.4110e-16 0.3098
5.8701e-15 0.3915
4.0498e-14 0.1376
1.7524e-13 0.0671
4.1299e-13 0.0450
6.1757e-13 0.0360
8.5781e-13 0.0306
1.0288e-12 0.0279
8.6391e-13 0.0305
0.0000e+00 1.0000
5.8549e-15 0.2901
8.0652e-14 0.1023
2.7057e-13 0.0554
5.0862e-13 0.0392
8.2922e-13 0.0312
2.8469e-12 0.0164
1.0651e-11 0.0077
2.9660e-12 0.0162
3.6867e-16 0.3350
7.1295e-15 0.3037
8.9809e-14 0.0934
3.2253e-13 0.0517
5.7210e-13 0.0374
1.0553e-12 0.0277
1.0648e-11 0.0077
1.2307e-09 0.0002
1.0767e-11 0.0077
1.4253e-15 0.4256
8.1312e-15 0.2762
7.7543e-14 0.0961
2.9171e-13 0.0520
4.9549e-13 0.0402
8.3594e-13 0.0311
2.8151e-12 0.0166
1.0692e-11 0.0077
2.9184e-12 0.0164
7.6707e-16 0.3236
3.5634e-15 0.3629
2.8647e-14 0.1706
1.7693e-13 0.0688
4.0529e-13 0.0444
5.6907e-13 0.0373
8.1990e-13 0.0313
1.1005e-12 0.0273
8.7439e-13 0.0304
4.9793e-16 0.3230
4.6086e-16 0.3629
1.1807e-15 0.2964
0.0000e+00 1.0000
0.0000e+00 1.0000
4.5363e-15 0.3969
4.5941e-15 0.2883
1.4975e-14 0.2142
7.1608e-15 0.2550
7.7964e-16 0.3104
0.0000e+00 1.0000
1.3735e-15 0.2361
2.1886e-15 0.3833
1.5338e-14 0.2062
5.4666e-14 0.1254
9.1696e-14 0.0903
1.2644e-13 0.0791
9.8891e-14 0.0864
1.0011e-15 0.4063
1.1976e-15 0.3834
4.1559e-15 0.3716
3.2195e-14 0.1421
1.2519e-13 0.0801
2.7839e-13 0.0529
4.4155e-13 0.0431
4.6564e-13 0.0418
4.2557e-13 0.0431
6.8383e-16 0.3192
1.0773e-15 0.3420
1.6566e-14 0.1946
1.1831e-13 0.0829
3.9835e-13 0.0457
6.9212e-13 0.0344
8.8863e-13 0.0300
9.8875e-13 0.0285
9.2584e-13 0.0296
1.1126e-15 0.3290
4.3287e-15 0.3491
6.7843e-14 0.1106
3.0640e-13 0.0515
7.0526e-13 0.0337
1.1163e-12 0.0270
1.6772e-12 0.0219
2.1303e-12 0.0194
1.6172e-12 0.0225
0.0000e+00 1.0000
7.1184e-15 0.2940
9.6110e-14 0.0911
4.5925e-13 0.0425
8.5941e-13 0.0301
1.6658e-12 0.0221
7.1315e-12 0.0102
3.2624e-11 0.0042
7.1503e-12 0.0101
3.9841e-16 0.3074
1.0736e-14 0.2388
1.2771e-13 0.0787
5.3572e-13 0.0384
1.0420e-12 0.0283
2.1990e-12 0.0193
3.2680e-11 0.0042
1.1731e-09 0.0003
3.2834e-11 0.0042
9.9301e-16 0.3040
1.0734e-14 0.2240
1.0959e-13 0.0866
4.4328e-13 0.0422
8.5839e-13 0.0311
1.6512e-12 0.0222
7.1671e-12 0.0101
3.2986e-11 0.0042
7.0684e-12 0.0102
8.1869e-16 0.3102
6.9502e-15 0.3504
4.9999e-14 0.1260
2.6369e-13 0.0555
6.8486e-13 0.0347
1.0646e-12 0.0278
1.6380e-12 0.0220
2.1500e-12 0.0193
1.6260e-12 0.0225
7.5014e-16 0.2784
8.9194e-16 0.3294
1.3329e-15 0.3364
9.5613e-16 0.4991
7.5690e-16 0.2822
2.1098e-15 0.3279
1.2748e-14 0.2159
1.1529e-14 0.2239
1.7902e-14 0.1973
0.0000e+00 1.0000
4.4654e-16 0.3304
1.0626e-15 0.2667
3.3373e-15 0.3656
2.4359e-14 0.1678
7.2695e-14 0.1023
1.3421e-13 0.0764
1.7627e-13 0.0677
1.4384e-13 0.0748
0.0000e+00 1.0000
1.8240e-15 0.3782
1.9984e-15 0.3453
3.2730e-14 0.1383
1.7887e-13 0.0668
4.2603e-13 0.0429
6.8186e-13 0.0349
7.8697e-13 0.0323
6.8080e-13 0.0349
0.0000e+00 1.0000
1.4739e-15 0.3946
2.6689e-14 0.1625
1.7954e-13 0.0682
6.1629e-13 0.0367
1.1704e-12 0.0271
1.6090e-12 0.0225
1.7725e-12 0.0215
1.5270e-12 0.0231
8.8240e-16 0.4518
6.1802e-15 0.3284
7.0649e-14 0.1018
4.4750e-13 0.0429
1.2026e-12 0.0264
1.9786e-12 0.0204
3.4102e-12 0.0156
4.4688e-12 0.0134
3.3544e-12 0.0157
0.0000e+00 1.0000
6.8542e-15 0.2775
1.2604e-13 0.0777
7.1148e-13 0.0341
1.5871e-12 0.0231
3.2898e-12 0.0157
1.7716e-11 0.0062
7.8076e-11 0.0026
1.7557e-11 0.0062
1.0998e-15 0.4496
1.7043e-14 0.2079
1.7395e-13 0.0684
7.7609e-13 0.0327
1.8134e-12 0.0213
4.5544e-12 0.0133
7.8148e-11 0.0026
9.8729e-10 0.0004
7.8132e-11 0.0026
2.0734e-15 0.2498
7.8767e-15 0.2732
1.2088e-13 0.0803
6.8407e-13 0.0341
1.5830e-12 0.0227
3.4526e-12 0.0154
1.7785e-11 0.0062
7.8076e-11 0.0026
1.7602e-11 0.0063
1.5736e-15 0.3068
6.5066e-15 0.3295
8.0177e-14 0.1017
4.4525e-13 0.0431
1.1337e-12 0.0271
1.9914e-12 0.0204
3.3281e-12 0.0156
4.6019e-12 0.0132
3.3216e-12 0.0157
9.9947e-16 0.2987
1.7007e-15 0.4171
1.6843e-15 0.3530
7.8826e-16 0.3983
3.4905e-15 0.3315
4.4331e-15 0.3256
1.1016e-14 0.2270
9.7363e-15 0.2276
6.4883e-15 0.3151
5.6040e-16 0.2783
3.3614e-16 0.3904
2.0537e-15 0.4478
4.4312e-15 0.4135
2.1552e-14 0.1872
7.6896e-14 0.0972
1.6309e-13 0.0696
2.2090e-13 0.0595
1.9568e-13 0.0635
1.7650e-15 0.4330
7.9620e-16 0.2262
1.0869e-15 0.2723
4.2702e-14 0.1251
2.2790e-13 0.0584
6.0681e-13 0.0364
1.0051e-12 0.0287
1.1930e-12 0.0264
1.0195e-12 0.0288
6.0655e-16 0.3072
1.4319e-15 0.2803
2.3824e-14 0.1580
2.5948e-13 0.0566
8.9861e-13 0.0304
1.8165e-12 0.0213
2.6235e-12 0.0178
3.0879e-12 0.0163
2.7339e-12 0.0175
1.2780e-15 0.3166
4.8496e-15 0.3082
1.0267e-13 0.0892
6.1915e-13 0.0368
1.7601e-12 0.0215
3.5063e-12 0.0153
6.6822e-12 0.0111
9.1588e-12 0.0092
6.5998e-12 0.0111
7.6384e-16 0.2793
6.0433e-15 0.2361
1.9234e-13 0.0624
1.0266e-12 0.0283
2.7134e-12 0.0176
6.6946e-12 0.0111
3.6039e-11 0.0043
1.2350e-10 0.0021
3.6194e-11 0.0043
1.0860e-15 0.3798
1.4036e-14 0.2088
2.2549e-13 0.0585
1.1896e-12 0.0266
3.0838e-12 0.0164
9.2227e-12 0.0092
1.2380e-10 0.0021
7.4331e-10 0.0006
1.2352e-10 0.0021
2.0796e-15 0.4924
5.6437e-15 0.2482
1.7628e-13 0.0681
1.0383e-12 0.0284
2.7438e-12 0.0175
6.5926e-12 0.0111
3.6152e-11 0.0043
1.2348e-10 0.0021
3.6173e-11 0.0043
1.0317e-15 0.2795
3.4594e-15 0.3367
8.4840e-14 0.0975
6.3785e-13 0.0356
1.8397e-12 0.0213
3.5707e-12 0.0154
6.6360e-12 0.0111
9.2749e-12 0.0092
6.5944e-12 0.0111
1.9647e-15 0.4602
1.3511e-15 0.3349
2.8128e-15 0.4433
1.5809e-15 0.3734
1.9416e-15 0.3589
4.8233e-15 0.2782
7.9858e-15 0.2547
9.2889e-15 0.2298
9.6019e-15 0.2290
5.4891e-16 0.3066
9.1024e-16 0.3158
1.0878e-15 0.2333
3.4897e-15 0.2709
1.9583e-14 0.1901
1.0072e-13 0.0862
2.1934e-13 0.0591
2.5834e-13 0.0541
2.2516e-13 0.0595
1.6389e-15 0.4415
0.0000e+00 1.0000
3.0868e-15 0.4629
4.4364e-14 0.1244
2.8595e-13 0.0533
7.8772e-13 0.0321
1.4752e-12 0.0240
1.6619e-12 0.0225
1.4506e-12 0.0240
8.9709e-16 0.3538
2.2090e-15 0.4077
1.7889e-14 0.1931
2.7779e-13 0.0526
1.2093e-12 0.0263
2.8354e-12 0.0174
4.3063e-12 0.0139
5.1125e-12 0.0128
4.2868e-12 0.0140
8.0652e-16 0.2424
2.0954e-15 0.3183
8.1307e-14 0.0897
8.3945e-13 0.0318
2.7157e-12 0.0175
6.1719e-12 0.0117
1.2039e-11 0.0081
1.6820e-11 0.0067
1.2048e-11 0.0082
9.6965e-16 0.2269
8.0554e-15 0.2234
1.9876e-13 0.0636
1.4273e-12 0.0241
4.3268e-12 0.0139
1.1792e-11 0.0082
5.6796e-11 0.0034
1.4688e-10 0.0019
5.6840e-11 0.0034
1.7081e-15 0.3785
1.2101e-14 0.2160
2.7892e-13 0.0520
1.7190e-12 0.0220
5.1273e-12 0.0128
1.7132e-11 0.0067
1.4730e-10 0.0019
5.3105e-10 0.0008
1.4689e-10 0.0019
2.8311e-15 0.4047
1.0337e-14 0.2430
2.0831e-13 0.0615
1.4457e-12 0.0238
4.4209e-12 0.0138
1.2004e-11 0.0082
5.6759e-11 0.0034
1.4681e-10 0.0019
5.6699e-11 0.0034
1.9422e-15 0.3501
4.8351e-15 0.3251
9.5255e-14 0.0894
8.2159e-13 0.0312
2.8207e-12 0.0173
6.1171e-12 0.0117
1.1922e-11 0.0082
1.6969e-11 0.0067
1.1815e-11 0.0082
0.0000e+00 1.0000
0.0000e+00 1.0000
8.2136e-16 0.2861
1.9901e-15 0.2855
2.0932e-15 0.2597
2.8506e-15 0.2854
5.4361e-15 0.2682
9.7957e-15 0.2305
6.1315e-15 0.2852
1.0450e-15 0.3572
6.3701e-16 0.3155
1.0844e-15 0.4230
2.3890e-15 0.3066
1.6897e-14 0.1886
1.0501e-13 0.0846
2.4033e-13 0.0560
2.9395e-13 0.0511
1.9388e-13 0.0606
1.3158e-15 0.2662
1.2878e-15 0.2547
2.9224e-15 0.3211
3.9334e-14 0.1300
2.9817e-13 0.0505
1.0129e-12 0.0283
1.8698e-12 0.0209
2.1691e-12 0.0197
1.8362e-12 0.0212
1.4990e-15 0.3440
1.9830e-15 0.3099
1.7738e-14 0.1794
3.0450e-13 0.0504
1.5275e-12 0.0233
3.9008e-12 0.0148
6.5094e-12 0.0114
7.6643e-12 0.0104
6.4343e-12 0.0114
0.0000e+00 1.0000
2.0990e-15 0.3765
1.0063e-13 0.0893
1.0368e-12 0.0279
3.8732e-12 0.0147
9.5467e-12 0.0094
1.9028e-11 0.0064
2.6305e-11 0.0053
1.9107e-11 0.0064
1.1489e-15 0.2455
9.5254e-15 0.2179
2.2453e-13 0.0575
1.8060e-12 0.0214
6.4587e-12 0.0115
1.8745e-11 0.0065
7.1762e-11 0.0030
1.4776e-10 0.0019
7.2044e-11 0.0030
1.4438e-15 0.2438
1.0800e-14 0.2041
3.1808e-13 0.0487
2.2936e-12 0.0192
7.7258e-12 0.0104
2.6227e-11 0.0053
1.4790e-10 0.0019
3.7503e-10 0.0010
1.4831e-10 0.0019
2.1966e-15 0.2903
7.5343e-15 0.2743
2.0258e-13 0.0609
1.7974e-12 0.0215
6.4173e-12 0.0114
1.8774e-11 0.0064
7.2004e-11 0.0030
1.4777e-10 0.0019
7.1932e-11 0.0030
1.7977e-15 0.2792
3.7327e-15 0.3151
8.4786e-14 0.0897
1.0307e-12 0.0283
3.8923e-12 0.0148
9.4647e-12 0.0094
1.8827e-11 0.0064
2.6445e-11 0.0053
1.8724e-11 0.0065
5.4787e-16 0.3173
1.3949e-15 0.3119
1.7418e-15 0.4156
2.3594e-15 0.3563
3.6850e-15 0.3353
2.9204e-15 0.3486
5.6426e-15 0.2608
1.1079e-14 0.2310
5.3801e-15 0.2682
8.5337e-16 0.2893
1.5116e-15 0.3901
2.4178e-15 0.2859
2.0536e-15 0.3396
1.4823e-14 0.1975
8.2770e-14 0.0893
2.1872e-13 0.0565
2.5895e-13 0.0535
2.1032e-13 0.0588
2.2814e-15 0.4205
1.8493e-15 0.3585
2.7899e-15 0.3031
2.6343e-14 0.1430
2.9159e-13 0.0508
1.0886e-12 0.0269
2.1936e-12 0.0193
2.6703e-12 0.0176
2.2785e-12 0.0190
0.0000e+00 1.0000
2.8415e-15 0.3820
1.4194e-14 0.2017
2.5955e-13 0.0533
1.7753e-12 0.0217
4.9349e-12 0.0131
8.7033e-12 0.0098
1.0305e-11 0.0089
8.8883e-12 0.0098
1.5974e-15 0.2983
2.5874e-15 0.3172
8.6310e-14 0.0933
1.0480e-12 0.0277
4.9084e-12 0.0131
1.2781e-11 0.0081
2.5710e-11 0.0055
3.4419e-11 0.0046
2.5734e-11 0.0055
1.5593e-15 0.2213
2.9885e-15 0.2601
2.0186e-13 0.0591
2.1394e-12 0.0196
8.6369e-12 0.0098
2.5503e-11 0.0055
7.7957e-11 0.0028
1.3502e-10 0.0020
7.8040e-11 0.0028
2.0992e-15 0.3641
7.9422e-15 0.2397
2.8815e-13 0.0501
2.6916e-12 0.0175
1.0526e-11 0.0089
3.4347e-11 0.0046
1.3538e-10 0.0020
2.6787e-10 0.0013
1.3539e-10 0.0020
2.8674e-15 0.3097
5.2295e-15 0.2968
2.1367e-13 0.0583
2.2141e-12 0.0192
8.7365e-12 0.0097
2.5560e-11 0.0055
7.8187e-11 0.0028
1.3522e-10 0.0020
7.8403e-11 0.0028
2.2569e-15 0.3590
2.6925e-15 0.3696
6.4840e-14 0.0984
1.0630e-12 0.0275
4.8794e-12 0.0132
1.2768e-11 0.0080
2.5333e-11 0.0055
3.4434e-11 0.0046
2.5426e-11 0.0055
3.5567e-15 0.4710
1.5902e-15 0.4891
1.8429e-15 0.2734
2.2971e-15 0.3808
1.6516e-15 0.3483
1.2208e-15 0.2792
2.0066e-15 0.2334
5.1924e-15 0.3782
4.6824e-15 0.2911
1.4864e-15 0.2973
2.2321e-15 0.3783
3.0745e-15 0.3536
1.0857e-15 0.3006
7.9619e-15 0.2423
4.8289e-14 0.1070
1.5327e-13 0.0660
2.0037e-13 0.0599
1.4906e-13 0.0664
1.1385e-15 0.3595
2.9375e-15 0.3013
2.4405e-15 0.3052
1.7243e-14 0.1767
2.4330e-13 0.0549
1.0420e-12 0.0273
2.2547e-12 0.0189
2.7956e-12 0.0168
2.2233e-12 0.0189
1.0993e-15 0.2506
1.4786e-15 0.4476
5.9194e-15 0.2464
1.8169e-13 0.0607
1.6676e-12 0.0218
5.5570e-12 0.0123
1.0254e-11 0.0090
1.2331e-11 0.0082
1.0103e-11 0.0090
2.3838e-15 0.4860
1.7343e-15 0.2457
4.2260e-14 0.1128
9.7338e-13 0.0283
5.5236e-12 0.0123
1.5340e-11 0.0073
3.0183e-11 0.0050
3.9132e-11 0.0043
2.9947e-11 0.0050
1.5291e-15 0.2604
3.4838e-15 0.2925
1.5148e-13 0.0658
2.2132e-12 0.0192
1.0234e-11 0.0090
3.0141e-11 0.0050
7.6813e-11 0.0029
1.1709e-10 0.0022
7.6698e-11 0.0029
1.7730e-15 0.2545
4.8427e-15 0.2948
2.2885e-13 0.0570
2.8287e-12 0.0170
1.2474e-11 0.0081
3.9195e-11 0.0043
1.1700e-10 0.0022
1.9502e-10 0.0016
1.1710e-10 0.0022
1.7780e-15 0.3951
4.1144e-15 0.2873
1.5203e-13 0.0641
2.2888e-12 0.0187
1.0324e-11 0.0089
3.0150e-11 0.0050
7.6550e-11 0.0029
1.1718e-10 0.0022
7.6897e-11 0.0029
1.2561e-15 0.2635
2.0255e-15 0.2134
5.2312e-14 0.1117
1.0168e-12 0.0274
5.3904e-12 0.0124
1.5135e-11 0.0073
2.9936e-11 0.0050
3.9090e-11 0.0043
3.0104e-11 0.0050
0.0000e+00 1.0000
1.5567e-15 0.4021
1.6204e-15 0.4702
2.7097e-15 0.3593
2.3935e-15 0.3388
4.9033e-15 0.3312
4.1496e-15 0.2320
2.9597e-15 0.3054
3.9761e-15 0.2616
2.5498e-15 0.3894
0.0000e+00 1.0000
2.5241e-15 0.3426
2.1372e-15 0.2916
3.5486e-15 0.2152
2.9120e-14 0.1378
8.8442e-14 0.0834
1.2290e-13 0.0717
9.3374e-14 0.0806
2.0361e-15 0.4591
2.1724e-15 0.3711
3.0405e-15 0.4252
1.2558e-14 0.1863
1.3813e-13 0.0692
8.3415e-13 0.0299
1.9250e-12 0.0200
2.4699e-12 0.0178
1.8930e-12 0.0203
1.0667e-15 0.3585
1.4048e-15 0.2697
3.7629e-15 0.3208
1.3207e-13 0.0708
1.4240e-12 0.0233
5.4102e-12 0.0122
1.0591e-11 0.0088
1.2931e-11 0.0079
1.0399e-11 0.0089
1.4343e-15 0.2209
0.0000e+00 1.0000
2.8212e-14 0.1459
7.5732e-13 0.0312
5.3107e-12 0.0124
1.6099e-11 0.0071
3.1272e-11 0.0049
4.0104e-11 0.0042
3.1453e-11 0.0049
2.0261e-15 0.2473
2.6633e-15 0.4322
9.7627e-14 0.0811
1.8566e-12 0.0205
1.0540e-11 0.0088
3.1346e-11 0.0049
7.0277e-11 0.0030
9.8207e-11 0.0025
7.0041e-11 0.0030
1.4799e-15 0.2357
3.1663e-15 0.2290
1.3215e-13 0.0698
2.5156e-12 0.0176
1.3051e-11 0.0078
3.9953e-11 0.0043
9.8410e-11 0.0025
1.4472e-10 0.0019
9.8257e-11 0.0025
3.8808e-15 0.3602
7.0652e-15 0.3117
1.0367e-13 0.0788
1.9563e-12 0.0201
1.0683e-11 0.0088
3.1462e-11 0.0049
7.0507e-11 0.0030
9.8144e-11 0.0025
7.0561e-11 0.0030
1.4781e-15 0.2677
1.7101e-15 0.2561
3.0934e-14 0.1328
7.8685e-13 0.0310
5.2859e-12 0.0124
1.6075e-11 0.0071
3.1264e-11 0.0049
3.9961e-11 0.0043
3.1917e-11 0.0049
1.0945e-15 0.2412
1.5530e-15 0.3229
8.5997e-16 0.2594
2.6067e-15 0.2807
1.9777e-15 0.2980
2.8030e-15 0.2370
3.1357e-15 0.2778
2.2167e-15 0.2501
4.3424e-15 0.2533
2.1782e-15 0.3728
1.2218e-15 0.4133
2.1484e-15 0.2053
1.7598e-15 0.2422
4.8675e-15 0.2838
1.2403e-14 0.2113
4.7902e-14 0.1057
5.4216e-14 0.0954
4.6150e-14 0.1089
1.1939e-15 0.2987
1.3550e-15 0.2613
3.7554e-15 0.2394
8.7104e-15 0.2728
6.7267e-14 0.0965
4.7239e-13 0.0380
1.3231e-12 0.0235
1.8342e-12 0.0202
1.3455e-12 0.0231
9.4818e-16 0.3381
2.7121e-15 0.4259
3.7206e-15 0.2499
6.6302e-14 0.0889
9.7120e-13 0.0276
4.4051e-12 0.0134
9.3971e-12 0.0092
1.1994e-11 0.0082
9.2184e-12 0.0093
8.1782e-16 0.2449
2.4228e-15 0.2813
1.4928e-14 0.1862
4.5336e-13 0.0386
4.2973e-12 0.0135
1.4767e-11 0.0073
2.9157e-11 0.0051
3.7074e-11 0.0045
2.9337e-11 0.0051
3.6547e-15 0.3525
2.6971e-15 0.1892
4.3402e-14 0.1111
1.2733e-12 0.0240
9.2231e-12 0.0093
2.9188e-11 0.0051
6.1036e-11 0.0033
8.0559e-11 0.0028
6.0699e-11 0.0033
1.5345e-15 0.2161
4.6836e-15 0.2350
7.3983e-14 0.0881
1.8429e-12 0.0202
1.1836e-11 0.0082
3.6912e-11 0.0045
8.0560e-11 0.0028
1.0916e-10 0.0023
8.0185e-11 0.0028
3.5315e-15 0.2937
3.9189e-15 0.2451
4.5597e-14 0.1115
1.3308e-12 0.0233
9.1635e-12 0.0093
2.9450e-11 0.0051
6.0903e-11 0.0033
8.0225e-11 0.0028
6.1116e-11 0.0033
1.3399e-15 0.2507
3.7920e-15 0.2832
1.3377e-14 0.1657
4.9150e-13 0.0379
4.3385e-12 0.0135
1.4819e-11 0.0073
2.9240e-11 0.0051
3.6996e-11 0.0045
2.9611e-11 0.0051
1.3960e-15 0.3635
1.2221e-15 0.2335
1.0537e-15 0.2404
3.0301e-15 0.3313
3.3185e-15 0.2755
2.4266e-15 0.2939
3.4673e-15 0.2277
4.2264e-15 0.2346
7.5717e-15 0.2343
1.6432e-15 0.3843
5.1134e-15 0.4415
4.9214e-15 0.3123
3.9320e-15 0.2826
3.5073e-15 0.2630
5.5017e-15 0.2123
1.5159e-14 0.1650
2.2642e-14 0.1548
1.6372e-14 0.1547
2.1341e-15 0.3269
4.2202e-15 0.3738
3.8721e-15 0.2378
3.2896e-15 0.2402
2.6831e-14 0.1430
1.8834e-13 0.0560
7.0334e-13 0.0312
1.0557e-12 0.0261
7.5508e-13 0.0300
2.3327e-15 0.4737
2.9532e-15 0.4495
3.3263e-15 0.2288
2.3014e-14 0.1348
5.0802e-13 0.0361
2.8599e-12 0.0161
6.7720e-12 0.0106
9.1045e-12 0.0092
6.8471e-12 0.0106
9.6629e-16 0.2425
2.0494e-15 0.2625
5.9209e-15 0.1968
2.0900e-13 0.0543
2.7826e-12 0.0163
1.1581e-11 0.0082
2.3935e-11 0.0056
3.0765e-11 0.0049
2.3908e-11 0.0056
2.3093e-15 0.2720
3.3759e-15 0.2585
1.4870e-14 0.1846
7.3423e-13 0.0307
6.8562e-12 0.0106
2.4052e-11 0.0056
4.9525e-11 0.0037
6.2846e-11 0.0033
4.9141e-11 0.0038
4.2190e-15 0.2922
3.8816e-15 0.2095
2.3057e-14 0.1409
1.0428e-12 0.0257
8.9315e-12 0.0093
3.0528e-11 0.0049
6.3009e-11 0.0032
8.2133e-11 0.0028
6.3226e-11 0.0032
2.9169e-15 0.3568
2.7102e-15 0.1977
1.3434e-14 0.1843
7.1456e-13 0.0306
6.7746e-12 0.0106
2.4310e-11 0.0056
4.9676e-11 0.0037
6.3090e-11 0.0032
4.9348e-11 0.0038
3.9703e-15 0.3792
3.9283e-15 0.3137
6.6076e-15 0.1777
2.2970e-13 0.0534
2.7813e-12 0.0162
1.1707e-11 0.0081
2.4200e-11 0.0056
3.0570e-11 0.0049
2.4358e-11 0.0056
2.6197e-15 0.3451
1.8027e-15 0.3364
2.2626e-15 0.4249
3.6076e-15 0.3576
4.1766e-15 0.3615
6.5523e-15 0.3264
4.2602e-15 0.3074
3.4518e-15 0.2170
4.5797e-15 0.2166
2.7377e-15 0.4208
2.7934e-15 0.2673
4.6231e-15 0.3187
3.4627e-15 0.3524
4.9825e-15 0.2702
6.6944e-15 0.2835
6.7496e-15 0.1735
6.7584e-15 0.1815
8.4366e-15 0.2071
1.9673e-15 0.3326
1.7511e-15 0.2415
3.6611e-15 0.2589
3.7082e-15 0.2801
1.2410e-14 0.1850
6.0284e-14 0.0978
2.3738e-13 0.0499
4.2891e-13 0.0388
2.7026e-13 0.0477
1.6064e-15 0.4022
1.5252e-15 0.2567
5.9698e-15 0.2483
9.4656e-15 0.1878
1.6924e-13 0.0584
1.4118e-12 0.0221
3.8441e-12 0.0137
5.4800e-12 0.0116
3.9084e-12 0.0136
3.1072e-15 0.3074
2.5478e-15 0.2809
4.5464e-15 0.2273
5.6460e-14 0.0949
1.3879e-12 0.0223
7.2575e-12 0.0101
1.7053e-11 0.0066
2.2116e-11 0.0058
1.6910e-11 0.0066
1.1251e-15 0.3033
3.6715e-15 0.3125
4.4857e-15 0.2075
2.6060e-13 0.0472
3.9306e-12 0.0136
1.7032e-11 0.0066
3.6250e-11 0.0044
4.5775e-11 0.0039
3.6046e-11 0.0045
3.1156e-15 0.2971
5.4176e-15 0.2398
1.1146e-14 0.2019
4.0521e-13 0.0389
5.4074e-12 0.0117
2.1722e-11 0.0058
4.6106e-11 0.0039
5.8957e-11 0.0034
4.5838e-11 0.0039
3.0960e-15 0.2837
5.1708e-15 0.3008
8.0376e-15 0.1946
2.9391e-13 0.0451
3.9297e-12 0.0137
1.7098e-11 0.0066
3.6212e-11 0.0044
4.6197e-11 0.0039
3.5968e-11 0.0045
3.2269e-15 0.3174
3.8984e-15 0.2629
7.2562e-15 0.1926
7.4583e-14 0.0851
1.3827e-12 0.0222
7.4606e-12 0.0100
1.6955e-11 0.0067
2.1712e-11 0.0058
1.7002e-11 0.0066
3.2824e-15 0.4769
1.7624e-15 0.2920
1.8512e-15 0.4926
4.4843e-15 0.3805
3.3465e-15 0.2503
3.3450e-15 0.2295
3.4884e-15 0.2673
4.6227e-15 0.2422
2.3117e-15 0.2495
2.1862e-15 0.3279
3.1044e-15 0.3266
3.5792e-15 0.3375
2.4830e-15 0.2158
2.9311e-15 0.2222
5.7333e-15 0.1893
7.7543e-15 0.2062
7.2940e-15 0.2027
6.3876e-15 0.2052
1.6772e-15 0.3681
3.4976e-15 0.2548
4.2875e-15 0.2786
8.9531e-15 0.2389
6.1222e-15 0.2456
2.2381e-14 0.1344
6.7157e-14 0.0862
1.2993e-13 0.0655
6.6824e-14 0.0906
1.9084e-15 0.3699
1.8324e-15 0.2710
4.4055e-15 0.2258
9.6737e-15 0.2437
4.2565e-14 0.1082
4.3407e-13 0.0378
1.6116e-12 0.0206
2.3812e-12 0.0168
1.5810e-12 0.0206
3.8157e-15 0.2898
3.5365e-15 0.2432
4.2755e-15 0.2326
1.5098e-14 0.1521
4.2197e-13 0.0375
3.4258e-12 0.0143
9.4594e-12 0.0087
1.2437e-11 0.0076
9.1983e-12 0.0088
1.4163e-15 0.2587
1.8445e-15 0.1864
5.8442e-15 0.1857
6.6889e-14 0.0876
1.5936e-12 0.0204
9.3835e-12 0.0088
2.2446e-11 0.0057
2.8983e-11 0.0049
2.2250e-11 0.0057
5.5288e-15 0.3135
4.5430e-15 0.2337
6.6882e-15 0.1745
1.0836e-13 0.0674
2.2778e-12 0.0172
1.2715e-11 0.0076
2.9181e-11 0.0049
3.7908e-11 0.0043
2.8873e-11 0.0050
2.1194e-15 0.2927
4.1688e-15 0.2542
7.4416e-15 0.1778
7.3415e-14 0.0846
1.6319e-12 0.0202
9.3618e-12 0.0088
2.2426e-11 0.0057
2.9114e-11 0.0049
2.2190e-11 0.0057
2.3806e-15 0.3298
4.0347e-15 0.2387
7.7593e-15 0.2389
2.1725e-14 0.1261
4.6100e-13 0.0367
3.4153e-12 0.0143
9.2451e-12 0.0088
1.2561e-11 0.0076
9.3596e-12 0.0088
1.1662e-15 0.2966
2.3724e-15 0.3018
1.6824e-15 0.3029
2.7604e-15 0.3383
2.7776e-15 0.2832
4.0849e-15 0.2875
4.9712e-15 0.2240
4.7439e-15 0.2341
3.5857e-15 0.2411
1.8101e-15 0.3421
2.0995e-15 0.4372
3.7985e-15 0.3528
4.8452e-15 0.2343
4.3429e-15 0.1997
6.8703e-15 0.2253
9.1421e-15 0.1736
9.6927e-15 0.2104
7.6260e-15 0.2564
2.1738e-15 0.4616
1.6583e-15 0.2206
4.5670e-15 0.3195
6.7017e-15 0.2099
9.6910e-15 0.2107
1.3814e-14 0.1594
1.8172e-14 0.1375
2.8485e-14 0.1181
1.8729e-14 0.1458
1.9826e-15 0.3201
2.5050e-15 0.2020
4.0941e-15 0.3463
8.4764e-15 0.1965
1.3294e-14 0.1506
8.5154e-14 0.0771
3.9661e-13 0.0386
6.1883e-13 0.0313
3.7848e-13 0.0391
2.8803e-15 0.3071
2.2219e-15 0.2106
4.9463e-15 0.1993
8.2616e-15 0.1880
9.2532e-14 0.0734
1.0153e-12 0.0249
3.5579e-12 0.0137
5.1927e-12 0.0115
3.5310e-12 0.0138
2.4470e-15 0.2607
2.8434e-15 0.2357
6.2665e-15 0.2029
1.9164e-14 0.1528
4.0150e-13 0.0381
3.4726e-12 0.0138
1.0424e-11 0.0081
1.4355e-11 0.0070
1.0266e-11 0.0082
3.2070e-15 0.2382
3.9708e-15 0.2923
6.3094e-15 0.2611
2.0857e-14 0.1460
6.3362e-13 0.0305
5.1852e-12 0.0115
1.4235e-11 0.0070
1.9500e-11 0.0060
1.4160e-11 0.0070
4.4784e-15 0.2531
4.3274e-15 0.2533
5.8355e-15 0.1885
2.0471e-14 0.1258
3.9189e-13 0.0380
3.5376e-12 0.0137
1.0353e-11 0.0082
1.4567e-11 0.0070
1.0179e-11 0.0083
1.0252e-15 0.2241
5.5566e-15 0.2448
6.3548e-15 0.2228
9.7901e-15 0.2089
7.2718e-14 0.0811
9.8862e-13 0.0249
3.4926e-12 0.0138
5.1928e-12 0.0114
3.5044e-12 0.0138
2.1021e-15 0.3465
2.3305e-15 0.3077
0.0000e+00 1.0000
1.5440e-15 0.2951
2.4991e-15 0.2353
5.3749e-15 0.2859
7.2516e-15 0.2132
6.9103e-15 0.2587
3.9442e-15 0.2470
1.1278e-15 0.2419
1.9090e-15 0.2605
4.1548e-15 0.2481
5.6054e-15 0.2394
5.8214e-15 0.2019
7.2485e-15 0.2337
1.0359e-14 0.1877
1.0647e-14 0.2104
7.4406e-15 0.1883
1.7814e-15 0.3496
2.9144e-15 0.2353
4.6135e-15 0.3994
4.8426e-15 0.2004
8.0048e-15 0.2001
1.2084e-14 0.1495
1.2570e-14 0.1728
1.5141e-14 0.1765
1.2575e-14 0.1621
3.0203e-15 0.2544
2.1935e-15 0.2331
3.5374e-15 0.2302
6.9357e-15 0.1901
1.4568e-14 0.1508
2.7790e-14 0.1176
6.2782e-14 0.0860
9.3143e-14 0.0721
5.9819e-14 0.0832
1.8687e-15 0.1811
2.7270e-15 0.2513
7.5497e-15 0.2655
1.3773e-14 0.1902
2.5043e-14 0.1269
1.8209e-13 0.0542
7.5467e-13 0.0277
1.2380e-12 0.0220
7.4522e-13 0.0282
1.6609e-15 0.2460
4.7798e-15 0.2613
7.6298e-15 0.1719
1.2475e-14 0.1505
6.8265e-14 0.0847
7.6459e-13 0.0275
3.1366e-12 0.0143
4.6404e-12 0.0119
3.0017e-12 0.0147
2.6104e-15 0.2775
4.2638e-15 0.3211
7.0150e-15 0.2270
1.5843e-14 0.1620
1.1189e-13 0.0666
1.2427e-12 0.0219
4.5794e-12 0.0120
6.7915e-12 0.0099
4.5516e-12 0.0120
6.2895e-15 0.2894
3.7530e-15 0.2223
8.0230e-15 0.2204
1.8417e-14 0.1507
7.2506e-14 0.0800
7.7950e-13 0.0271
3.0733e-12 0.0144
4.6274e-12 0.0118
3.0194e-12 0.0145
3.2465e-15 0.3193
7.0051e-15 0.2969
6.1293e-15 0.2350
1.1731e-14 0.2131
2.5260e-14 0.1226
1.7525e-13 0.0534
7.6195e-13 0.0276
1.2415e-12 0.0220
8.0363e-13 0.0274
2.2053e-15 0.2918
1.6882e-15 0.3597
2.4481e-15 0.2996
3.5082e-15 0.2618
5.4893e-15 0.2312
3.5297e-15 0.2279
6.7947e-15 0.2500
5.5801e-15 0.2083
3.7657e-15 0.2249
1.5939e-15 0.3434
2.1558e-15 0.2619
5.8246e-15 0.3237
3.4004e-15 0.3310
6.1126e-15 0.2971
9.2987e-15 0.1999
7.9684e-15 0.2403
9.7062e-15 0.2210
7.0786e-15 0.1842
1.9033e-15 0.2708
2.6624e-15 0.2200
3.7746e-15 0.2530
5.0016e-15 0.2347
1.0219e-14 0.1800
1.1774e-14 0.1495
1.9298e-14 0.1720
1.1377e-14 0.1636
1.4823e-14 0.1586
1.7784e-15 0.2926
2.0365e-15 0.2537
6.2659e-15 0.2529
8.4028e-15 0.1946
1.1827e-14 0.1708
1.6968e-14 0.1380
3.0780e-14 0.1166
2.8907e-14 0.1185
2.2872e-14 0.1238
2.4838e-15 0.3421
2.5339e-15 0.3322
4.3718e-15 0.1875
1.3671e-14 0.1731
2.1238e-14 0.1459
3.9277e-14 0.1114
1.0939e-13 0.0641
1.6913e-13 0.0537
1.1381e-13 0.0671
3.7796e-15 0.3036
3.2174e-15 0.2419
9.1887e-15 0.2093
1.4301e-14 0.1879
2.4766e-14 0.1284
1.0940e-13 0.0617
4.5307e-13 0.0338
7.5100e-13 0.0273
4.4520e-13 0.0350
2.8898e-15 0.2916
5.6672e-15 0.2708
9.0801e-15 0.1998
1.9036e-14 0.1451
3.1994e-14 0.1149
1.8178e-13 0.0515
7.7075e-13 0.0269
1.2903e-12 0.0212
7.9725e-13 0.0263
3.8405e-15 0.2274
3.2338e-15 0.2211
6.6433e-15 0.1937
2.5280e-14 0.1529
2.9151e-14 0.1279
1.0737e-13 0.0656
4.3704e-13 0.0353
8.0530e-13 0.0263
4.6373e-13 0.0338
3.1664e-15 0.2760
4.8740e-15 0.3173
5.7509e-15 0.1881
1.3545e-14 0.1638
1.5871e-14 0.1267
3.7971e-14 0.1097
9.2966e-14 0.0719
1.5166e-13 0.0545
9.9855e-14 0.0661
2.1621e-15 0.3655
2.2380e-15 0.3158
2.8177e-15 0.2550
2.6066e-15 0.2197
3.9920e-15 0.3276
5.5165e-15 0.2551
5.9510e-15 0.2272
4.3658e-15 0.2159
8.3324e-15 0.2267
3.5746e-15 0.3366
3.8599e-15 0.3318
4.0710e-15 0.2343
2.2643e-15 0.2226
7.2666e-15 0.2025
7.5544e-15 0.1776
9.6957e-15 0.2367
9.7006e-15 0.2300
8.4140e-15 0.2206
1.7926e-15 0.3497
3.4155e-15 0.4004
4.3904e-15 0.2875
4.8974e-15 0.2384
1.1143e-14 0.1960
8.6386e-15 0.1383
1.5581e-14 0.1613
1.4674e-14 0.1536
1.3901e-14 0.1444
2.9032e-15 0.3728
4.2704e-15 0.2555
6.3945e-15 0.1957
9.4920e-15 0.2088
1.4008e-14 0.1903
1.6210e-14 0.1407
3.1756e-14 0.1248
2.2223e-14 0.1144
2.5512e-14 0.1330
2.6938e-15 0.3380
2.8962e-15 0.3085
6.3640e-15 0.2496
1.3301e-14 0.1895
1.9442e-14 0.1618
2.9539e-14 0.1228
4.9940e-14 0.0931
4.9252e-14 0.0851
5.2956e-14 0.0984
5.6386e-15 0.2968
3.0616e-15 0.1784
9.3795e-15 0.2162
1.3718e-14 0.1717
1.9286e-14 0.1272
4.1965e-14 0.1003
9.3951e-14 0.0698
1.3186e-13 0.0610
9.0544e-14 0.0748
3.9521e-15 0.3368
5.2828e-15 0.2608
1.1067e-14 0.1946
1.8426e-14 0.1624
2.9814e-14 0.1308
5.0513e-14 0.0905
1.4115e-13 0.0575
2.2602e-13 0.0473
1.3595e-13 0.0581
2.4319e-15 0.2782
4.4633e-15 0.2268
8.7189e-15 0.1931
1.9226e-14 0.1504
2.6620e-14 0.1228
4.7777e-14 0.0948
9.7959e-14 0.0709
1.3531e-13 0.0601
9.4510e-14 0.0709
5.2559e-15 0.2763
3.8297e-15 0.2486
4.9943e-15 0.1765
1.5326e-14 0.1624
1.6211e-14 0.1663
3.0516e-14 0.1124
4.3499e-14 0.1006
5.8318e-14 0.0858
5.2450e-14 0.0968
3.0498e-15 0.3717
2.4351e-15 0.3091
2.3924e-15 0.4026
2.5732e-15 0.2325
4.9606e-15 0.2029
6.5823e-15 0.2787
5.7536e-15 0.3021
6.3911e-15 0.2339
4.5509e-15 0.2697
1.8846e-15 0.3870
3.7824e-15 0.3201
2.5786e-15 0.2359
3.4638e-15 0.2731
8.0160e-15 0.2243
7.4678e-15 0.1807
8.9019e-15 0.2053
9.2820e-15 0.1967
7.2589e-15 0.1923
1.3196e-15 0.3365
2.9030e-15 0.4297
3.7691e-15 0.3112
7.9174e-15 0.2136
9.3729e-15 0.1872
8.8354e-15 0.1741
1.6048e-14 0.1656
1.6357e-14 0.1867
1.0741e-14 0.1865
1.9676e-15 0.2942
3.5924e-15 0.2389
4.7179e-15 0.2092
7.9963e-15 0.1892
1.3139e-14 0.1855
2.0548e-14 0.1548
2.4832e-14 0.1332
2.7798e-14 0.1312
2.5650e-14 0.1296
3.1870e-15 0.2394
4.1180e-15 0.3578
7.3934e-15 0.1781
1.4684e-14 0.1711
1.5586e-14 0.1566
2.5049e-14 0.1304
4.1487e-14 0.1011
4.7309e-14 0.0992
5.1602e-14 0.0923
2.4751e-15 0.2616
3.7757e-15 0.2485
6.5769e-15 0.2077
1.1609e-14 0.1772
1.6859e-14 0.1321
5.1834e-14 0.1009
7.6060e-14 0.0819
8.8872e-14 0.0737
6.9808e-14 0.0794
3.3243e-15 0.2435
3.9621e-15 0.2311
8.2254e-15 0.2330
1.7081e-14 0.1562
2.2694e-14 0.1325
5.7405e-14 0.0870
9.7061e-14 0.0694
1.4309e-13 0.0592
9.7401e-14 0.0663
3.3110e-15 0.3403
4.6597e-15 0.1841
1.0236e-14 0.2473
1.9922e-14 0.1535
2.5760e-14 0.1390
4.3932e-14 0.0967
7.8918e-14 0.0789
9.6604e-14 0.0737
7.3559e-14 0.0772
3.2227e-15 0.3622
3.0021e-15 0.1960
8.4388e-15 0.2387
1.4652e-14 0.1907
1.9106e-14 0.1664
2.9696e-14 0.1338
4.3501e-14 0.1063
4.3453e-14 0.0971
3.8494e-14 0.1069
1.0052e-15 0.3896
2.0405e-15 0.3075
1.5971e-15 0.3502
2.9487e-15 0.2433
5.5529e-15 0.2298
4.9356e-15 0.2176
8.1078e-15 0.3340
7.2454e-15 0.2251
5.4806e-15 0.2228
2.1202e-15 0.2478
2.7285e-15 0.3278
3.8771e-15 0.3251
5.8516e-15 0.2289
6.4147e-15 0.2299
5.9391e-15 0.1920
9.5247e-15 0.1870
1.0480e-14 0.2214
6.5776e-15 0.1836
3.6978e-15 0.3707
4.5190e-15 0.3726
4.7909e-15 0.2012
6.2528e-15 0.2445
1.0351e-14 0.2104
1.2112e-14 0.1989
1.5806e-14 0.1577
1.5418e-14 0.1692
1.2839e-14 0.1795
1.8141e-15 0.2948
3.2713e-15 0.2100
6.3679e-15 0.2443
7.8351e-15 0.2095
1.0665e-14 0.1789
1.5094e-14 0.1516
2.4868e-14 0.1267
2.8969e-14 0.1230
2.2912e-14 0.1352
4.3357e-15 0.2887
4.4830e-15 0.3975
7.7687e-15 0.2092
1.4419e-14 0.1804
1.8353e-14 0.1686
3.0765e-14 0.1244
4.2707e-14 0.1070
4.4642e-14 0.1030
4.4722e-14 0.1008
2.4567e-15 0.2642
5.8156e-15 0.2698
9.9559e-15 0.2105
1.1696e-14 0.1532
2.1123e-14 0.1304
4.6973e-14 0.0983
6.2558e-14 0.0812
8.9215e-14 0.0812
5.9628e-14 0.0908
3.5927e-15 0.2931
4.4200e-15 0.3074
1.2748e-14 0.1947
1.2376e-14 0.1850
2.4720e-14 0.1396
5.4884e-14 0.0936
8.0546e-14 0.0721
1.2880e-13 0.0600
9.1960e-14 0.0695
2.3775e-15 0.2670
6.6829e-15 0.2153
1.3804e-14 0.1701
1.8939e-14 0.1539
2.5612e-14 0.1327
4.0879e-14 0.1058
7.0935e-14 0.0836
9.2910e-14 0.0706
6.4768e-14 0.0845
4.3406e-15 0.2450
4.4735e-15 0.2579
9.1177e-15 0.2020
1.3163e-14 0.1781
1.5611e-14 0.1462
2.1817e-14 0.1295
3.4842e-14 0.1125
5.3472e-14 0.0935
3.7078e-14 0.1048
