     9      9     20
d_kernel   u_kernel

2.2397e-16 0.3932
2.6876e-16 0.3932
4.2855e-16 0.2940
4.9115e-16 0.3735
6.6338e-16 0.2803
6.8882e-16 0.3649
0.0000e+00 1.0000
1.2451e-15 0.4240
8.3216e-16 0.4222
5.9920e-16 0.3934
1.6977e-16 0.4416
6.6080e-16 0.3560
1.1769e-15 0.4048
1.6136e-15 0.3538
1.1661e-15 0.3109
4.9454e-15 0.2804
8.3760e-15 0.2560
9.4279e-15 0.2460
5.4626e-16 0.4064
7.0607e-16 0.2956
6.4413e-16 0.3026
9.7972e-16 0.2866
1.5780e-14 0.1918
4.4915e-14 0.1286
1.3042e-13 0.0784
1.9015e-13 0.0670
1.1789e-13 0.0801
0.0000e+00 1.0000
0.0000e+00 1.0000
1.3722e-15 0.3159
1.0615e-14 0.2052
1.1456e-13 0.0851
3.1916e-13 0.0513
5.2634e-13 0.0387
6.2967e-13 0.0360
5.2512e-13 0.0395
9.7478e-16 0.3865
8.2600e-16 0.2633
4.2872e-15 0.3947
6.0869e-14 0.1090
3.2037e-13 0.0498
6.5669e-13 0.0347
9.6199e-13 0.0283
1.0186e-12 0.0276
9.6021e-13 0.0291
0.0000e+00 1.0000
7.4061e-16 0.2714
5.2549e-15 0.3216
1.2442e-13 0.0763
5.2177e-13 0.0396
9.6649e-13 0.0289
1.9203e-12 0.0204
5.1912e-12 0.0115
1.8530e-12 0.0208
0.0000e+00 1.0000
0.0000e+00 1.0000
9.5036e-15 0.2210
1.6828e-13 0.0688
6.2774e-13 0.0354
1.0086e-12 0.0279
5.2715e-12 0.0115
1.2259e-09 0.0002
5.1458e-12 0.0116
7.4857e-16 0.2977
9.5722e-16 0.4040
9.9690e-15 0.2635
1.2502e-13 0.0785
5.2946e-13 0.0391
8.8835e-13 0.0297
1.8748e-12 0.0205
5.3139e-12 0.0115
1.9534e-12 0.0202
3.0657e-16 0.3649
0.0000e+00 1.0000
3.2753e-15 0.3857
4.7562e-14 0.1210
2.8779e-13 0.0522
7.0426e-13 0.0340
9.6208e-13 0.0286
1.0659e-12 0.0274
9.1520e-13 0.0296
0.0000e+00 1.0000
2.3958e-16 0.3254
8.0931e-16 0.3393
7.5638e-16 0.2783
5.0441e-16 0.3309
7.3397e-16 0.2519
1.1933e-15 0.3408
1.1008e-15 0.4117
6.5195e-16 0.3538
4.6164e-16 0.3498
1.1078e-15 0.3604
5.5351e-16 0.4069
1.3269e-15 0.2582
1.4632e-15 0.4091
3.1416e-15 0.2673
8.9358e-15 0.2510
1.7783e-14 0.1811
1.2617e-14 0.2156
0.0000e+00 1.0000
7.9322e-16 0.3996
0.0000e+00 1.0000
1.6395e-15 0.3176
2.0157e-14 0.1771
7.5138e-14 0.0983
2.0552e-13 0.0594
2.5283e-13 0.0558
2.2085e-13 0.0598
1.6069e-15 0.4445
8.9233e-16 0.4435
1.2314e-15 0.3232
1.3628e-14 0.1987
1.7578e-13 0.0651
5.9182e-13 0.0370
9.9281e-13 0.0286
1.1259e-12 0.0270
9.4618e-13 0.0294
0.0000e+00 1.0000
6.6390e-16 0.2747
3.6204e-15 0.3030
8.4610e-14 0.0933
5.3752e-13 0.0385
1.3523e-12 0.0250
2.0407e-12 0.0200
2.2532e-12 0.0189
1.9498e-12 0.0206
7.9107e-16 0.3431
1.1854e-15 0.4313
7.2797e-15 0.2906
2.0575e-13 0.0619
9.9248e-13 0.0286
1.9373e-12 0.0204
5.0633e-12 0.0125
1.7913e-11 0.0059
5.0692e-12 0.0124
0.0000e+00 1.0000
1.0851e-15 0.3961
1.0446e-14 0.2405
2.7503e-13 0.0533
1.1526e-12 0.0262
2.3138e-12 0.0188
1.8013e-11 0.0059
1.2347e-09 0.0003
1.7836e-11 0.0060
1.2267e-15 0.3063
7.8788e-16 0.2488
9.5999e-15 0.2614
2.2932e-13 0.0598
9.8607e-13 0.0287
1.9002e-12 0.0207
5.1581e-12 0.0124
1.8126e-11 0.0059
5.1531e-12 0.0124
7.3326e-16 0.4365
6.9161e-16 0.4334
2.6953e-15 0.3527
9.1585e-14 0.0919
5.2893e-13 0.0385
1.2699e-12 0.0249
1.9791e-12 0.0201
2.3039e-12 0.0187
1.9325e-12 0.0205
3.4183e-16 0.3815
8.9026e-16 0.3222
7.5186e-16 0.3156
8.9601e-16 0.3464
6.0332e-16 0.3631
7.0927e-16 0.3234
8.6540e-16 0.2560
2.5570e-15 0.4710
1.0828e-15 0.2907
0.0000e+00 1.0000
7.2385e-16 0.3164
1.1292e-15 0.2920
1.7029e-15 0.2325
1.7720e-15 0.3016
2.9724e-15 0.3689
7.2281e-15 0.2533
1.9659e-14 0.1885
7.4385e-15 0.2484
1.1730e-15 0.4212
1.0675e-15 0.3675
1.1748e-15 0.3462
2.4049e-15 0.3575
1.4418e-14 0.1866
1.1647e-13 0.0792
2.9994e-13 0.0513
3.8451e-13 0.0451
3.3415e-13 0.0475
3.0939e-15 0.4846
0.0000e+00 1.0000
2.1933e-15 0.4321
1.2626e-14 0.2018
2.3034e-13 0.0565
9.0285e-13 0.0299
1.7283e-12 0.0218
2.0305e-12 0.0201
1.7213e-12 0.0218
6.9596e-16 0.2837
1.9621e-15 0.3535
6.2337e-15 0.3114
1.1379e-13 0.0801
9.3028e-13 0.0297
2.4286e-12 0.0184
4.0465e-12 0.0143
4.9798e-12 0.0128
4.0412e-12 0.0143
5.3128e-16 0.3594
8.9371e-16 0.2987
5.3874e-15 0.2467
3.1536e-13 0.0490
1.7865e-12 0.0215
4.0710e-12 0.0142
1.4257e-11 0.0073
5.8649e-11 0.0032
1.4243e-11 0.0073
1.0319e-15 0.3955
1.4573e-15 0.2716
1.1447e-14 0.2344
4.2695e-13 0.0428
2.0647e-12 0.0199
5.0734e-12 0.0128
5.8368e-11 0.0032
1.1082e-09 0.0003
5.7911e-11 0.0032
1.3290e-15 0.3723
1.7548e-15 0.4331
9.2270e-15 0.2394
3.1892e-13 0.0483
1.7688e-12 0.0216
4.0105e-12 0.0144
1.4306e-11 0.0072
5.8341e-11 0.0032
1.4345e-11 0.0073
8.3439e-16 0.2841
8.7029e-16 0.3284
1.4694e-15 0.3022
1.1156e-13 0.0809
9.1863e-13 0.0297
2.4982e-12 0.0182
4.1481e-12 0.0142
5.0602e-12 0.0127
4.1460e-12 0.0142
2.0341e-16 0.4051
5.5903e-16 0.3731
0.0000e+00 1.0000
1.6457e-15 0.2737
0.0000e+00 1.0000
9.1689e-16 0.2841
1.6842e-15 0.3397
1.8979e-15 0.3305
1.2088e-15 0.2353
6.1502e-16 0.3601
5.1488e-16 0.4390
1.0575e-15 0.3578
1.0436e-15 0.2307
4.6834e-15 0.4139
3.3349e-15 0.3414
9.0275e-15 0.2223
1.4664e-14 0.1954
9.3824e-15 0.2232
6.2570e-16 0.3279
1.7663e-15 0.3325
1.0765e-15 0.2694
1.5265e-15 0.3082
1.5490e-14 0.1959
1.4949e-13 0.0712
4.1528e-13 0.0426
5.9066e-13 0.0366
4.3378e-13 0.0420
8.9581e-16 0.3122
9.4837e-16 0.3728
2.0595e-15 0.4755
1.5750e-14 0.1759
3.0317e-13 0.0513
1.4098e-12 0.0242
2.8782e-12 0.0170
3.5642e-12 0.0154
2.9607e-12 0.0170
7.4449e-16 0.2862
1.1558e-15 0.3056
3.9998e-15 0.2971
1.4380e-13 0.0694
1.3768e-12 0.0248
4.3288e-12 0.0140
8.1199e-12 0.0102
1.0923e-11 0.0087
8.1363e-12 0.0102
4.9652e-16 0.3093
1.0658e-15 0.2782
1.2860e-14 0.2057
4.4210e-13 0.0416
2.8931e-12 0.0170
8.1153e-12 0.0102
3.3861e-11 0.0046
1.1538e-10 0.0022
3.3960e-11 0.0046
4.2704e-16 0.4045
1.4620e-15 0.2251
1.4200e-14 0.1806
6.0694e-13 0.0357
3.6924e-12 0.0152
1.0910e-11 0.0087
1.1502e-10 0.0022
8.4466e-10 0.0005
1.1482e-10 0.0022
1.5764e-15 0.3858
9.2454e-16 0.2923
1.3021e-14 0.2089
4.5412e-13 0.0405
3.0240e-12 0.0168
8.1992e-12 0.0101
3.4207e-11 0.0046
1.1519e-10 0.0022
3.4161e-11 0.0046
7.5193e-16 0.3750
1.2701e-15 0.4280
2.0015e-15 0.3316
1.6710e-13 0.0677
1.4368e-12 0.0240
4.3839e-12 0.0139
8.3286e-12 0.0101
1.0845e-11 0.0087
8.3250e-12 0.0101
5.6901e-16 0.3605
0.0000e+00 1.0000
1.1836e-15 0.4055
6.2572e-16 0.3053
1.3543e-15 0.4277
0.0000e+00 1.0000
1.1969e-15 0.3232
1.5841e-15 0.2995
2.7832e-15 0.3341
0.0000e+00 1.0000
7.1278e-16 0.4063
1.6259e-15 0.3108
2.1140e-15 0.3050
1.7428e-15 0.4895
3.0027e-15 0.3254
9.6026e-15 0.2201
1.4806e-14 0.1972
8.9931e-15 0.2317
2.9731e-16 0.3878
1.3014e-15 0.3736
1.2520e-15 0.3158
3.1256e-15 0.2662
1.1826e-14 0.2105
1.6447e-13 0.0651
5.3294e-13 0.0372
7.2552e-13 0.0326
5.3968e-13 0.0364
1.3022e-15 0.4198
1.2149e-15 0.3498
1.9390e-15 0.4299
1.8833e-14 0.1771
3.3656e-13 0.0456
1.9471e-12 0.0206
4.4357e-12 0.0138
5.5508e-12 0.0123
4.3749e-12 0.0140
1.7693e-15 0.4902
2.3990e-15 0.3811
1.6835e-15 0.3406
1.4652e-13 0.0683
1.8781e-12 0.0209
6.9483e-12 0.0111
1.4646e-11 0.0076
2.0295e-11 0.0063
1.4459e-11 0.0076
1.0794e-15 0.2829
1.3017e-15 0.3009
8.6471e-15 0.2188
4.9776e-13 0.0387
4.3762e-12 0.0139
1.4725e-11 0.0075
5.8713e-11 0.0034
1.4976e-10 0.0019
5.8892e-11 0.0034
1.0671e-15 0.3268
2.6069e-15 0.3771
1.1070e-14 0.2047
7.7007e-13 0.0314
5.5146e-12 0.0124
2.0132e-11 0.0063
1.4938e-10 0.0019
5.8563e-10 0.0007
1.5005e-10 0.0019
1.4742e-15 0.4291
3.3945e-15 0.4728
9.2916e-15 0.2396
5.0088e-13 0.0381
4.3253e-12 0.0140
1.4452e-11 0.0076
5.8590e-11 0.0035
1.4978e-10 0.0019
5.8855e-11 0.0034
1.0223e-15 0.4074
1.2706e-15 0.2480
2.3848e-15 0.2531
1.6277e-13 0.0654
1.9687e-12 0.0205
7.0654e-12 0.0110
1.4813e-11 0.0075
2.0077e-11 0.0063
1.4896e-11 0.0075
0.0000e+00 1.0000
1.3973e-15 0.4527
6.5754e-16 0.3002
9.5604e-16 0.3359
1.1540e-15 0.2562
2.6716e-15 0.4422
1.3171e-15 0.2855
1.0826e-15 0.3456
2.6897e-15 0.2845
9.7824e-16 0.4312
1.0183e-15 0.3804
7.5988e-16 0.2858
1.2395e-15 0.2379
1.3086e-15 0.2414
4.4357e-15 0.2772
9.4822e-15 0.2415
6.8377e-15 0.2240
9.4010e-15 0.2401
9.9963e-16 0.3129
9.5512e-16 0.2480
2.5187e-15 0.2856
2.0936e-15 0.2710
1.0139e-14 0.2162
1.4016e-13 0.0673
5.0111e-13 0.0383
7.8141e-13 0.0307
5.0439e-13 0.0376
1.0491e-15 0.3147
1.2128e-15 0.3153
2.6282e-15 0.2387
1.1760e-14 0.2050
3.3043e-13 0.0454
2.2433e-12 0.0188
5.5302e-12 0.0122
7.5249e-12 0.0106
5.7561e-12 0.0121
1.1456e-15 0.4856
0.0000e+00 1.0000
3.8398e-15 0.3076
1.1948e-13 0.0718
2.2725e-12 0.0188
9.7160e-12 0.0094
2.1972e-11 0.0061
3.0741e-11 0.0051
2.2183e-11 0.0061
9.7071e-16 0.3109
2.6485e-15 0.4745
6.9407e-15 0.3445
4.8062e-13 0.0382
5.7268e-12 0.0121
2.2263e-11 0.0061
7.6552e-11 0.0030
1.5471e-10 0.0019
7.6686e-11 0.0030
1.3443e-15 0.2572
1.6320e-15 0.2781
1.1123e-14 0.2177
7.8273e-13 0.0307
7.4545e-12 0.0106
3.0369e-11 0.0051
1.5374e-10 0.0019
3.9635e-10 0.0010
1.5401e-10 0.0019
1.2102e-15 0.2750
1.4371e-15 0.2638
7.6323e-15 0.2039
5.1282e-13 0.0373
5.7493e-12 0.0121
2.2145e-11 0.0061
7.6341e-11 0.0030
1.5424e-10 0.0019
7.6877e-11 0.0030
1.1829e-15 0.3136
1.0675e-15 0.3024
1.6847e-15 0.2494
1.3119e-13 0.0688
2.1992e-12 0.0190
9.7396e-12 0.0094
2.2206e-11 0.0061
3.0088e-11 0.0051
2.2452e-11 0.0061
3.9152e-16 0.3551
5.2916e-16 0.3784
9.6463e-16 0.3932
2.3380e-15 0.2770
3.6866e-15 0.2819
2.4196e-15 0.2964
1.5137e-15 0.2408
2.3333e-15 0.3295
3.7338e-15 0.2786
1.3050e-15 0.3350
1.0151e-15 0.3075
1.4161e-15 0.2663
2.4338e-15 0.3064
2.3138e-15 0.3589
2.5676e-15 0.2642
3.6285e-15 0.2718
9.3253e-15 0.2106
6.1270e-15 0.2193
9.7262e-16 0.3344
1.2077e-15 0.2671
3.1090e-15 0.4085
2.9605e-15 0.3104
6.7288e-15 0.2112
8.4768e-14 0.0836
3.9386e-13 0.0413
6.4672e-13 0.0326
4.0730e-13 0.0410
2.2714e-15 0.4566
1.9434e-15 0.2283
2.0072e-15 0.2700
4.4107e-15 0.2535
2.7563e-13 0.0483
2.2200e-12 0.0187
6.2773e-12 0.0114
8.4347e-12 0.0099
6.2935e-12 0.0114
9.5902e-16 0.2994
1.2421e-15 0.3041
1.8462e-15 0.3952
8.0501e-14 0.0830
2.1937e-12 0.0186
1.1557e-11 0.0085
2.7828e-11 0.0054
3.7976e-11 0.0045
2.7905e-11 0.0054
8.6950e-16 0.2888
3.5324e-15 0.4811
4.5424e-15 0.3727
3.8595e-13 0.0410
6.3522e-12 0.0114
2.7508e-11 0.0054
8.2461e-11 0.0029
1.4027e-10 0.0021
8.2942e-11 0.0029
2.2938e-15 0.4675
3.5446e-15 0.2863
7.1828e-15 0.2394
6.3289e-13 0.0332
8.4099e-12 0.0099
3.7724e-11 0.0046
1.3979e-10 0.0021
2.7211e-10 0.0013
1.3962e-10 0.0021
1.2469e-15 0.2704
1.5966e-15 0.2243
3.1829e-15 0.2696
4.0237e-13 0.0411
6.2832e-12 0.0114
2.7572e-11 0.0054
8.2680e-11 0.0029
1.3970e-10 0.0021
8.2628e-11 0.0029
6.9648e-16 0.3047
1.4721e-15 0.2334
2.0613e-15 0.3861
8.0116e-14 0.0821
2.1877e-12 0.0187
1.1352e-11 0.0086
2.7564e-11 0.0054
3.7763e-11 0.0046
2.7859e-11 0.0054
5.0650e-16 0.3243
7.7155e-16 0.3020
1.2987e-15 0.2898
1.3159e-15 0.3533
2.6278e-15 0.3344
2.1031e-15 0.2997
1.8754e-15 0.3260
3.5561e-15 0.2783
2.9677e-15 0.3268
7.7430e-16 0.2859
5.1606e-16 0.3838
7.1764e-16 0.3284
1.5342e-15 0.3218
0.0000e+00 1.0000
4.1024e-15 0.2774
2.6790e-15 0.2009
6.9316e-15 0.2298
3.6966e-15 0.3044
1.7244e-15 0.3122
2.1099e-15 0.4234
1.2395e-15 0.3183
2.9542e-15 0.2185
4.9040e-15 0.2569
3.3351e-14 0.1193
2.3932e-13 0.0515
4.0634e-13 0.0399
2.3086e-13 0.0503
1.2874e-15 0.3774
1.1506e-15 0.2658
1.7935e-15 0.3882
5.9127e-15 0.2454
1.4316e-13 0.0642
1.7193e-12 0.0206
5.5253e-12 0.0118
7.9561e-12 0.0100
5.6205e-12 0.0118
1.2983e-15 0.3930
2.0033e-15 0.3086
2.5444e-15 0.3101
4.3883e-14 0.1133
1.6948e-12 0.0206
1.1085e-11 0.0085
2.8820e-11 0.0053
3.9432e-11 0.0044
2.8837e-11 0.0053
0.0000e+00 1.0000
1.8719e-15 0.2947
1.8827e-15 0.2115
2.1680e-13 0.0532
5.5128e-12 0.0118
2.8742e-11 0.0053
7.8384e-11 0.0030
1.1778e-10 0.0023
7.8509e-11 0.0030
2.4280e-15 0.4241
2.8851e-15 0.3447
4.9240e-15 0.2521
4.0431e-13 0.0396
7.8462e-12 0.0100
3.9549e-11 0.0044
1.1828e-10 0.0023
1.9211e-10 0.0017
1.1838e-10 0.0023
2.1998e-15 0.3028
2.0985e-15 0.2204
4.1640e-15 0.2240
2.2106e-13 0.0519
5.5764e-12 0.0119
2.8929e-11 0.0053
7.8467e-11 0.0030
1.1816e-10 0.0023
7.8575e-11 0.0030
1.0558e-15 0.2864
1.7152e-15 0.2437
2.4395e-15 0.2483
3.7851e-14 0.1164
1.7400e-12 0.0205
1.1213e-11 0.0085
2.8850e-11 0.0053
3.9576e-11 0.0044
2.8874e-11 0.0053
3.4909e-16 0.4621
8.0300e-16 0.3587
1.3481e-15 0.2896
1.5134e-15 0.2952
2.2026e-15 0.2956
2.0683e-15 0.4119
1.4177e-15 0.2935
3.3181e-15 0.2230
2.7791e-15 0.3849
5.1681e-16 0.4349
1.3545e-15 0.4274
1.4202e-15 0.3757
1.7720e-15 0.3319
2.2126e-15 0.2686
3.0359e-15 0.2923
4.7331e-15 0.2261
5.8865e-15 0.2710
3.0923e-15 0.2521
9.9588e-16 0.3810
9.1632e-16 0.2455
1.6896e-15 0.3804
3.0464e-15 0.2177
3.4669e-15 0.1882
1.6210e-14 0.1598
9.4793e-14 0.0745
1.6141e-13 0.0580
9.7841e-14 0.0745
9.8003e-16 0.3596
1.1189e-15 0.2506
2.4706e-15 0.3602
3.8516e-15 0.1994
4.8426e-14 0.0998
9.0159e-13 0.0269
3.8508e-12 0.0138
5.7659e-12 0.0114
3.7683e-12 0.0139
1.1953e-15 0.3333
2.2151e-15 0.3016
2.3059e-15 0.2122
1.3843e-14 0.1606
8.8177e-13 0.0274
8.6621e-12 0.0094
2.4985e-11 0.0056
3.4409e-11 0.0047
2.4802e-11 0.0056
1.5429e-15 0.4174
0.0000e+00 1.0000
3.4614e-15 0.1961
8.8757e-14 0.0783
3.7206e-12 0.0139
2.4595e-11 0.0056
6.6487e-11 0.0033
9.3869e-11 0.0027
6.6648e-11 0.0033
2.9056e-15 0.3370
4.0734e-15 0.2886
4.5577e-15 0.1977
1.6796e-13 0.0569
5.7490e-12 0.0114
3.4380e-11 0.0047
9.4132e-11 0.0027
1.3823e-10 0.0021
9.4248e-11 0.0027
1.9822e-15 0.2447
1.6350e-15 0.2253
6.0354e-15 0.2811
7.8591e-14 0.0773
3.8278e-12 0.0138
2.4735e-11 0.0056
6.6576e-11 0.0033
9.3724e-11 0.0027
6.6650e-11 0.0033
9.9778e-16 0.2314
9.4245e-16 0.2582
2.6553e-15 0.2249
1.3930e-14 0.1645
9.1181e-13 0.0267
8.5472e-12 0.0095
2.4833e-11 0.0056
3.4510e-11 0.0047
2.4749e-11 0.0056
7.1443e-16 0.4299
8.1195e-16 0.3247
8.1411e-16 0.4258
1.9258e-15 0.3996
3.6772e-15 0.4272
3.1420e-15 0.3021
4.3004e-15 0.3661
2.7521e-15 0.2952
2.5298e-15 0.2360
9.9070e-16 0.3919
7.4767e-16 0.3381
2.0223e-15 0.4125
1.4839e-15 0.2369
2.8283e-15 0.3606
5.5252e-15 0.2942
7.6876e-15 0.3672
5.2804e-15 0.2451
2.8909e-15 0.2039
8.1311e-16 0.3095
1.6776e-15 0.3035
1.8081e-15 0.2591
2.7214e-15 0.2338
2.9402e-15 0.1908
5.5465e-15 0.2151
2.6277e-14 0.1343
4.4712e-14 0.1061
2.4369e-14 0.1335
1.5652e-15 0.3900
1.0542e-15 0.2946
1.9221e-15 0.2355
4.2676e-15 0.2181
1.3693e-14 0.1744
3.4671e-13 0.0412
1.8314e-12 0.0191
2.9778e-12 0.0151
1.7874e-12 0.0191
1.5640e-15 0.2433
2.7223e-15 0.2798
2.9963e-15 0.2910
5.9057e-15 0.1959
3.0468e-13 0.0430
4.8217e-12 0.0122
1.6684e-11 0.0067
2.4378e-11 0.0055
1.6570e-11 0.0067
1.6186e-15 0.2566
2.7566e-15 0.4035
4.0897e-15 0.2283
2.3397e-14 0.1395
1.8127e-12 0.0189
1.6574e-11 0.0067
4.8906e-11 0.0039
6.8335e-11 0.0032
4.8755e-11 0.0039
2.6262e-15 0.3522
2.7922e-15 0.2879
5.8151e-15 0.3209
4.0034e-14 0.1054
3.0237e-12 0.0151
2.4167e-11 0.0056
6.8759e-11 0.0032
9.6688e-11 0.0026
6.8562e-11 0.0032
1.8951e-15 0.2783
2.6831e-15 0.3203
5.1297e-15 0.2627
2.0677e-14 0.1344
1.7721e-12 0.0191
1.6796e-11 0.0067
4.8845e-11 0.0039
6.8454e-11 0.0032
4.9094e-11 0.0039
1.1304e-15 0.2729
3.9155e-15 0.3098
3.9578e-15 0.2145
8.2420e-15 0.2792
3.3731e-13 0.0415
4.7326e-12 0.0122
1.6791e-11 0.0067
2.4234e-11 0.0056
1.6804e-11 0.0067
0.0000e+00 1.0000
1.5259e-15 0.4586
2.1679e-15 0.2912
1.9711e-15 0.4474
1.7924e-15 0.3331
3.4763e-15 0.2832
3.4126e-15 0.2182
4.1844e-15 0.2900
2.4041e-15 0.2664
1.4135e-15 0.3297
1.1422e-15 0.3782
1.9462e-15 0.2961
1.9676e-15 0.3012
2.8409e-15 0.3590
2.2091e-15 0.2524
5.0224e-15 0.2176
4.4622e-15 0.2351
3.1289e-15 0.2788
6.9107e-16 0.3431
1.7761e-15 0.2918
1.4234e-15 0.2538
2.1146e-15 0.3410
4.3401e-15 0.3367
9.6167e-15 0.2160
8.3291e-15 0.2289
1.1804e-14 0.1667
1.0216e-14 0.1822
0.0000e+00 1.0000
0.0000e+00 1.0000
3.7611e-15 0.2485
5.0278e-15 0.1948
9.2236e-15 0.2113
5.9975e-14 0.0889
4.9207e-13 0.0341
9.5323e-13 0.0251
4.9755e-13 0.0336
1.7164e-15 0.2977
2.5208e-15 0.3290
5.5771e-15 0.3198
4.7551e-15 0.1738
6.5915e-14 0.0848
1.6860e-12 0.0194
8.0150e-12 0.0093
1.2577e-11 0.0075
7.8352e-12 0.0094
2.1551e-15 0.3160
2.3579e-15 0.2005
5.3031e-15 0.2956
7.1344e-15 0.1956
5.3025e-13 0.0327
7.9466e-12 0.0094
2.8483e-11 0.0050
4.1711e-11 0.0041
2.8272e-11 0.0050
3.2214e-15 0.2324
3.3322e-15 0.3422
4.0005e-15 0.2286
1.0684e-14 0.1665
9.4490e-13 0.0249
1.2506e-11 0.0075
4.1675e-11 0.0041
5.9628e-11 0.0034
4.1696e-11 0.0041
1.8797e-15 0.3653
2.5560e-15 0.2374
4.6005e-15 0.2358
7.8365e-15 0.1695
4.9140e-13 0.0338
7.9620e-12 0.0094
2.8427e-11 0.0050
4.1407e-11 0.0041
2.8363e-11 0.0050
2.6703e-15 0.3567
2.3130e-15 0.2315
4.0599e-15 0.2582
5.5858e-15 0.1966
6.1910e-14 0.0853
1.6640e-12 0.0193
7.9249e-12 0.0094
1.2462e-11 0.0075
7.8924e-12 0.0093
1.1739e-15 0.4931
2.8765e-15 0.3466
2.1784e-15 0.3822
7.9528e-16 0.2472
1.1202e-15 0.3408
1.8758e-15 0.3758
4.3700e-15 0.2317
4.2227e-15 0.3623
2.3933e-15 0.3032
1.0364e-15 0.3539
8.4056e-16 0.3481
1.9386e-15 0.3923
2.5171e-15 0.3150
3.4462e-15 0.2721
2.7842e-15 0.2513
5.4803e-15 0.2179
3.3912e-15 0.2442
3.4176e-15 0.1821
0.0000e+00 1.0000
9.5185e-16 0.3431
1.9102e-15 0.2614
2.3142e-15 0.2371
5.6460e-15 0.2424
6.8558e-15 0.1983
8.1200e-15 0.1891
1.1080e-14 0.2011
7.8198e-15 0.1873
0.0000e+00 1.0000
1.9231e-15 0.3639
4.9809e-15 0.3068
4.9300e-15 0.1947
1.2897e-14 0.1921
1.3559e-14 0.1330
7.1545e-14 0.0770
1.3513e-13 0.0599
6.5300e-14 0.0811
1.6855e-15 0.4048
2.7713e-15 0.2462
3.5096e-15 0.2354
6.2425e-15 0.1908
1.8413e-14 0.1363
2.7594e-13 0.0426
2.1769e-12 0.0168
3.7788e-12 0.0129
2.1356e-12 0.0169
1.0231e-15 0.2581
3.5916e-15 0.2623
3.9385e-15 0.3483
7.2638e-15 0.2219
8.0358e-14 0.0761
2.1644e-12 0.0169
1.1166e-11 0.0078
1.7864e-11 0.0062
1.1051e-11 0.0078
2.5488e-15 0.4412
1.7620e-15 0.2253
4.7854e-15 0.2175
7.8129e-15 0.1720
1.4844e-13 0.0572
3.7843e-12 0.0129
1.7934e-11 0.0062
2.7719e-11 0.0050
1.7708e-11 0.0062
2.2202e-15 0.3089
4.4371e-15 0.3294
3.9654e-15 0.2044
7.3416e-15 0.1942
6.6146e-14 0.0791
2.1185e-12 0.0169
1.1130e-11 0.0078
1.7805e-11 0.0062
1.1098e-11 0.0078
2.7072e-15 0.2477
3.1338e-15 0.3152
4.0169e-15 0.2842
5.8762e-15 0.2123
2.1173e-14 0.1526
2.8877e-13 0.0425
2.1868e-12 0.0167
3.8380e-12 0.0129
2.1462e-12 0.0168
8.7114e-16 0.3654
2.4265e-15 0.4719
1.0594e-15 0.4744
0.0000e+00 1.0000
1.3326e-15 0.2964
1.9070e-15 0.2185
4.2587e-15 0.2232
2.6154e-15 0.3007
1.9336e-15 0.2663
7.4739e-16 0.2549
7.5018e-16 0.3930
1.7435e-15 0.3504
2.9853e-15 0.3033
2.7344e-15 0.3117
4.6171e-15 0.2365
5.5999e-15 0.2569
3.6992e-15 0.2182
4.5044e-15 0.2631
1.2637e-15 0.3022
2.6771e-15 0.3528
2.5267e-15 0.3028
4.9658e-15 0.2944
7.2233e-15 0.2223
7.0517e-15 0.2183
1.2132e-14 0.1620
1.2726e-14 0.1782
8.9651e-15 0.1994
1.6973e-15 0.3478
2.2510e-15 0.2797
2.4112e-15 0.2321
6.0751e-15 0.1774
7.7519e-15 0.1641
1.3369e-14 0.1772
1.7477e-14 0.1474
2.7721e-14 0.1230
1.7057e-14 0.1344
1.9137e-15 0.2510
1.9441e-15 0.3721
2.2978e-15 0.1715
7.1863e-15 0.1842
1.3663e-14 0.1469
3.2558e-14 0.1036
2.5570e-13 0.0436
5.6015e-13 0.0306
2.5048e-13 0.0444
1.7436e-15 0.2785
3.2583e-15 0.2097
4.8553e-15 0.2223
1.0044e-14 0.1913
1.9102e-14 0.1458
2.3598e-13 0.0442
2.1631e-12 0.0163
4.0166e-12 0.0123
2.1437e-12 0.0164
2.0322e-15 0.3148
2.8562e-15 0.2420
4.8462e-15 0.2676
9.3400e-15 0.1726
2.1480e-14 0.1124
4.9155e-13 0.0322
4.0493e-12 0.0122
7.2715e-12 0.0093
4.0355e-12 0.0122
3.1367e-15 0.3922
1.8304e-15 0.2098
5.6009e-15 0.2336
6.6169e-15 0.1771
1.5838e-14 0.1525
2.7434e-13 0.0425
2.1510e-12 0.0164
4.0386e-12 0.0122
2.1142e-12 0.0164
1.9951e-15 0.2947
1.2983e-15 0.2039
1.9681e-15 0.2131
7.2718e-15 0.1950
1.4005e-14 0.1752
4.5966e-14 0.0997
2.7534e-13 0.0422
5.4234e-13 0.0306
2.5469e-13 0.0430
5.3361e-16 0.3728
1.1826e-15 0.3790
2.0543e-15 0.3615
1.6314e-15 0.3771
2.2364e-15 0.3367
2.9709e-15 0.2602
3.0381e-15 0.3341
3.7562e-15 0.2810
3.4935e-15 0.2513
1.6411e-15 0.3937
1.8414e-15 0.3185
1.5328e-15 0.2661
3.0801e-15 0.2883
4.6647e-15 0.2758
3.6151e-15 0.2140
6.9013e-15 0.2536
7.4489e-15 0.2304
3.6146e-15 0.3048
1.3883e-15 0.2367
1.5359e-15 0.3445
2.3060e-15 0.2332
5.5774e-15 0.2267
5.8411e-15 0.2548
8.7169e-15 0.2038
8.7004e-15 0.1935
1.2716e-14 0.1860
9.4141e-15 0.1685
1.3460e-15 0.2896
2.2267e-15 0.2891
2.4053e-15 0.2456
5.3230e-15 0.2221
6.8125e-15 0.2280
1.3000e-14 0.1851
1.4974e-14 0.1361
2.6472e-14 0.1244
1.3535e-14 0.1701
0.0000e+00 1.0000
2.6619e-15 0.4076
3.8279e-15 0.2430
8.5760e-15 0.1799
1.4383e-14 0.1460
2.0371e-14 0.1171
3.8028e-14 0.1001
5.9235e-14 0.0785
4.7273e-14 0.1005
1.0516e-15 0.2947
1.8330e-15 0.2640
5.0844e-15 0.2936
1.3075e-14 0.2088
1.8051e-14 0.1494
4.1020e-14 0.0979
1.6981e-13 0.0495
3.7060e-13 0.0354
1.6884e-13 0.0504
1.8178e-15 0.2399
2.3550e-15 0.2299
4.9295e-15 0.2499
6.2238e-15 0.2144
1.8385e-14 0.1237
5.2015e-14 0.0812
3.7056e-13 0.0348
7.7136e-13 0.0251
3.5013e-13 0.0368
1.3319e-15 0.2901
2.9909e-15 0.2625
3.0082e-15 0.1894
6.1277e-15 0.1945
1.7464e-14 0.1632
3.6260e-14 0.1008
1.6785e-13 0.0506
3.6531e-13 0.0351
1.5845e-13 0.0513
7.6388e-16 0.3201
2.2824e-15 0.2717
5.2462e-15 0.2210
8.6279e-15 0.2158
1.2642e-14 0.1548
1.9588e-14 0.1209
3.9747e-14 0.0967
5.7903e-14 0.0861
3.8108e-14 0.0978
6.3344e-16 0.3309
1.9728e-15 0.3424
1.9103e-15 0.3149
2.8519e-15 0.4041
3.1116e-15 0.4095
3.8862e-15 0.3834
4.0553e-15 0.3308
2.9702e-15 0.2568
3.2586e-15 0.2919
1.7665e-15 0.3165
2.5653e-15 0.3291
2.3206e-15 0.2725
3.1542e-15 0.2987
5.5071e-15 0.2702
3.3881e-15 0.3205
7.4374e-15 0.2423
7.5896e-15 0.2159
4.7969e-15 0.2520
1.5911e-15 0.3712
1.0508e-15 0.2307
3.8209e-15 0.3334
5.1880e-15 0.2797
5.9731e-15 0.2437
7.8134e-15 0.1706
8.4406e-15 0.1642
8.5540e-15 0.1643
7.2052e-15 0.2258
2.1672e-15 0.3060
2.4918e-15 0.3411
2.9513e-15 0.2857
6.0545e-15 0.1825
8.2249e-15 0.1948
1.2406e-14 0.1464
1.8031e-14 0.1400
1.9112e-14 0.1473
1.7077e-14 0.1499
1.0920e-15 0.4287
1.6791e-15 0.2765
5.0999e-15 0.2300
6.7682e-15 0.1906
1.1833e-14 0.1582
1.6774e-14 0.1262
3.0994e-14 0.1081
4.1644e-14 0.1017
3.4617e-14 0.1086
2.7777e-15 0.2906
2.0554e-15 0.2206
4.2201e-15 0.2037
1.2040e-14 0.1739
1.5548e-14 0.1423
3.8212e-14 0.0987
6.3892e-14 0.0803
8.0668e-14 0.0693
5.9462e-14 0.0818
2.7195e-15 0.2135
2.1860e-15 0.2519
7.5442e-15 0.2321
9.0810e-15 0.1679
2.0983e-14 0.1294
3.6256e-14 0.0989
7.4836e-14 0.0714
1.3231e-13 0.0584
7.0087e-14 0.0784
2.2431e-15 0.3463
2.3258e-15 0.2236
3.7177e-15 0.3819
6.6226e-15 0.1502
1.2925e-14 0.1369
3.4357e-14 0.1062
6.3125e-14 0.0780
8.1582e-14 0.0710
5.6170e-14 0.0870
1.9644e-15 0.3587
2.9864e-15 0.2420
4.4895e-15 0.2379
5.4582e-15 0.2364
1.5239e-14 0.1602
1.6795e-14 0.1460
4.1015e-14 0.1093
3.4829e-14 0.1084
2.6996e-14 0.1111
7.9809e-16 0.3069
1.5079e-15 0.2593
1.6323e-15 0.3946
1.9196e-15 0.2803
2.5122e-15 0.3582
2.7986e-15 0.2307
5.4785e-15 0.2614
3.4972e-15 0.2534
4.2697e-15 0.2817
2.1238e-15 0.4706
3.5131e-15 0.3899
2.0062e-15 0.4125
2.8535e-15 0.3392
5.0563e-15 0.2992
4.6520e-15 0.2266
7.2352e-15 0.1844
3.8235e-15 0.2482
5.8384e-15 0.2903
1.6751e-15 0.3810
3.3005e-15 0.3606
3.4522e-15 0.2535
3.7250e-15 0.2378
5.4961e-15 0.2630
8.6531e-15 0.2064
6.7761e-15 0.1610
1.1591e-14 0.1738
9.5943e-15 0.2156
1.5011e-15 0.3437
2.8001e-15 0.2448
3.3173e-15 0.2761
8.5574e-15 0.2358
7.7358e-15 0.2661
1.1108e-14 0.1451
1.9477e-14 0.1351
1.7528e-14 0.1563
1.8248e-14 0.1460
1.4146e-15 0.2577
4.0039e-15 0.2678
4.3817e-15 0.2115
7.2867e-15 0.1880
1.2793e-14 0.1689
2.2128e-14 0.1480
2.8797e-14 0.1200
3.5050e-14 0.1047
4.0917e-14 0.1077
1.4782e-15 0.3071
2.8523e-15 0.2245
6.0539e-15 0.2130
9.1175e-15 0.1680
1.7128e-14 0.1407
2.9257e-14 0.1076
5.7398e-14 0.0976
8.3179e-14 0.0775
5.6693e-14 0.0848
1.9382e-15 0.3251
4.9586e-15 0.3869
7.8086e-15 0.2821
9.2839e-15 0.1866
1.8444e-14 0.1434
3.9539e-14 0.1045
6.6499e-14 0.0782
1.1757e-13 0.0633
6.1587e-14 0.0782
1.2732e-15 0.3109
3.3006e-15 0.3208
5.9220e-15 0.2340
9.3789e-15 0.1781
1.6078e-14 0.1340
2.9897e-14 0.1109
6.0254e-14 0.0805
7.1007e-14 0.0736
5.4238e-14 0.0871
1.1884e-15 0.2877
2.2773e-15 0.2752
2.8355e-15 0.2517
7.8222e-15 0.2117
1.2839e-14 0.1761
1.7378e-14 0.1602
3.3902e-14 0.1017
3.1150e-14 0.1041
3.2503e-14 0.1049
1.0127e-15 0.2993
3.0677e-15 0.4572
1.7228e-15 0.2548
0.0000e+00 1.0000
4.4534e-15 0.3544
2.4671e-15 0.2705
7.6274e-15 0.2609
3.4604e-15 0.3091
2.9743e-15 0.2677
1.0348e-15 0.2620
1.4277e-15 0.3329
3.7481e-15 0.3561
3.2096e-15 0.2600
4.2322e-15 0.2439
5.7293e-15 0.2274
3.6461e-15 0.1841
5.5324e-15 0.2054
5.6802e-15 0.2366
1.9992e-15 0.3155
2.9131e-15 0.3158
3.6761e-15 0.2204
4.1447e-15 0.2754
5.9594e-15 0.2008
7.7652e-15 0.2104
6.4149e-15 0.1647
1.1278e-14 0.1931
1.1327e-14 0.1810
0.0000e+00 1.0000
2.6915e-15 0.2930
3.0054e-15 0.1963
2.8715e-15 0.1950
7.1253e-15 0.1686
1.0209e-14 0.1610
1.8292e-14 0.1475
1.6435e-14 0.1431
1.4294e-14 0.1470
1.4993e-15 0.3609
3.9445e-15 0.3865
5.5385e-15 0.2248
6.6248e-15 0.2216
1.3885e-14 0.1705
2.2024e-14 0.1424
2.5573e-14 0.1091
3.9241e-14 0.1078
2.6299e-14 0.1105
1.4712e-15 0.2595
1.8388e-15 0.2386
5.5763e-15 0.2796
1.1266e-14 0.1720
1.7788e-14 0.1414
3.3925e-14 0.1139
5.0990e-14 0.0930
6.8454e-14 0.0784
5.3567e-14 0.0950
1.6823e-15 0.2479
4.4382e-15 0.4343
5.6652e-15 0.2185
8.9346e-15 0.1803
2.0899e-14 0.1378
3.3281e-14 0.1061
6.1797e-14 0.0808
9.6187e-14 0.0682
5.9192e-14 0.0863
1.9140e-15 0.3244
3.0160e-15 0.2360
3.9560e-15 0.2483
7.0075e-15 0.1996
1.6381e-14 0.1413
2.9149e-14 0.1126
5.7703e-14 0.0884
6.6152e-14 0.0779
4.2859e-14 0.0938
2.6508e-15 0.4735
2.6891e-15 0.2905
3.7631e-15 0.2070
6.9975e-15 0.2236
1.1910e-14 0.1639
1.8538e-14 0.1321
3.7777e-14 0.1110
3.7141e-14 0.1085
2.7253e-14 0.1125
1.3534e-15 0.3829
1.8169e-15 0.3261
1.7252e-15 0.3549
2.5832e-15 0.2519
3.3925e-15 0.2889
3.2461e-15 0.2341
6.4050e-15 0.2603
3.3689e-15 0.2982
3.5776e-15 0.2176
1.7873e-15 0.3194
2.0853e-15 0.3427
2.5788e-15 0.3127
2.6225e-15 0.3036
5.1834e-15 0.2983
5.9399e-15 0.2876
4.2881e-15 0.2346
6.2195e-15 0.2407
4.3540e-15 0.2117
2.2063e-15 0.2935
1.8048e-15 0.2137
3.8352e-15 0.2492
5.5084e-15 0.2230
5.8622e-15 0.2038
7.3654e-15 0.1923
9.8160e-15 0.1598
7.9844e-15 0.1840
8.8790e-15 0.1846
1.6111e-15 0.3594
1.5961e-15 0.2164
4.9532e-15 0.2800
5.2317e-15 0.2223
5.7309e-15 0.1946
8.7028e-15 0.1636
1.8980e-14 0.1443
2.0614e-14 0.1443
1.4455e-14 0.1336
2.0937e-15 0.4112
3.8544e-15 0.2289
4.6732e-15 0.2405
6.5793e-15 0.2050
1.5339e-14 0.1520
2.3404e-14 0.1374
2.2263e-14 0.1251
2.9443e-14 0.1103
2.3191e-14 0.1158
2.1890e-15 0.3071
3.7909e-15 0.3936
6.8615e-15 0.2301
1.0304e-14 0.1817
1.5482e-14 0.1423
3.0987e-14 0.1149
3.9235e-14 0.0980
6.2318e-14 0.0788
4.5953e-14 0.0967
2.2298e-15 0.2736
3.7246e-15 0.2548
6.5631e-15 0.2165
1.0728e-14 0.1942
1.5737e-14 0.1441
3.3620e-14 0.1208
5.6146e-14 0.0819
8.8203e-14 0.0699
5.5891e-14 0.0867
2.7353e-15 0.3589
3.6234e-15 0.2927
4.2138e-15 0.2331
6.7091e-15 0.2129
1.7613e-14 0.1583
3.0207e-14 0.1208
4.7311e-14 0.0961
5.7643e-14 0.0879
4.5983e-14 0.0992
2.0240e-15 0.2926
3.1887e-15 0.2379
2.9221e-15 0.2058
1.0599e-14 0.2118
1.0675e-14 0.1567
1.9888e-14 0.1442
2.3819e-14 0.1293
2.9361e-14 0.1213
3.1318e-14 0.1129
1.7781e-15 0.4094
2.3729e-15 0.4009
1.8008e-15 0.2956
1.8208e-15 0.2771
2.6244e-15 0.2724
2.9161e-15 0.2634
3.2263e-15 0.2688
3.1860e-15 0.2763
1.7960e-15 0.2282
1.6746e-15 0.4879
3.5563e-15 0.3824
5.2687e-15 0.2890
2.7556e-15 0.2468
3.5406e-15 0.1871
4.8208e-15 0.2189
5.2601e-15 0.3332
6.2578e-15 0.3036
8.4396e-15 0.2304
1.3168e-15 0.3593
2.0210e-15 0.3135
3.6926e-15 0.2391
3.8598e-15 0.2179
7.3913e-15 0.2272
6.0058e-15 0.2112
1.1307e-14 0.1883
1.0128e-14 0.2085
8.6715e-15 0.2007
1.6976e-15 0.3837
3.3626e-15 0.2852
3.4501e-15 0.2753
5.7532e-15 0.1930
6.6590e-15 0.1892
1.0500e-14 0.1769
1.7280e-14 0.1702
1.5264e-14 0.1619
1.7903e-14 0.1391
3.4609e-15 0.3900
4.0626e-15 0.2676
9.0381e-15 0.2320
1.1303e-14 0.1902
1.0269e-14 0.1602
2.4462e-14 0.1355
2.3730e-14 0.1279
2.6509e-14 0.1143
2.1945e-14 0.1327
2.3982e-15 0.3099
2.7726e-15 0.2523
5.1940e-15 0.2054
1.1464e-14 0.1800
1.7002e-14 0.1377
2.9507e-14 0.1203
4.1682e-14 0.1110
4.9744e-14 0.0876
4.2629e-14 0.1026
4.5325e-15 0.2915
6.1013e-15 0.3017
7.1483e-15 0.2255
8.5320e-15 0.2036
1.3472e-14 0.1751
2.7827e-14 0.1139
5.8827e-14 0.0903
8.2215e-14 0.0783
4.8690e-14 0.0976
2.1418e-15 0.2933
5.7684e-15 0.3148
4.9175e-15 0.2307
5.2569e-15 0.2217
1.4633e-14 0.1574
2.6932e-14 0.1225
5.1599e-14 0.1009
5.1487e-14 0.0822
3.9810e-14 0.0996
2.2543e-15 0.4344
2.7177e-15 0.2640
5.0496e-15 0.2400
9.1978e-15 0.2261
1.3962e-14 0.1765
2.0660e-14 0.1407
2.6314e-14 0.1252
2.9012e-14 0.1229
2.5750e-14 0.1293
0.0000e+00 1.0000
1.9643e-15 0.4624
3.3695e-15 0.2799
1.6941e-15 0.2435
2.7107e-15 0.2046
3.7307e-15 0.2475
3.0452e-15 0.3794
4.0999e-15 0.2636
3.5785e-15 0.2832
1.4762e-15 0.2892
1.4427e-15 0.3339
4.7345e-15 0.2821
3.2120e-15 0.2715
3.4803e-15 0.2697
4.7254e-15 0.1997
4.0362e-15 0.2175
6.2017e-15 0.2077
5.8303e-15 0.2032
2.4101e-15 0.4122
2.2027e-15 0.2722
2.7606e-15 0.2505
3.8335e-15 0.2864
5.3814e-15 0.2363
8.6316e-15 0.2291
9.3360e-15 0.1961
7.0969e-15 0.2007
7.4837e-15 0.1838
1.3301e-15 0.3485
1.7473e-15 0.2306
2.7516e-15 0.2254
5.8467e-15 0.2215
6.3123e-15 0.2327
1.3602e-14 0.1906
1.2771e-14 0.1433
1.7889e-14 0.1719
1.6643e-14 0.1661
2.9549e-15 0.4441
4.8222e-15 0.2851
6.2781e-15 0.2179
7.4256e-15 0.2211
1.0669e-14 0.1829
2.0740e-14 0.1438
2.8255e-14 0.1385
3.0696e-14 0.1252
2.2857e-14 0.1258
3.3755e-15 0.3492
5.3072e-15 0.2828
5.8702e-15 0.2221
1.1679e-14 0.1791
1.7606e-14 0.1785
2.7970e-14 0.1178
4.3933e-14 0.1100
5.2769e-14 0.0912
3.7136e-14 0.1067
2.3724e-15 0.3116
6.7093e-15 0.2469
3.7543e-15 0.2299
1.0957e-14 0.1963
1.3136e-14 0.1409
2.6796e-14 0.1164
5.3432e-14 0.1014
7.2523e-14 0.0821
4.6757e-14 0.0974
1.8739e-15 0.3111
2.9833e-15 0.2988
5.0590e-15 0.2318
1.0860e-14 0.1952
1.5280e-14 0.1746
2.5965e-14 0.1253
4.2331e-14 0.1023
4.5739e-14 0.0916
3.9098e-14 0.1040
2.3227e-15 0.2645
3.1254e-15 0.4116
4.4606e-15 0.2636
7.0077e-15 0.1972
1.4223e-14 0.1664
2.3041e-14 0.1451
2.4742e-14 0.1338
2.7159e-14 0.1230
2.7800e-14 0.1192
