     9      9     20
d_kernel   u_kernel

0.0000e+00 1.0000
0.0000e+00 1.0000
0.0000e+00 1.0000
2.7895e-16 0.4999
1.7974e-16 0.4235
0.0000e+00 1.0000
0.0000e+00 1.0000
0.0000e+00 1.0000
0.0000e+00 1.0000
0.0000e+00 1.0000
0.0000e+00 1.0000
0.0000e+00 1.0000
0.0000e+00 1.0000
0.0000e+00 1.0000
0.0000e+00 1.0000
0.0000e+00 1.0000
3.9066e-16 0.4422
2.1656e-16 0.4158
0.0000e+00 1.0000
0.0000e+00 1.0000
0.0000e+00 1.0000
0.0000e+00 1.0000
0.0000e+00 1.0000
1.8782e-16 0.4931
0.0000e+00 1.0000
0.0000e+00 1.0000
7.7409e-16 0.3328
0.0000e+00 1.0000
0.0000e+00 1.0000
0.0000e+00 1.0000
0.0000e+00 1.0000
4.1423e-16 0.3470
5.5607e-16 0.2987
4.3576e-16 0.3668
8.3883e-16 0.3355
1.3852e-15 0.3767
0.0000e+00 1.0000
0.0000e+00 1.0000
0.0000e+00 1.0000
3.6195e-16 0.3948
7.9500e-16 0.3249
1.4703e-15 0.2679
1.8776e-15 0.2276
3.6699e-15 0.2312
2.8839e-15 0.3454
0.0000e+00 1.0000
0.0000e+00 1.0000
1.9258e-16 0.4360
6.6817e-16 0.3186
6.4840e-16 0.3640
2.0245e-15 0.2189
1.0105e-12 0.0170
5.3632e-11 0.0029
1.0022e-12 0.0171
0.0000e+00 1.0000
0.0000e+00 1.0000
0.0000e+00 1.0000
5.7023e-16 0.4358
1.5773e-15 0.3580
3.8560e-15 0.1717
5.3439e-11 0.0029
1.5900e-09 0.0003
5.3322e-11 0.0029
0.0000e+00 1.0000
0.0000e+00 1.0000
3.1177e-16 0.4770
2.9622e-16 0.4399
8.1609e-16 0.3972
1.8667e-15 0.2236
1.0332e-12 0.0170
5.3711e-11 0.0029
9.8234e-13 0.0173
0.0000e+00 1.0000
0.0000e+00 1.0000
0.0000e+00 1.0000
0.0000e+00 1.0000
0.0000e+00 1.0000
1.1344e-15 0.2977
1.9554e-15 0.2106
3.6890e-15 0.1893
1.8937e-15 0.2200
0.0000e+00 1.0000
0.0000e+00 1.0000
0.0000e+00 1.0000
0.0000e+00 1.0000
0.0000e+00 1.0000
0.0000e+00 1.0000
1.8179e-16 0.4818
0.0000e+00 1.0000
0.0000e+00 1.0000
0.0000e+00 1.0000
0.0000e+00 1.0000
0.0000e+00 1.0000
0.0000e+00 1.0000
3.6779e-16 0.3657
0.0000e+00 1.0000
0.0000e+00 1.0000
0.0000e+00 1.0000
0.0000e+00 1.0000
0.0000e+00 1.0000
0.0000e+00 1.0000
8.8096e-17 0.4565
8.7814e-17 0.4561
3.2290e-16 0.4093
2.6153e-16 0.3978
2.3745e-16 0.4184
2.7457e-16 0.3557
2.7107e-16 0.4098
0.0000e+00 1.0000
0.0000e+00 1.0000
1.8818e-16 0.4466
3.6109e-16 0.4600
0.0000e+00 1.0000
4.6365e-16 0.3625
6.8134e-16 0.3522
2.1153e-15 0.3461
8.0707e-16 0.2930
0.0000e+00 1.0000
0.0000e+00 1.0000
0.0000e+00 1.0000
2.8453e-16 0.4554
9.9284e-16 0.2985
1.5992e-15 0.3438
1.7413e-15 0.2025
3.9255e-15 0.2536
2.3970e-15 0.2004
0.0000e+00 1.0000
0.0000e+00 1.0000
5.1246e-16 0.3814
7.0604e-16 0.4512
1.0287e-15 0.3242
2.6322e-15 0.2066
1.9832e-14 0.0853
3.5890e-12 0.0088
1.7130e-14 0.0891
0.0000e+00 1.0000
0.0000e+00 1.0000
0.0000e+00 1.0000
6.9950e-16 0.3135
1.0714e-15 0.2505
4.9814e-15 0.1894
3.6019e-12 0.0088
2.8391e-10 0.0012
3.5778e-12 0.0088
0.0000e+00 1.0000
0.0000e+00 1.0000
0.0000e+00 1.0000
5.3018e-16 0.3236
1.1048e-15 0.2535
2.1873e-15 0.2084
2.0901e-14 0.0930
3.5995e-12 0.0088
1.6360e-14 0.0919
0.0000e+00 1.0000
0.0000e+00 1.0000
0.0000e+00 1.0000
2.6370e-16 0.4317
0.0000e+00 1.0000
0.0000e+00 1.0000
1.3608e-15 0.2377
2.7496e-15 0.1763
3.1550e-15 0.2082
0.0000e+00 1.0000
0.0000e+00 1.0000
0.0000e+00 1.0000
0.0000e+00 1.0000
0.0000e+00 1.0000
0.0000e+00 1.0000
1.4115e-16 0.4819
0.0000e+00 1.0000
0.0000e+00 1.0000
0.0000e+00 1.0000
0.0000e+00 1.0000
0.0000e+00 1.0000
2.1961e-16 0.4742
0.0000e+00 1.0000
0.0000e+00 1.0000
2.9300e-16 0.4673
2.7847e-16 0.4591
0.0000e+00 1.0000
0.0000e+00 1.0000
2.1137e-16 0.4075
1.4958e-16 0.4427
0.0000e+00 1.0000
4.1864e-16 0.4614
3.6508e-16 0.3491
4.0486e-16 0.3546
0.0000e+00 1.0000
0.0000e+00 1.0000
0.0000e+00 1.0000
0.0000e+00 1.0000
0.0000e+00 1.0000
3.8906e-16 0.4887
5.6608e-16 0.3773
6.5192e-16 0.3987
1.2448e-15 0.2537
6.0756e-16 0.3701
8.8302e-16 0.2792
0.0000e+00 1.0000
0.0000e+00 1.0000
0.0000e+00 1.0000
0.0000e+00 1.0000
6.4836e-16 0.3193
1.4090e-15 0.2425
2.6729e-15 0.1840
2.2618e-15 0.2144
2.1846e-15 0.2111
0.0000e+00 1.0000
2.4128e-16 0.4817
0.0000e+00 1.0000
9.3645e-16 0.4388
1.6585e-15 0.2719
2.8852e-15 0.2720
8.2921e-15 0.1188
1.6173e-14 0.0800
8.1206e-15 0.1265
0.0000e+00 1.0000
0.0000e+00 1.0000
4.5027e-16 0.4391
8.0122e-16 0.3046
1.8716e-15 0.2997
3.8487e-15 0.1726
1.7314e-14 0.0997
6.0786e-14 0.0452
1.9069e-14 0.0838
0.0000e+00 1.0000
0.0000e+00 1.0000
3.7850e-16 0.4036
4.0272e-16 0.3889
1.0860e-15 0.2558
2.5482e-15 0.2431
9.2673e-15 0.1129
1.8075e-14 0.0910
8.9937e-15 0.1159
0.0000e+00 1.0000
0.0000e+00 1.0000
0.0000e+00 1.0000
2.3069e-16 0.3737
5.4564e-16 0.3441
9.9163e-16 0.3085
3.7532e-15 0.2546
3.3633e-15 0.1567
3.7355e-15 0.2520
0.0000e+00 1.0000
0.0000e+00 1.0000
0.0000e+00 1.0000
0.0000e+00 1.0000
0.0000e+00 1.0000
0.0000e+00 1.0000
0.0000e+00 1.0000
0.0000e+00 1.0000
0.0000e+00 1.0000
0.0000e+00 1.0000
0.0000e+00 1.0000
0.0000e+00 1.0000
2.7176e-16 0.4762
2.4626e-16 0.4911
3.8235e-16 0.4768
2.9156e-16 0.4544
0.0000e+00 1.0000
2.3297e-16 0.4203
0.0000e+00 1.0000
0.0000e+00 1.0000
0.0000e+00 1.0000
3.9100e-16 0.4362
0.0000e+00 1.0000
0.0000e+00 1.0000
4.9382e-16 0.3233
0.0000e+00 1.0000
4.7146e-16 0.4280
0.0000e+00 1.0000
0.0000e+00 1.0000
3.5181e-16 0.4811
3.5402e-16 0.4538
3.5131e-16 0.3382
7.7729e-16 0.2629
8.2406e-16 0.2680
6.8248e-16 0.3136
6.8168e-16 0.3037
0.0000e+00 1.0000
0.0000e+00 1.0000
4.1591e-16 0.4164
6.4196e-16 0.4957
9.8440e-16 0.3323
1.6402e-15 0.2107
3.2321e-15 0.2116
2.5490e-15 0.2075
1.7373e-15 0.2857
0.0000e+00 1.0000
0.0000e+00 1.0000
3.9209e-16 0.4341
1.1131e-15 0.3220
1.3442e-15 0.3190
2.4939e-15 0.2458
7.0729e-15 0.1140
1.1484e-14 0.0952
6.6967e-15 0.1342
1.9384e-16 0.4494
3.7703e-16 0.4556
0.0000e+00 1.0000
6.9499e-16 0.4138
1.9257e-15 0.3148
3.2904e-15 0.1798
1.1532e-14 0.0912
2.9076e-14 0.0716
1.3571e-14 0.1009
1.6292e-16 0.4521
3.5355e-16 0.3958
0.0000e+00 1.0000
5.8076e-16 0.4226
7.2888e-16 0.2992
2.7853e-15 0.1673
6.1667e-15 0.1235
1.4977e-14 0.1073
6.5123e-15 0.1324
2.5112e-16 0.4650
0.0000e+00 1.0000
2.2079e-16 0.4422
7.0026e-16 0.3553
4.4769e-16 0.3226
2.2050e-15 0.2240
2.5015e-15 0.2695
3.7014e-15 0.2025
3.0851e-15 0.2204
0.0000e+00 1.0000
0.0000e+00 1.0000
0.0000e+00 1.0000
0.0000e+00 1.0000
0.0000e+00 1.0000
0.0000e+00 1.0000
0.0000e+00 1.0000
0.0000e+00 1.0000
0.0000e+00 1.0000
0.0000e+00 1.0000
0.0000e+00 1.0000
0.0000e+00 1.0000
0.0000e+00 1.0000
0.0000e+00 1.0000
1.7205e-16 0.4490
2.7432e-16 0.3887
0.0000e+00 1.0000
1.0444e-16 0.4624
0.0000e+00 1.0000
0.0000e+00 1.0000
1.3592e-16 0.4802
2.4382e-16 0.4200
2.5171e-16 0.4032
3.5235e-16 0.3498
3.8666e-16 0.3325
4.4181e-16 0.3540
8.0145e-16 0.4084
0.0000e+00 1.0000
0.0000e+00 1.0000
2.0207e-16 0.4199
3.7475e-16 0.4865
4.0995e-16 0.3527
8.2390e-16 0.2426
6.0304e-16 0.3578
6.6817e-16 0.3282
6.5850e-16 0.3936
0.0000e+00 1.0000
3.0177e-16 0.4190
0.0000e+00 1.0000
4.4560e-16 0.4363
8.7890e-16 0.3860
1.2978e-15 0.2583
2.1135e-15 0.1776
2.7398e-15 0.2147
1.7561e-15 0.1709
0.0000e+00 1.0000
0.0000e+00 1.0000
1.1579e-15 0.3772
6.2293e-16 0.3814
1.3613e-15 0.2950
1.6743e-15 0.2334
5.2349e-15 0.1600
8.9562e-15 0.1065
7.0652e-15 0.1210
0.0000e+00 1.0000
0.0000e+00 1.0000
0.0000e+00 1.0000
0.0000e+00 1.0000
1.5937e-15 0.2444
3.3989e-15 0.1841
9.6667e-15 0.1169
2.0286e-14 0.0884
1.0738e-14 0.1165
3.9565e-16 0.4439
0.0000e+00 1.0000
2.7405e-16 0.4500
0.0000e+00 1.0000
1.2765e-15 0.3024
2.1037e-15 0.2345
5.7660e-15 0.1637
1.0075e-14 0.1121
6.1212e-15 0.1505
2.5337e-16 0.4852
0.0000e+00 1.0000
4.8800e-16 0.4165
4.4296e-16 0.4376
1.0907e-15 0.4962
1.9773e-15 0.2939
1.8241e-15 0.2192
3.0565e-15 0.1756
2.3729e-15 0.1869
0.0000e+00 1.0000
0.0000e+00 1.0000
0.0000e+00 1.0000
0.0000e+00 1.0000
0.0000e+00 1.0000
0.0000e+00 1.0000
0.0000e+00 1.0000
0.0000e+00 1.0000
0.0000e+00 1.0000
0.0000e+00 1.0000
0.0000e+00 1.0000
0.0000e+00 1.0000
0.0000e+00 1.0000
0.0000e+00 1.0000
1.6188e-16 0.4828
0.0000e+00 1.0000
5.3141e-16 0.3784
2.2049e-16 0.4321
0.0000e+00 1.0000
0.0000e+00 1.0000
0.0000e+00 1.0000
0.0000e+00 1.0000
3.1101e-16 0.4489
0.0000e+00 1.0000
4.4250e-16 0.3594
5.4732e-16 0.4766
3.7670e-16 0.4544
0.0000e+00 1.0000
0.0000e+00 1.0000
0.0000e+00 1.0000
3.1042e-16 0.4288
4.4053e-16 0.3134
8.7271e-16 0.2655
8.4320e-16 0.3759
7.1103e-16 0.2900
6.3550e-16 0.2796
0.0000e+00 1.0000
4.9011e-16 0.4388
3.2494e-16 0.4874
3.9316e-16 0.4984
1.0114e-15 0.3257
1.4313e-15 0.2748
2.6645e-15 0.1765
2.5451e-15 0.1894
2.6774e-15 0.2500
0.0000e+00 1.0000
0.0000e+00 1.0000
5.8830e-16 0.4763
5.6104e-16 0.3725
1.3180e-15 0.4770
2.4409e-15 0.2417
3.5467e-15 0.1856
6.8429e-15 0.1129
5.4953e-15 0.1464
0.0000e+00 1.0000
2.2158e-16 0.4312
0.0000e+00 1.0000
0.0000e+00 1.0000
1.7183e-15 0.4002
3.3955e-15 0.1600
6.7541e-15 0.1339
1.3457e-14 0.1086
7.5099e-15 0.1399
0.0000e+00 1.0000
4.2403e-16 0.4748
0.0000e+00 1.0000
6.1201e-16 0.4438
1.0512e-15 0.2433
1.8141e-15 0.2191
4.8656e-15 0.1431
7.9860e-15 0.1559
4.7602e-15 0.1625
0.0000e+00 1.0000
0.0000e+00 1.0000
0.0000e+00 1.0000
3.7204e-16 0.3567
8.4584e-16 0.2694
1.1564e-15 0.3087
1.2998e-15 0.2468
2.4339e-15 0.2250
2.3008e-15 0.2059
0.0000e+00 1.0000
0.0000e+00 1.0000
0.0000e+00 1.0000
0.0000e+00 1.0000
0.0000e+00 1.0000
1.7670e-16 0.4901
0.0000e+00 1.0000
0.0000e+00 1.0000
3.0126e-16 0.3935
0.0000e+00 1.0000
0.0000e+00 1.0000
0.0000e+00 1.0000
0.0000e+00 1.0000
0.0000e+00 1.0000
0.0000e+00 1.0000
0.0000e+00 1.0000
0.0000e+00 1.0000
0.0000e+00 1.0000
0.0000e+00 1.0000
0.0000e+00 1.0000
0.0000e+00 1.0000
3.0651e-16 0.4264
3.2208e-16 0.4212
3.3740e-16 0.4089
4.8237e-16 0.3644
4.7264e-16 0.3558
0.0000e+00 1.0000
0.0000e+00 1.0000
0.0000e+00 1.0000
0.0000e+00 1.0000
5.3776e-16 0.3998
3.6760e-16 0.3648
7.3297e-16 0.3514
1.1981e-15 0.3445
9.9987e-16 0.3162
8.3899e-16 0.4091
2.1450e-16 0.4264
0.0000e+00 1.0000
9.8527e-16 0.4468
5.3009e-16 0.4412
6.1492e-16 0.3841
1.5327e-15 0.2180
2.7643e-15 0.2246
2.1916e-15 0.1794
2.4867e-15 0.2574
0.0000e+00 1.0000
6.3189e-16 0.4516
3.4161e-16 0.4843
0.0000e+00 1.0000
7.7899e-16 0.3557
2.0242e-15 0.2870
2.7528e-15 0.1814
5.1118e-15 0.1296
5.6186e-15 0.2001
0.0000e+00 1.0000
1.5950e-16 0.4576
5.3447e-16 0.4709
1.3548e-15 0.4263
1.7986e-15 0.2701
2.1770e-15 0.1986
6.3320e-15 0.1639
1.0089e-14 0.1143
6.4005e-15 0.1860
0.0000e+00 1.0000
1.3595e-16 0.4876
0.0000e+00 1.0000
4.1776e-16 0.4255
7.7041e-16 0.2627
1.7326e-15 0.2270
3.7858e-15 0.1593
6.6965e-15 0.1968
4.0727e-15 0.1785
0.0000e+00 1.0000
0.0000e+00 1.0000
0.0000e+00 1.0000
0.0000e+00 1.0000
6.8306e-16 0.2788
1.0324e-15 0.3002
1.2428e-15 0.2034
2.0715e-15 0.2334
2.5157e-15 0.1768
0.0000e+00 1.0000
0.0000e+00 1.0000
0.0000e+00 1.0000
0.0000e+00 1.0000
0.0000e+00 1.0000
0.0000e+00 1.0000
0.0000e+00 1.0000
0.0000e+00 1.0000
5.4958e-16 0.4713
0.0000e+00 1.0000
0.0000e+00 1.0000
0.0000e+00 1.0000
1.4894e-16 0.3763
0.0000e+00 1.0000
0.0000e+00 1.0000
0.0000e+00 1.0000
4.8590e-16 0.3710
4.3632e-16 0.3698
0.0000e+00 1.0000
0.0000e+00 1.0000
2.8436e-16 0.3501
3.9708e-16 0.3836
2.5755e-16 0.3574
1.6784e-16 0.4171
1.8504e-16 0.4208
9.3837e-16 0.3867
4.1488e-16 0.4314
0.0000e+00 1.0000
0.0000e+00 1.0000
0.0000e+00 1.0000
8.0283e-16 0.4406
3.3601e-16 0.4709
1.3136e-15 0.4101
1.2745e-15 0.3046
9.3506e-16 0.3060
1.1455e-15 0.3528
1.2972e-16 0.4824
3.6650e-16 0.4147
1.2062e-16 0.4996
5.1722e-16 0.4756
9.3026e-16 0.3744
1.4353e-15 0.2497
1.8609e-15 0.3194
2.4898e-15 0.2601
1.9631e-15 0.2387
0.0000e+00 1.0000
3.8099e-16 0.4785
0.0000e+00 1.0000
4.2471e-16 0.3752
7.9940e-16 0.3487
1.9026e-15 0.3302
2.6827e-15 0.2085
3.2681e-15 0.1446
4.0450e-15 0.2145
0.0000e+00 1.0000
0.0000e+00 1.0000
3.9138e-16 0.4495
8.0918e-16 0.4290
1.5988e-15 0.2005
2.5379e-15 0.2512
3.8223e-15 0.1552
6.5128e-15 0.1294
5.0460e-15 0.1907
4.3692e-17 0.4240
0.0000e+00 1.0000
4.8038e-16 0.4111
1.2477e-15 0.3419
9.3015e-16 0.3420
2.1462e-15 0.2515
4.0482e-15 0.1775
4.5520e-15 0.1349
3.7946e-15 0.1726
0.0000e+00 1.0000
0.0000e+00 1.0000
2.7911e-16 0.3600
0.0000e+00 1.0000
7.1152e-16 0.3252
1.1989e-15 0.2558
1.2169e-15 0.2020
2.2130e-15 0.3418
2.3192e-15 0.2022
0.0000e+00 1.0000
0.0000e+00 1.0000
0.0000e+00 1.0000
0.0000e+00 1.0000
2.3578e-16 0.4749
0.0000e+00 1.0000
0.0000e+00 1.0000
0.0000e+00 1.0000
6.6167e-17 0.4945
0.0000e+00 1.0000
0.0000e+00 1.0000
0.0000e+00 1.0000
7.3310e-17 0.4843
0.0000e+00 1.0000
2.1603e-16 0.4922
1.6241e-16 0.4253
1.6650e-16 0.4946
2.8186e-16 0.4787
0.0000e+00 1.0000
0.0000e+00 1.0000
0.0000e+00 1.0000
0.0000e+00 1.0000
0.0000e+00 1.0000
4.3497e-16 0.3755
1.0559e-15 0.4035
5.3857e-16 0.4317
0.0000e+00 1.0000
0.0000e+00 1.0000
0.0000e+00 1.0000
0.0000e+00 1.0000
0.0000e+00 1.0000
4.1040e-16 0.4036
9.0681e-16 0.2622
6.1943e-16 0.2650
8.2859e-16 0.2353
5.8585e-16 0.3087
0.0000e+00 1.0000
0.0000e+00 1.0000
0.0000e+00 1.0000
0.0000e+00 1.0000
4.0859e-16 0.2820
8.2065e-16 0.2527
1.6215e-15 0.1992
1.2394e-15 0.2442
1.6919e-15 0.1983
0.0000e+00 1.0000
0.0000e+00 1.0000
0.0000e+00 1.0000
3.0086e-16 0.4096
8.6602e-16 0.3154
1.4315e-15 0.2426
2.4472e-15 0.1869
3.2538e-15 0.1636
2.7041e-15 0.1961
0.0000e+00 1.0000
1.6891e-16 0.4252
1.2957e-15 0.4698
7.2806e-16 0.3651
1.5993e-15 0.2628
2.7520e-15 0.3465
3.7474e-15 0.2047
6.6038e-15 0.1852
4.1164e-15 0.2118
0.0000e+00 1.0000
0.0000e+00 1.0000
7.3814e-16 0.3996
5.4217e-16 0.3501
6.6048e-16 0.2590
1.8400e-15 0.2565
3.5169e-15 0.2695
4.3418e-15 0.1435
2.2441e-15 0.2405
0.0000e+00 1.0000
2.1712e-16 0.4132
0.0000e+00 1.0000
0.0000e+00 1.0000
7.4819e-16 0.3838
1.2994e-15 0.2451
1.7402e-15 0.4303
1.7563e-15 0.2328
1.8120e-15 0.2583
0.0000e+00 1.0000
0.0000e+00 1.0000
0.0000e+00 1.0000
2.7162e-16 0.3929
0.0000e+00 1.0000
0.0000e+00 1.0000
0.0000e+00 1.0000
0.0000e+00 1.0000
0.0000e+00 1.0000
0.0000e+00 1.0000
0.0000e+00 1.0000
0.0000e+00 1.0000
0.0000e+00 1.0000
3.1724e-16 0.4064
3.1817e-16 0.4284
9.7643e-17 0.4841
0.0000e+00 1.0000
3.1838e-16 0.4445
0.0000e+00 1.0000
0.0000e+00 1.0000
1.6504e-16 0.4637
0.0000e+00 1.0000
4.5359e-16 0.4648
6.1593e-16 0.3918
7.8787e-16 0.4802
1.7413e-16 0.3805
0.0000e+00 1.0000
0.0000e+00 1.0000
0.0000e+00 1.0000
0.0000e+00 1.0000
0.0000e+00 1.0000
3.2645e-16 0.3336
1.0910e-15 0.3350
9.7201e-16 0.3345
8.4107e-16 0.4022
5.3530e-16 0.2956
2.6718e-16 0.4720
0.0000e+00 1.0000
0.0000e+00 1.0000
3.3756e-16 0.3287
5.0727e-16 0.3072
1.2693e-15 0.3822
1.4471e-15 0.2189
2.0831e-15 0.3278
2.3513e-15 0.3437
0.0000e+00 1.0000
0.0000e+00 1.0000
0.0000e+00 1.0000
0.0000e+00 1.0000
6.2645e-16 0.2754
1.2928e-15 0.2173
1.9715e-15 0.2364
3.0828e-15 0.2778
2.8658e-15 0.1554
0.0000e+00 1.0000
2.0246e-16 0.4114
0.0000e+00 1.0000
1.1142e-15 0.3231
1.8773e-15 0.3196
1.8710e-15 0.3127
2.9701e-15 0.1961
3.9443e-15 0.1908
4.1122e-15 0.2159
0.0000e+00 1.0000
0.0000e+00 1.0000
5.4487e-16 0.3761
5.8299e-16 0.4655
5.4296e-16 0.3338
1.6034e-15 0.2602
2.6738e-15 0.2247
3.3357e-15 0.2051
3.0952e-15 0.2328
0.0000e+00 1.0000
0.0000e+00 1.0000
0.0000e+00 1.0000
0.0000e+00 1.0000
0.0000e+00 1.0000
1.0679e-15 0.2484
1.2735e-15 0.2637
2.4990e-15 0.3155
1.9215e-15 0.2091
0.0000e+00 1.0000
0.0000e+00 1.0000
1.6922e-16 0.4717
4.5375e-16 0.4284
0.0000e+00 1.0000
0.0000e+00 1.0000
0.0000e+00 1.0000
1.2402e-16 0.4705
0.0000e+00 1.0000
0.0000e+00 1.0000
0.0000e+00 1.0000
0.0000e+00 1.0000
0.0000e+00 1.0000
0.0000e+00 1.0000
1.1156e-16 0.4735
3.6989e-16 0.3966
1.5651e-16 0.3811
0.0000e+00 1.0000
0.0000e+00 1.0000
0.0000e+00 1.0000
0.0000e+00 1.0000
6.8614e-16 0.3766
2.7070e-16 0.3911
6.3516e-16 0.3529
4.5419e-16 0.3085
4.8517e-16 0.3935
3.7454e-16 0.4617
0.0000e+00 1.0000
0.0000e+00 1.0000
0.0000e+00 1.0000
0.0000e+00 1.0000
4.0147e-16 0.3529
1.1903e-15 0.4357
6.6477e-16 0.3461
9.9390e-16 0.3694
9.1801e-16 0.3235
0.0000e+00 1.0000
0.0000e+00 1.0000
0.0000e+00 1.0000
1.4892e-16 0.4093
7.3314e-16 0.3844
8.9895e-16 0.3351
1.2834e-15 0.2401
1.1924e-15 0.2606
1.0209e-15 0.2242
0.0000e+00 1.0000
0.0000e+00 1.0000
0.0000e+00 1.0000
3.4083e-16 0.4414
2.7027e-16 0.4239
1.3154e-15 0.2614
9.9969e-16 0.2170
2.0189e-15 0.2016
1.2746e-15 0.1973
1.9586e-16 0.4896
0.0000e+00 1.0000
0.0000e+00 1.0000
9.0350e-16 0.3663
7.9006e-16 0.2791
3.0905e-15 0.3564
1.7045e-15 0.2202
3.5833e-15 0.1964
1.9650e-15 0.2221
0.0000e+00 1.0000
0.0000e+00 1.0000
4.8454e-16 0.3475
3.0070e-16 0.4300
4.7198e-16 0.4075
1.2212e-15 0.2478
1.9022e-15 0.2259
2.7908e-15 0.1841
2.3423e-15 0.2658
0.0000e+00 1.0000
0.0000e+00 1.0000
0.0000e+00 1.0000
4.9810e-16 0.4064
8.3611e-16 0.3796
1.7687e-15 0.3662
7.8474e-16 0.3071
2.4248e-15 0.3220
2.0902e-15 0.2966
0.0000e+00 1.0000
1.8313e-16 0.4030
0.0000e+00 1.0000
2.1090e-16 0.4348
0.0000e+00 1.0000
0.0000e+00 1.0000
0.0000e+00 1.0000
0.0000e+00 1.0000
1.0336e-16 0.4835
0.0000e+00 1.0000
0.0000e+00 1.0000
1.5897e-16 0.4244
0.0000e+00 1.0000
3.1483e-16 0.4447
0.0000e+00 1.0000
0.0000e+00 1.0000
0.0000e+00 1.0000
1.7903e-16 0.4435
0.0000e+00 1.0000
0.0000e+00 1.0000
0.0000e+00 1.0000
0.0000e+00 1.0000
2.9848e-16 0.4103
6.0682e-16 0.3919
4.4975e-16 0.3622
5.2590e-16 0.4133
4.1073e-16 0.4066
0.0000e+00 1.0000
0.0000e+00 1.0000
0.0000e+00 1.0000
4.6368e-16 0.3154
3.0456e-16 0.3736
4.9895e-16 0.4691
7.5462e-16 0.2865
3.8923e-16 0.2770
6.5146e-16 0.3231
0.0000e+00 1.0000
0.0000e+00 1.0000
0.0000e+00 1.0000
0.0000e+00 1.0000
5.6930e-16 0.2951
9.0967e-16 0.2628
1.2051e-15 0.2635
1.4751e-15 0.2856
1.3214e-15 0.3255
0.0000e+00 1.0000
0.0000e+00 1.0000
5.0418e-17 0.4925
2.5098e-16 0.3864
1.0081e-15 0.2775
1.0849e-15 0.2974
1.2723e-15 0.2093
2.0401e-15 0.4067
1.6661e-15 0.2704
0.0000e+00 1.0000
0.0000e+00 1.0000
0.0000e+00 1.0000
8.5207e-16 0.3366
8.7781e-16 0.2938
1.5044e-15 0.2309
2.6160e-15 0.2365
2.1908e-15 0.1896
2.7897e-15 0.2392
0.0000e+00 1.0000
0.0000e+00 1.0000
0.0000e+00 1.0000
0.0000e+00 1.0000
3.3273e-16 0.3346
1.3936e-15 0.2931
1.8739e-15 0.2422
2.6070e-15 0.2202
2.0480e-15 0.2349
0.0000e+00 1.0000
0.0000e+00 1.0000
0.0000e+00 1.0000
1.8095e-16 0.4622
1.1883e-15 0.3589
3.3044e-16 0.3226
1.1420e-15 0.2544
1.9704e-15 0.2720
1.8271e-15 0.2999
0.0000e+00 1.0000
0.0000e+00 1.0000
0.0000e+00 1.0000
0.0000e+00 1.0000
0.0000e+00 1.0000
0.0000e+00 1.0000
0.0000e+00 1.0000
0.0000e+00 1.0000
0.0000e+00 1.0000
0.0000e+00 1.0000
0.0000e+00 1.0000
0.0000e+00 1.0000
0.0000e+00 1.0000
3.5344e-16 0.4479
2.5981e-16 0.4249
5.5020e-16 0.3386
1.8100e-16 0.4841
0.0000e+00 1.0000
0.0000e+00 1.0000
0.0000e+00 1.0000
0.0000e+00 1.0000
0.0000e+00 1.0000
4.8787e-16 0.4680
0.0000e+00 1.0000
4.8956e-16 0.3422
7.7222e-16 0.4672
2.6632e-16 0.4416
0.0000e+00 1.0000
2.3760e-16 0.4314
0.0000e+00 1.0000
1.6723e-16 0.4801
4.1307e-16 0.3394
3.6209e-16 0.4473
6.9619e-16 0.2964
1.0086e-15 0.4126
6.7721e-16 0.2858
0.0000e+00 1.0000
0.0000e+00 1.0000
2.7616e-16 0.4115
3.9489e-16 0.4993
3.1104e-16 0.3332
1.0127e-15 0.3017
1.0294e-15 0.2885
8.0919e-16 0.3200
1.0383e-15 0.2883
0.0000e+00 1.0000
0.0000e+00 1.0000
0.0000e+00 1.0000
3.8155e-16 0.3153
0.0000e+00 1.0000
8.1744e-16 0.2636
1.2333e-15 0.2661
1.3096e-15 0.2400
1.5366e-15 0.2384
0.0000e+00 1.0000
0.0000e+00 1.0000
5.4502e-16 0.4851
5.1072e-16 0.4056
3.0227e-16 0.3400
2.1833e-15 0.3196
1.5455e-15 0.2506
2.2864e-15 0.2964
1.3886e-15 0.1846
0.0000e+00 1.0000
4.0786e-16 0.3947
0.0000e+00 1.0000
3.6907e-16 0.3676
0.0000e+00 1.0000
1.4273e-15 0.3243
1.7716e-15 0.2487
1.3362e-15 0.1868
2.2673e-15 0.3642
0.0000e+00 1.0000
0.0000e+00 1.0000
9.7045e-17 0.4696
2.1193e-16 0.4273
9.9126e-16 0.3069
1.0457e-15 0.3386
1.4767e-15 0.2821
1.2939e-15 0.3258
1.3436e-15 0.3284
0.0000e+00 1.0000
0.0000e+00 1.0000
0.0000e+00 1.0000
0.0000e+00 1.0000
0.0000e+00 1.0000
3.8762e-16 0.3993
0.0000e+00 1.0000
0.0000e+00 1.0000
0.0000e+00 1.0000
0.0000e+00 1.0000
0.0000e+00 1.0000
0.0000e+00 1.0000
0.0000e+00 1.0000
3.1442e-16 0.3865
0.0000e+00 1.0000
3.9852e-16 0.4392
0.0000e+00 1.0000
0.0000e+00 1.0000
0.0000e+00 1.0000
0.0000e+00 1.0000
0.0000e+00 1.0000
1.6226e-16 0.4778
1.7364e-16 0.3898
0.0000e+00 1.0000
4.6447e-16 0.3578
2.7902e-16 0.4185
3.3016e-16 0.4422
0.0000e+00 1.0000
0.0000e+00 1.0000
0.0000e+00 1.0000
2.3311e-16 0.4291
1.9075e-16 0.4282
0.0000e+00 1.0000
5.3078e-16 0.3188
9.2606e-16 0.3612
4.2314e-16 0.3098
0.0000e+00 1.0000
0.0000e+00 1.0000
0.0000e+00 1.0000
5.2028e-16 0.4632
5.1119e-16 0.3080
7.7815e-16 0.3813
8.9056e-16 0.3683
6.6788e-16 0.3374
5.3096e-16 0.3276
0.0000e+00 1.0000
0.0000e+00 1.0000
0.0000e+00 1.0000
2.0920e-16 0.4929
4.6117e-16 0.3143
8.6955e-16 0.3303
1.1820e-15 0.2461
1.3287e-15 0.3373
1.1528e-15 0.3323
0.0000e+00 1.0000
0.0000e+00 1.0000
0.0000e+00 1.0000
2.5491e-16 0.4096
2.0514e-16 0.3761
1.0155e-15 0.3758
2.6486e-15 0.2727
1.9638e-15 0.2788
1.8450e-15 0.2550
4.9508e-16 0.4817
0.0000e+00 1.0000
0.0000e+00 1.0000
1.6674e-16 0.4698
8.1387e-16 0.3490
9.1201e-16 0.4350
1.5458e-15 0.2634
2.0038e-15 0.4900
1.6608e-15 0.3638
1.4614e-16 0.4740
0.0000e+00 1.0000
1.5513e-16 0.4014
4.1461e-16 0.4857
9.0533e-16 0.4266
3.1091e-16 0.3347
1.3378e-15 0.2825
1.0487e-15 0.2927
7.9177e-16 0.2623
0.0000e+00 1.0000
0.0000e+00 1.0000
0.0000e+00 1.0000
0.0000e+00 1.0000
0.0000e+00 1.0000
0.0000e+00 1.0000
0.0000e+00 1.0000
2.0135e-16 0.4562
0.0000e+00 1.0000
0.0000e+00 1.0000
0.0000e+00 1.0000
0.0000e+00 1.0000
0.0000e+00 1.0000
0.0000e+00 1.0000
0.0000e+00 1.0000
0.0000e+00 1.0000
2.5796e-16 0.3909
2.7101e-16 0.4421
0.0000e+00 1.0000
0.0000e+00 1.0000
0.0000e+00 1.0000
1.8777e-16 0.4369
0.0000e+00 1.0000
1.3145e-16 0.4101
2.5009e-16 0.4607
0.0000e+00 1.0000
2.9779e-16 0.3801
0.0000e+00 1.0000
0.0000e+00 1.0000
0.0000e+00 1.0000
0.0000e+00 1.0000
1.1864e-16 0.4767
1.6651e-16 0.4087
3.7766e-16 0.3135
1.2790e-15 0.3794
5.1800e-16 0.4259
0.0000e+00 1.0000
4.7456e-17 0.4894
0.0000e+00 1.0000
6.8167e-16 0.4822
3.6555e-16 0.3964
7.0097e-16 0.3967
7.4476e-16 0.3571
5.3876e-16 0.3113
7.0827e-16 0.3333
0.0000e+00 1.0000
0.0000e+00 1.0000
0.0000e+00 1.0000
2.6429e-16 0.3738
3.8327e-16 0.3916
7.0885e-16 0.3592
1.6006e-15 0.2839
9.3212e-16 0.3528
6.7328e-16 0.3486
0.0000e+00 1.0000
2.1372e-16 0.4776
0.0000e+00 1.0000
3.1454e-16 0.4219
0.0000e+00 1.0000
0.0000e+00 1.0000
1.1443e-15 0.2818
1.5032e-15 0.2200
1.1607e-15 0.2588
0.0000e+00 1.0000
0.0000e+00 1.0000
4.6968e-16 0.4293
2.1095e-16 0.4500
5.8507e-16 0.4231
9.3759e-16 0.3135
1.5736e-15 0.2577
1.3590e-15 0.2223
1.5202e-15 0.4437
0.0000e+00 1.0000
0.0000e+00 1.0000
9.7308e-17 0.4194
1.9603e-16 0.4303
9.5139e-16 0.3781
4.4621e-16 0.3043
1.4010e-15 0.3833
4.7330e-16 0.2675
1.7946e-15 0.4000
0.0000e+00 1.0000
0.0000e+00 1.0000
0.0000e+00 1.0000
0.0000e+00 1.0000
2.3826e-16 0.4193
0.0000e+00 1.0000
0.0000e+00 1.0000
0.0000e+00 1.0000
1.0884e-16 0.4940
0.0000e+00 1.0000
0.0000e+00 1.0000
0.0000e+00 1.0000
0.0000e+00 1.0000
3.6804e-16 0.4589
0.0000e+00 1.0000
3.5372e-16 0.4109
0.0000e+00 1.0000
5.8188e-17 0.4988
0.0000e+00 1.0000
0.0000e+00 1.0000
0.0000e+00 1.0000
2.6388e-16 0.4423
0.0000e+00 1.0000
3.3227e-16 0.4014
7.4112e-16 0.4066
0.0000e+00 1.0000
1.7391e-16 0.4549
0.0000e+00 1.0000
0.0000e+00 1.0000
0.0000e+00 1.0000
3.3762e-16 0.3918
2.3413e-16 0.4489
4.8689e-16 0.4212
7.2055e-16 0.4332
5.6192e-16 0.3547
8.8817e-16 0.3402
1.5584e-16 0.4342
0.0000e+00 1.0000
0.0000e+00 1.0000
3.2010e-16 0.3453
1.5643e-16 0.4931
5.8456e-16 0.3478
5.9063e-16 0.4215
5.9003e-16 0.3473
6.4629e-16 0.3610
0.0000e+00 1.0000
0.0000e+00 1.0000
0.0000e+00 1.0000
0.0000e+00 1.0000
6.7492e-16 0.4109
5.5816e-16 0.3387
6.3167e-16 0.4529
1.1488e-15 0.3931
5.2692e-16 0.2419
0.0000e+00 1.0000
5.7730e-16 0.4427
0.0000e+00 1.0000
0.0000e+00 1.0000
5.6887e-16 0.3106
6.3691e-16 0.3498
1.2747e-15 0.4276
1.4976e-15 0.3283
1.0500e-15 0.2468
0.0000e+00 1.0000
0.0000e+00 1.0000
0.0000e+00 1.0000
0.0000e+00 1.0000
3.5132e-16 0.4540
7.5268e-16 0.3314
1.4640e-15 0.3165
1.9813e-15 0.3878
1.1837e-15 0.4040
0.0000e+00 1.0000
0.0000e+00 1.0000
0.0000e+00 1.0000
4.1305e-16 0.4820
9.6944e-16 0.4183
1.1191e-15 0.4124
5.8935e-16 0.3407
3.3279e-16 0.3654
5.8685e-16 0.4067
0.0000e+00 1.0000
0.0000e+00 1.0000
0.0000e+00 1.0000
0.0000e+00 1.0000
0.0000e+00 1.0000
0.0000e+00 1.0000
0.0000e+00 1.0000
0.0000e+00 1.0000
0.0000e+00 1.0000
0.0000e+00 1.0000
0.0000e+00 1.0000
0.0000e+00 1.0000
1.8329e-16 0.4613
0.0000e+00 1.0000
0.0000e+00 1.0000
0.0000e+00 1.0000
0.0000e+00 1.0000
2.5929e-16 0.4967
0.0000e+00 1.0000
0.0000e+00 1.0000
0.0000e+00 1.0000
0.0000e+00 1.0000
0.0000e+00 1.0000
1.6350e-16 0.3973
2.6107e-16 0.3693
0.0000e+00 1.0000
5.5428e-16 0.3471
0.0000e+00 1.0000
0.0000e+00 1.0000
0.0000e+00 1.0000
1.6768e-16 0.4295
3.1249e-16 0.3652
2.1345e-16 0.4655
3.9785e-16 0.4457
3.8794e-16 0.3749
6.0824e-16 0.3943
0.0000e+00 1.0000
0.0000e+00 1.0000
0.0000e+00 1.0000
0.0000e+00 1.0000
2.4066e-16 0.4757
0.0000e+00 1.0000
6.0291e-16 0.4110
2.5029e-16 0.3603
3.9273e-16 0.3259
0.0000e+00 1.0000
0.0000e+00 1.0000
0.0000e+00 1.0000
3.1321e-16 0.4531
3.0263e-16 0.4526
3.1652e-16 0.3769
4.2927e-16 0.3713
3.8080e-16 0.4137
7.3514e-16 0.3778
0.0000e+00 1.0000
0.0000e+00 1.0000
0.0000e+00 1.0000
1.7441e-16 0.4809
1.3367e-15 0.4226
0.0000e+00 1.0000
8.8189e-16 0.2708
1.6687e-15 0.2643
6.2859e-16 0.2892
0.0000e+00 1.0000
2.5745e-16 0.4820
0.0000e+00 1.0000
0.0000e+00 1.0000
0.0000e+00 1.0000
1.1413e-15 0.3514
1.3115e-15 0.3004
9.5497e-16 0.2378
1.0439e-15 0.4544
0.0000e+00 1.0000
0.0000e+00 1.0000
0.0000e+00 1.0000
0.0000e+00 1.0000
0.0000e+00 1.0000
1.1430e-15 0.3594
7.4866e-16 0.4872
4.4696e-16 0.3452
1.0248e-15 0.4627
0.0000e+00 1.0000
0.0000e+00 1.0000
0.0000e+00 1.0000
0.0000e+00 1.0000
0.0000e+00 1.0000
0.0000e+00 1.0000
0.0000e+00 1.0000
2.5390e-16 0.4136
0.0000e+00 1.0000
0.0000e+00 1.0000
0.0000e+00 1.0000
0.0000e+00 1.0000
0.0000e+00 1.0000
0.0000e+00 1.0000
0.0000e+00 1.0000
0.0000e+00 1.0000
0.0000e+00 1.0000
0.0000e+00 1.0000
0.0000e+00 1.0000
0.0000e+00 1.0000
2.1449e-16 0.4248
0.0000e+00 1.0000
0.0000e+00 1.0000
1.7880e-16 0.4048
1.7248e-16 0.3926
4.9759e-16 0.4104
2.5782e-16 0.4660
0.0000e+00 1.0000
0.0000e+00 1.0000
2.9633e-16 0.4700
2.3697e-16 0.4854
3.2496e-16 0.4783
2.2119e-16 0.4311
3.6311e-16 0.4213
0.0000e+00 1.0000
6.4212e-16 0.3849
0.0000e+00 1.0000
0.0000e+00 1.0000
0.0000e+00 1.0000
1.4961e-16 0.4041
0.0000e+00 1.0000
0.0000e+00 1.0000
7.6994e-16 0.3500
4.6578e-16 0.3846
4.8734e-16 0.3616
0.0000e+00 1.0000
0.0000e+00 1.0000
0.0000e+00 1.0000
3.6254e-16 0.4340
6.8176e-16 0.4597
5.6863e-16 0.4057
0.0000e+00 1.0000
1.0136e-15 0.4977
3.7338e-16 0.3400
0.0000e+00 1.0000
0.0000e+00 1.0000
1.7119e-16 0.4577
1.5435e-16 0.4577
4.8345e-16 0.4426
0.0000e+00 1.0000
1.0877e-15 0.2597
1.4301e-15 0.3048
8.6777e-16 0.3649
0.0000e+00 1.0000
0.0000e+00 1.0000
9.4639e-17 0.4728
0.0000e+00 1.0000
0.0000e+00 1.0000
7.4162e-16 0.4038
1.2252e-15 0.3441
1.3208e-15 0.4089
2.0644e-15 0.3692
0.0000e+00 1.0000
0.0000e+00 1.0000
2.0334e-16 0.4647
0.0000e+00 1.0000
0.0000e+00 1.0000
5.5904e-16 0.3451
5.9018e-16 0.3208
5.5545e-16 0.3220
2.6772e-16 0.3208
0.0000e+00 1.0000
0.0000e+00 1.0000
0.0000e+00 1.0000
1.0769e-16 0.4643
0.0000e+00 1.0000
0.0000e+00 1.0000
0.0000e+00 1.0000
0.0000e+00 1.0000
0.0000e+00 1.0000
0.0000e+00 1.0000
0.0000e+00 1.0000
2.3669e-16 0.4385
0.0000e+00 1.0000
0.0000e+00 1.0000
0.0000e+00 1.0000
1.7081e-16 0.4224
0.0000e+00 1.0000
0.0000e+00 1.0000
0.0000e+00 1.0000
0.0000e+00 1.0000
0.0000e+00 1.0000
0.0000e+00 1.0000
0.0000e+00 1.0000
0.0000e+00 1.0000
2.7435e-16 0.3793
0.0000e+00 1.0000
2.6831e-16 0.3531
0.0000e+00 1.0000
0.0000e+00 1.0000
0.0000e+00 1.0000
0.0000e+00 1.0000
2.3478e-16 0.3881
0.0000e+00 1.0000
1.7445e-16 0.3984
0.0000e+00 1.0000
0.0000e+00 1.0000
0.0000e+00 1.0000
0.0000e+00 1.0000
0.0000e+00 1.0000
0.0000e+00 1.0000
1.3541e-16 0.4762
4.7667e-16 0.3427
0.0000e+00 1.0000
7.0280e-16 0.3706
5.4273e-16 0.3638
0.0000e+00 1.0000
0.0000e+00 1.0000
0.0000e+00 1.0000
3.5317e-16 0.4466
0.0000e+00 1.0000
8.7857e-16 0.3281
6.9963e-16 0.4755
4.1244e-16 0.3348
4.4585e-16 0.4278
0.0000e+00 1.0000
0.0000e+00 1.0000
0.0000e+00 1.0000
0.0000e+00 1.0000
6.6135e-16 0.4345
0.0000e+00 1.0000
8.9543e-16 0.2944
1.0267e-15 0.4181
8.5256e-16 0.3655
5.4710e-17 0.4747
0.0000e+00 1.0000
0.0000e+00 1.0000
1.4078e-16 0.4897
0.0000e+00 1.0000
8.6637e-16 0.4364
5.1303e-16 0.3893
1.0037e-15 0.2951
4.2986e-16 0.3941
0.0000e+00 1.0000
0.0000e+00 1.0000
1.7083e-16 0.4748
9.5981e-17 0.4268
1.9336e-16 0.4967
1.4804e-15 0.4458
0.0000e+00 1.0000
3.1144e-16 0.4177
9.2774e-16 0.4291
0.0000e+00 1.0000
0.0000e+00 1.0000
0.0000e+00 1.0000
0.0000e+00 1.0000
0.0000e+00 1.0000
0.0000e+00 1.0000
0.0000e+00 1.0000
8.6440e-17 0.4833
0.0000e+00 1.0000
0.0000e+00 1.0000
0.0000e+00 1.0000
3.5057e-16 0.4056
0.0000e+00 1.0000
0.0000e+00 1.0000
1.2851e-16 0.4043
0.0000e+00 1.0000
0.0000e+00 1.0000
8.6785e-17 0.4768
0.0000e+00 1.0000
0.0000e+00 1.0000
0.0000e+00 1.0000
0.0000e+00 1.0000
0.0000e+00 1.0000
0.0000e+00 1.0000
0.0000e+00 1.0000
8.1377e-16 0.4189
0.0000e+00 1.0000
0.0000e+00 1.0000
0.0000e+00 1.0000
0.0000e+00 1.0000
0.0000e+00 1.0000
0.0000e+00 1.0000
0.0000e+00 1.0000
7.8030e-16 0.4811
0.0000e+00 1.0000
4.4299e-16 0.4723
0.0000e+00 1.0000
0.0000e+00 1.0000
2.6493e-16 0.4296
2.0086e-16 0.4144
4.0676e-16 0.4409
4.7421e-16 0.3952
6.9005e-16 0.3964
3.6188e-16 0.3755
5.5800e-16 0.3464
0.0000e+00 1.0000
0.0000e+00 1.0000
0.0000e+00 1.0000
1.1416e-16 0.4797
2.6851e-16 0.4177
8.6960e-16 0.3817
4.9755e-16 0.3320
4.3515e-16 0.4200
0.0000e+00 1.0000
0.0000e+00 1.0000
2.1476e-16 0.4257
0.0000e+00 1.0000
0.0000e+00 1.0000
4.7755e-16 0.4694
0.0000e+00 1.0000
1.2376e-15 0.2671
7.1637e-16 0.3094
6.2090e-16 0.3649
0.0000e+00 1.0000
2.9322e-16 0.4339
1.0535e-16 0.4859
2.2828e-16 0.4503
3.7885e-16 0.4846
3.3342e-16 0.2894
7.8855e-16 0.3561
0.0000e+00 1.0000
1.4913e-15 0.3777
0.0000e+00 1.0000
0.0000e+00 1.0000
0.0000e+00 1.0000
2.1117e-16 0.4913
0.0000e+00 1.0000
5.7115e-16 0.4141
2.6686e-16 0.3762
5.4984e-16 0.3428
0.0000e+00 1.0000
