     9      9     20
d_kernel   u_kernel

4.3486e-15 0.3361
3.1090e-14 0.1597
6.2893e-14 0.1115
8.8827e-14 0.1036
9.5582e-14 0.0939
1.0611e-13 0.0857
7.7446e-14 0.1023
2.1486e-14 0.1955
5.9424e-15 0.2925
2.9265e-14 0.1660
1.0377e-13 0.0881
1.4479e-13 0.0727
1.9705e-13 0.0625
1.7740e-13 0.0663
1.7066e-13 0.0663
1.3653e-13 0.0737
7.8236e-14 0.0984
3.1888e-14 0.1556
5.7016e-14 0.1136
1.4852e-13 0.0708
2.1527e-13 0.0601
2.4854e-13 0.0556
2.6621e-13 0.0533
2.5863e-13 0.0544
1.9386e-13 0.0645
1.6492e-13 0.0692
6.3103e-14 0.1074
9.4035e-14 0.0884
1.9138e-13 0.0630
2.5959e-13 0.0533
4.7678e-13 0.0398
1.0753e-12 0.0249
4.7007e-13 0.0407
2.5240e-13 0.0558
1.7094e-13 0.0670
9.1498e-14 0.0915
8.8634e-14 0.0866
2.0868e-13 0.0615
2.7585e-13 0.0520
1.1216e-12 0.0244
1.1505e-09 0.0002
1.1061e-12 0.0247
2.7471e-13 0.0522
1.9133e-13 0.0631
1.0849e-13 0.0822
1.0176e-13 0.0872
2.0459e-13 0.0614
2.8299e-13 0.0531
4.7598e-13 0.0395
1.1415e-12 0.0246
4.8370e-13 0.0411
2.7716e-13 0.0540
1.7567e-13 0.0660
9.7306e-14 0.0879
6.0769e-14 0.1120
1.7060e-13 0.0675
2.2906e-13 0.0589
2.5727e-13 0.0541
2.9755e-13 0.0518
2.8155e-13 0.0529
2.1417e-13 0.0594
1.3433e-13 0.0738
5.8982e-14 0.1146
2.8666e-14 0.1657
7.4565e-14 0.1029
1.6570e-13 0.0698
2.0348e-13 0.0622
2.1804e-13 0.0605
1.9808e-13 0.0616
1.4029e-13 0.0707
8.0767e-14 0.0986
2.5389e-14 0.1861
5.0797e-15 0.3677
2.2217e-14 0.1695
6.9117e-14 0.1082
9.5314e-14 0.0920
1.1955e-13 0.0826
9.3072e-14 0.0893
6.8863e-14 0.1026
2.6729e-14 0.1775
6.0164e-15 0.3242
1.1717e-14 0.2470
4.4454e-14 0.1284
1.0103e-13 0.0848
1.7269e-13 0.0679
1.9558e-13 0.0646
1.9021e-13 0.0673
1.1500e-13 0.0826
3.7900e-14 0.1465
8.7428e-15 0.2754
6.0179e-14 0.1163
1.7318e-13 0.0690
2.5989e-13 0.0540
3.7697e-13 0.0452
3.6622e-13 0.0467
3.7185e-13 0.0467
2.7239e-13 0.0556
1.3748e-13 0.0751
5.7810e-14 0.1224
1.0472e-13 0.0857
2.5667e-13 0.0549
3.9358e-13 0.0457
5.2143e-13 0.0392
5.7500e-13 0.0366
5.2411e-13 0.0392
3.6987e-13 0.0462
2.7361e-13 0.0535
1.1477e-13 0.0807
2.0306e-13 0.0651
3.4880e-13 0.0477
5.2226e-13 0.0391
1.3610e-12 0.0242
4.1760e-12 0.0129
1.2677e-12 0.0250
5.1599e-13 0.0398
3.5190e-13 0.0474
1.8080e-13 0.0647
2.0402e-13 0.0627
3.6438e-13 0.0455
5.8832e-13 0.0369
4.1306e-12 0.0129
1.2156e-09 0.0002
4.1826e-12 0.0129
5.6474e-13 0.0373
3.7011e-13 0.0467
2.0028e-13 0.0614
1.8229e-13 0.0674
3.4486e-13 0.0477
5.4703e-13 0.0385
1.2898e-12 0.0247
4.0387e-12 0.0130
1.2737e-12 0.0247
4.8917e-13 0.0397
3.1117e-13 0.0498
1.4848e-13 0.0702
1.0048e-13 0.0890
2.7152e-13 0.0538
3.9503e-13 0.0447
5.1393e-13 0.0396
5.7217e-13 0.0373
5.0642e-13 0.0396
4.0521e-13 0.0446
2.7291e-13 0.0534
1.0997e-13 0.0841
3.7710e-14 0.1491
1.5125e-13 0.0760
2.8705e-13 0.0543
3.7093e-13 0.0473
3.6669e-13 0.0466
3.5468e-13 0.0471
2.4449e-13 0.0560
1.5559e-13 0.0728
4.8156e-14 0.1323
1.1210e-14 0.2928
4.0499e-14 0.1337
1.2680e-13 0.0797
1.8044e-13 0.0674
1.9603e-13 0.0632
1.8024e-13 0.0659
1.3398e-13 0.0817
4.7947e-14 0.1275
1.0744e-14 0.2293
1.5168e-14 0.1866
6.5582e-14 0.1097
1.8422e-13 0.0655
2.8325e-13 0.0538
3.3497e-13 0.0498
2.8513e-13 0.0528
1.7413e-13 0.0673
7.4237e-14 0.1060
1.4354e-14 0.2252
7.1362e-14 0.1019
2.6589e-13 0.0549
4.9283e-13 0.0407
6.7074e-13 0.0342
6.3383e-13 0.0355
6.2438e-13 0.0364
4.4280e-13 0.0422
2.6986e-13 0.0556
6.8234e-14 0.1004
1.8570e-13 0.0668
4.7775e-13 0.0411
7.2911e-13 0.0333
1.1031e-12 0.0274
1.2494e-12 0.0256
1.0012e-12 0.0280
6.9825e-13 0.0339
4.3674e-13 0.0428
1.9703e-13 0.0642
2.8774e-13 0.0521
6.3123e-13 0.0357
1.0308e-12 0.0282
3.3313e-12 0.0153
1.2088e-11 0.0073
3.2696e-12 0.0153
1.0527e-12 0.0279
6.1799e-13 0.0358
3.1956e-13 0.0508
3.3106e-13 0.0487
6.7896e-13 0.0344
1.1974e-12 0.0258
1.2172e-11 0.0072
1.2320e-09 0.0002
1.1952e-11 0.0073
1.2594e-12 0.0253
6.9203e-13 0.0339
3.2065e-13 0.0497
2.9047e-13 0.0530
6.6072e-13 0.0355
1.0524e-12 0.0278
3.2184e-12 0.0155
1.2014e-11 0.0073
3.2073e-12 0.0156
9.7884e-13 0.0282
6.0236e-13 0.0363
2.8474e-13 0.0528
1.6858e-13 0.0711
4.3961e-13 0.0432
7.2627e-13 0.0336
1.0245e-12 0.0281
1.2301e-12 0.0257
1.0337e-12 0.0282
7.2316e-13 0.0332
4.4987e-13 0.0422
1.6872e-13 0.0690
7.0904e-14 0.1082
2.6017e-13 0.0558
4.5192e-13 0.0420
6.2416e-13 0.0361
6.6328e-13 0.0349
6.6038e-13 0.0350
4.7519e-13 0.0415
2.5976e-13 0.0580
7.8320e-14 0.1066
1.3315e-14 0.2121
6.4426e-14 0.1053
1.8182e-13 0.0657
2.9380e-13 0.0525
3.4264e-13 0.0487
2.9138e-13 0.0523
1.8339e-13 0.0658
7.4738e-14 0.1026
1.3356e-14 0.2101
1.8419e-14 0.2029
9.4006e-14 0.0880
2.7521e-13 0.0541
4.9435e-13 0.0417
5.1476e-13 0.0393
4.0334e-13 0.0434
2.7678e-13 0.0551
1.0624e-13 0.0854
2.2313e-14 0.1769
1.0735e-13 0.0891
3.6114e-13 0.0472
8.1545e-13 0.0315
1.1299e-12 0.0269
1.1503e-12 0.0266
1.0948e-12 0.0276
8.0189e-13 0.0317
4.2270e-13 0.0442
8.3561e-14 0.0908
2.9518e-13 0.0537
8.2616e-13 0.0317
1.3433e-12 0.0246
2.0818e-12 0.0199
2.5718e-12 0.0176
2.0985e-12 0.0198
1.3979e-12 0.0243
8.2580e-13 0.0317
2.8063e-13 0.0535
4.3553e-13 0.0422
1.1032e-12 0.0271
2.0519e-12 0.0200
8.1888e-12 0.0094
3.7697e-11 0.0039
8.3611e-12 0.0094
2.0700e-12 0.0200
1.1113e-12 0.0268
4.6963e-13 0.0415
5.6653e-13 0.0388
1.2118e-12 0.0258
2.5904e-12 0.0177
3.7684e-11 0.0039
1.1614e-09 0.0003
3.7602e-11 0.0039
2.5821e-12 0.0176
1.2601e-12 0.0254
5.5140e-13 0.0376
4.3147e-13 0.0435
1.1080e-12 0.0272
2.0619e-12 0.0199
8.3652e-12 0.0094
3.7746e-11 0.0039
8.0910e-12 0.0095
2.0169e-12 0.0201
1.1097e-12 0.0269
4.7867e-13 0.0400
2.5676e-13 0.0558
7.5936e-13 0.0335
1.2812e-12 0.0249
2.0985e-12 0.0200
2.6345e-12 0.0175
2.0301e-12 0.0204
1.3372e-12 0.0246
7.7922e-13 0.0327
2.5300e-13 0.0554
9.8880e-14 0.0866
4.0886e-13 0.0453
7.5459e-13 0.0333
1.0844e-12 0.0272
1.2394e-12 0.0258
1.1007e-12 0.0273
7.6332e-13 0.0325
4.0249e-13 0.0464
9.3122e-14 0.0923
1.4270e-14 0.2286
9.2940e-14 0.0915
2.6619e-13 0.0566
4.5211e-13 0.0426
5.6843e-13 0.0377
4.6739e-13 0.0418
2.5294e-13 0.0556
9.6103e-14 0.0913
1.8611e-14 0.1914
1.3250e-14 0.2102
1.3418e-13 0.0753
4.1007e-13 0.0449
7.1056e-13 0.0338
8.8113e-13 0.0308
7.2515e-13 0.0341
4.1919e-13 0.0432
1.4021e-13 0.0778
2.7005e-14 0.1631
1.3809e-13 0.0755
6.1700e-13 0.0369
1.3762e-12 0.0248
1.9642e-12 0.0206
2.1818e-12 0.0194
1.9375e-12 0.0207
1.3162e-12 0.0251
5.9809e-13 0.0373
1.2573e-13 0.0775
4.2439e-13 0.0445
1.3545e-12 0.0249
2.4919e-12 0.0183
4.1197e-12 0.0142
5.5679e-12 0.0120
4.2263e-12 0.0140
2.5517e-12 0.0181
1.3373e-12 0.0251
3.8733e-13 0.0452
6.7286e-13 0.0349
1.9917e-12 0.0205
4.1055e-12 0.0141
2.0634e-11 0.0058
8.6460e-11 0.0025
2.0554e-11 0.0058
4.1963e-12 0.0141
2.0178e-12 0.0204
7.1800e-13 0.0336
8.2787e-13 0.0312
2.1918e-12 0.0193
5.5908e-12 0.0120
8.6396e-11 0.0025
9.5704e-10 0.0004
8.6232e-11 0.0025
5.5872e-12 0.0120
2.1971e-12 0.0195
8.2342e-13 0.0317
6.9272e-13 0.0344
1.9182e-12 0.0207
4.1139e-12 0.0141
2.0703e-11 0.0058
8.6144e-11 0.0025
2.0541e-11 0.0058
4.1814e-12 0.0140
1.8602e-12 0.0208
7.2659e-13 0.0330
3.9927e-13 0.0448
1.2973e-12 0.0254
2.4036e-12 0.0185
4.0934e-12 0.0142
5.5189e-12 0.0121
4.1069e-12 0.0143
2.4778e-12 0.0183
1.2442e-12 0.0255
4.0830e-13 0.0448
1.3670e-13 0.0746
5.5915e-13 0.0378
1.2422e-12 0.0259
1.8958e-12 0.0208
2.2371e-12 0.0192
1.8453e-12 0.0212
1.3021e-12 0.0251
6.0444e-13 0.0369
1.3321e-13 0.0777
1.9793e-14 0.1859
1.2458e-13 0.0781
3.9513e-13 0.0448
6.7783e-13 0.0342
8.3531e-13 0.0311
7.0955e-13 0.0340
3.9048e-13 0.0455
1.2820e-13 0.0782
2.0106e-14 0.1844
1.9449e-14 0.1785
1.7144e-13 0.0662
5.8907e-13 0.0379
1.0206e-12 0.0281
1.2618e-12 0.0257
1.0324e-12 0.0279
5.4901e-13 0.0378
1.6281e-13 0.0654
2.4158e-14 0.1810
1.7106e-13 0.0676
8.6016e-13 0.0314
2.0166e-12 0.0202
3.2276e-12 0.0162
3.8741e-12 0.0148
3.2767e-12 0.0161
2.0556e-12 0.0202
8.3836e-13 0.0313
1.5521e-13 0.0704
5.3276e-13 0.0389
1.9830e-12 0.0205
4.4098e-12 0.0139
8.0956e-12 0.0100
1.1369e-11 0.0083
8.1571e-12 0.0101
4.3160e-12 0.0139
2.0740e-12 0.0202
5.1236e-13 0.0399
9.7612e-13 0.0291
3.0872e-12 0.0164
8.1918e-12 0.0100
4.0885e-11 0.0040
1.3080e-10 0.0020
4.0714e-11 0.0040
8.1955e-12 0.0100
3.2309e-12 0.0161
1.0409e-12 0.0283
1.2680e-12 0.0256
3.7390e-12 0.0150
1.1218e-11 0.0083
1.3039e-10 0.0020
7.0555e-10 0.0006
1.3072e-10 0.0020
1.1165e-11 0.0084
3.8030e-12 0.0149
1.1977e-12 0.0260
1.0062e-12 0.0286
3.2208e-12 0.0162
8.1604e-12 0.0100
4.0895e-11 0.0040
1.3047e-10 0.0020
4.0449e-11 0.0041
8.1298e-12 0.0100
3.3265e-12 0.0160
1.0705e-12 0.0277
5.4116e-13 0.0387
2.1092e-12 0.0200
4.3759e-12 0.0139
8.0580e-12 0.0100
1.1231e-11 0.0084
8.0744e-12 0.0100
4.4498e-12 0.0138
1.9842e-12 0.0206
5.3903e-13 0.0386
1.6538e-13 0.0669
8.3788e-13 0.0316
2.0292e-12 0.0205
3.1585e-12 0.0164
3.7201e-12 0.0149
3.2411e-12 0.0161
2.0763e-12 0.0202
8.2826e-13 0.0322
1.6641e-13 0.0673
1.8494e-14 0.1865
1.7841e-13 0.0669
5.3944e-13 0.0386
1.0216e-12 0.0288
1.1927e-12 0.0263
1.0501e-12 0.0277
5.4191e-13 0.0390
1.6252e-13 0.0678
2.1548e-14 0.1701
1.8835e-14 0.1771
1.7697e-13 0.0637
6.9976e-13 0.0341
1.3888e-12 0.0243
1.7278e-12 0.0219
1.3887e-12 0.0243
6.9791e-13 0.0344
1.8957e-13 0.0641
1.4164e-14 0.1986
1.7524e-13 0.0639
1.0853e-12 0.0273
3.0293e-12 0.0168
5.0688e-12 0.0130
6.0337e-12 0.0118
5.1057e-12 0.0129
2.8577e-12 0.0170
1.1110e-12 0.0273
1.8470e-13 0.0651
6.8809e-13 0.0345
3.0433e-12 0.0168
7.2817e-12 0.0108
1.4378e-11 0.0075
2.0071e-11 0.0062
1.4242e-11 0.0075
7.1584e-12 0.0109
3.0509e-12 0.0167
6.6805e-13 0.0345
1.3239e-12 0.0249
4.9883e-12 0.0131
1.4185e-11 0.0075
6.1634e-11 0.0032
1.5024e-10 0.0019
6.1811e-11 0.0032
1.4399e-11 0.0075
4.9767e-12 0.0130
1.3822e-12 0.0246
1.7012e-12 0.0221
5.8988e-12 0.0119
1.9827e-11 0.0062
1.5017e-10 0.0019
4.9658e-10 0.0008
1.5010e-10 0.0019
2.0056e-11 0.0062
5.8906e-12 0.0119
1.6482e-12 0.0224
1.3047e-12 0.0249
4.9637e-12 0.0130
1.4366e-11 0.0075
6.1664e-11 0.0032
1.4991e-10 0.0019
6.1377e-11 0.0032
1.4365e-11 0.0075
5.1888e-12 0.0128
1.4075e-12 0.0241
6.7439e-13 0.0340
3.0445e-12 0.0168
7.1708e-12 0.0109
1.4325e-11 0.0075
2.0010e-11 0.0062
1.4163e-11 0.0076
7.2065e-12 0.0108
2.8787e-12 0.0172
6.5587e-13 0.0347
1.5573e-13 0.0672
1.1063e-12 0.0273
2.9864e-12 0.0170
4.9588e-12 0.0130
6.0548e-12 0.0118
4.9492e-12 0.0131
2.9369e-12 0.0170
1.0999e-12 0.0273
1.9397e-13 0.0642
1.9416e-14 0.1729
1.6865e-13 0.0659
6.4866e-13 0.0347
1.3636e-12 0.0248
1.6687e-12 0.0224
1.3204e-12 0.0250
6.9200e-13 0.0339
1.8001e-13 0.0642
1.8147e-14 0.1713
1.5277e-14 0.1885
1.4803e-13 0.0685
7.3743e-13 0.0324
1.6827e-12 0.0222
2.0661e-12 0.0199
1.6499e-12 0.0223
7.3839e-13 0.0327
1.6548e-13 0.0667
1.6927e-14 0.1827
1.7290e-13 0.0644
1.2524e-12 0.0256
3.9399e-12 0.0147
7.0062e-12 0.0109
8.6735e-12 0.0098
7.1313e-12 0.0109
3.8985e-12 0.0147
1.2843e-12 0.0252
1.6974e-13 0.0664
7.4033e-13 0.0325
3.9623e-12 0.0147
1.0509e-11 0.0089
2.1445e-11 0.0061
2.9722e-11 0.0050
2.1596e-11 0.0061
1.0720e-11 0.0089
4.0305e-12 0.0145
8.0119e-13 0.0317
1.6263e-12 0.0223
7.0946e-12 0.0110
2.1336e-11 0.0061
7.4808e-11 0.0029
1.4779e-10 0.0019
7.5495e-11 0.0029
2.1458e-11 0.0061
7.1170e-12 0.0109
1.6182e-12 0.0223
2.0336e-12 0.0200
8.4753e-12 0.0099
2.9429e-11 0.0050
1.4701e-10 0.0019
3.4700e-10 0.0011
1.4672e-10 0.0019
2.9424e-11 0.0050
8.5537e-12 0.0099
2.0383e-12 0.0200
1.6432e-12 0.0224
7.0950e-12 0.0109
2.1344e-11 0.0061
7.5039e-11 0.0029
1.4716e-10 0.0019
7.5095e-11 0.0029
2.1465e-11 0.0061
7.1499e-12 0.0109
1.6938e-12 0.0221
7.7973e-13 0.0312
4.0270e-12 0.0146
1.0680e-11 0.0089
2.1483e-11 0.0061
2.9676e-11 0.0050
2.1300e-11 0.0061
1.0381e-11 0.0090
3.8917e-12 0.0148
7.2053e-13 0.0328
1.7968e-13 0.0635
1.3218e-12 0.0250
4.0625e-12 0.0144
7.0962e-12 0.0109
8.6316e-12 0.0099
7.0816e-12 0.0109
3.8500e-12 0.0147
1.2886e-12 0.0253
1.6472e-13 0.0673
1.5220e-14 0.1957
1.7675e-13 0.0649
7.7712e-13 0.0321
1.6315e-12 0.0222
2.0724e-12 0.0200
1.6115e-12 0.0224
8.0882e-13 0.0310
1.7221e-13 0.0641
1.1464e-14 0.2015
7.3033e-15 0.2209
1.2786e-13 0.0729
7.6959e-13 0.0319
1.7980e-12 0.0210
2.2449e-12 0.0190
1.7459e-12 0.0215
7.5443e-13 0.0315
1.3537e-13 0.0704
8.7265e-15 0.2239
1.2908e-13 0.0719
1.2456e-12 0.0253
4.5421e-12 0.0135
8.8460e-12 0.0097
1.0999e-11 0.0087
8.8850e-12 0.0097
4.6212e-12 0.0135
1.3155e-12 0.0247
1.4485e-13 0.0696
7.4089e-13 0.0323
4.5402e-12 0.0136
1.3590e-11 0.0078
2.7575e-11 0.0053
3.7017e-11 0.0045
2.7669e-11 0.0053
1.3578e-11 0.0078
4.7293e-12 0.0133
7.5048e-13 0.0318
1.7187e-12 0.0215
9.0136e-12 0.0096
2.7723e-11 0.0053
7.9210e-11 0.0028
1.3186e-10 0.0021
7.9491e-11 0.0028
2.7489e-11 0.0053
8.9952e-12 0.0097
1.7227e-12 0.0215
2.2134e-12 0.0190
1.0997e-11 0.0087
3.7100e-11 0.0045
1.3199e-10 0.0021
2.4621e-10 0.0014
1.3139e-10 0.0021
3.6918e-11 0.0045
1.0892e-11 0.0087
2.2155e-12 0.0190
1.7229e-12 0.0215
8.9096e-12 0.0097
2.7945e-11 0.0053
7.9251e-11 0.0028
1.3238e-10 0.0021
7.9436e-11 0.0028
2.7843e-11 0.0053
8.8272e-12 0.0097
1.6677e-12 0.0217
7.1443e-13 0.0325
4.7548e-12 0.0133
1.3675e-11 0.0078
2.7831e-11 0.0053
3.6993e-11 0.0045
2.7679e-11 0.0053
1.3507e-11 0.0078
4.5531e-12 0.0135
7.4948e-13 0.0319
1.3606e-13 0.0698
1.3336e-12 0.0243
4.6359e-12 0.0134
8.9131e-12 0.0097
1.1049e-11 0.0087
8.9659e-12 0.0097
4.6696e-12 0.0134
1.3011e-12 0.0246
1.2509e-13 0.0709
5.6184e-15 0.2297
1.3281e-13 0.0744
7.5768e-13 0.0322
1.7428e-12 0.0212
2.2812e-12 0.0187
1.7931e-12 0.0212
7.4663e-13 0.0318
1.3327e-13 0.0703
5.6624e-15 0.2822
3.0385e-15 0.2071
9.2314e-14 0.0821
5.5918e-13 0.0357
1.5342e-12 0.0221
2.0585e-12 0.0195
1.5532e-12 0.0223
5.9074e-13 0.0346
9.0858e-14 0.0865
3.9032e-15 0.2417
7.7511e-14 0.0851
1.1760e-12 0.0254
4.7258e-12 0.0131
9.7300e-12 0.0092
1.2175e-11 0.0082
9.5456e-12 0.0093
4.6506e-12 0.0132
1.0915e-12 0.0263
9.8609e-14 0.0822
5.6859e-13 0.0357
4.6695e-12 0.0131
1.5388e-11 0.0073
3.0772e-11 0.0050
4.0558e-11 0.0043
3.0739e-11 0.0050
1.5196e-11 0.0073
4.7507e-12 0.0131
6.0728e-13 0.0345
1.5691e-12 0.0221
9.7293e-12 0.0092
3.1108e-11 0.0050
7.5773e-11 0.0029
1.1238e-10 0.0023
7.6263e-11 0.0029
3.0818e-11 0.0050
9.5624e-12 0.0093
1.5434e-12 0.0221
2.1394e-12 0.0192
1.2274e-11 0.0082
4.0566e-11 0.0043
1.1246e-10 0.0023
1.7881e-10 0.0017
1.1212e-10 0.0023
4.0178e-11 0.0043
1.2096e-11 0.0082
2.0534e-12 0.0195
1.5278e-12 0.0221
9.8382e-12 0.0092
3.1156e-11 0.0050
7.6047e-11 0.0029
1.1260e-10 0.0023
7.6110e-11 0.0029
3.0920e-11 0.0050
9.7666e-12 0.0092
1.4863e-12 0.0226
6.0090e-13 0.0348
4.8031e-12 0.0131
1.5290e-11 0.0073
3.0838e-11 0.0050
4.0365e-11 0.0043
3.1257e-11 0.0050
1.5236e-11 0.0073
4.6091e-12 0.0132
5.6524e-13 0.0357
9.0794e-14 0.0800
1.1353e-12 0.0258
4.6530e-12 0.0133
9.5750e-12 0.0093
1.2234e-11 0.0082
9.6762e-12 0.0092
4.6903e-12 0.0132
1.1255e-12 0.0261
8.9471e-14 0.0836
6.2046e-15 0.2585
9.7483e-14 0.0825
5.7915e-13 0.0353
1.5071e-12 0.0226
2.0978e-12 0.0193
1.5672e-12 0.0223
5.8005e-13 0.0355
8.3090e-14 0.0863
6.3122e-15 0.2778
5.6512e-15 0.2557
4.2874e-14 0.1118
3.7217e-13 0.0429
1.1048e-12 0.0258
1.5874e-12 0.0216
1.1349e-12 0.0253
3.7534e-13 0.0420
4.2542e-14 0.1137
2.0109e-15 0.2971
5.0551e-14 0.1115
7.8930e-13 0.0297
3.9519e-12 0.0140
9.0752e-12 0.0094
1.1761e-11 0.0083
8.8746e-12 0.0095
3.9029e-12 0.0142
7.6216e-13 0.0304
3.1421e-14 0.1274
3.5677e-13 0.0435
3.9650e-12 0.0142
1.4766e-11 0.0074
3.0295e-11 0.0050
3.9116e-11 0.0044
3.0541e-11 0.0050
1.4654e-11 0.0074
3.9905e-12 0.0141
3.5195e-13 0.0428
1.1454e-12 0.0254
8.9459e-12 0.0095
3.0490e-11 0.0050
6.7866e-11 0.0031
9.3027e-11 0.0026
6.8029e-11 0.0031
3.0317e-11 0.0050
9.1166e-12 0.0094
1.1519e-12 0.0248
1.6190e-12 0.0213
1.1575e-11 0.0083
3.9205e-11 0.0044
9.3160e-11 0.0026
1.3276e-10 0.0020
9.2486e-11 0.0026
3.8986e-11 0.0044
1.1546e-11 0.0083
1.5646e-12 0.0216
1.0810e-12 0.0254
9.0321e-12 0.0094
3.0364e-11 0.0050
6.7727e-11 0.0031
9.2904e-11 0.0026
6.7741e-11 0.0031
3.0353e-11 0.0050
9.1167e-12 0.0094
1.1414e-12 0.0252
3.7789e-13 0.0417
4.0514e-12 0.0138
1.4829e-11 0.0074
3.0397e-11 0.0050
3.9007e-11 0.0044
3.0530e-11 0.0050
1.4962e-11 0.0074
3.9862e-12 0.0141
3.4397e-13 0.0434
4.3754e-14 0.1131
8.3316e-13 0.0295
3.9883e-12 0.0140
8.7402e-12 0.0095
1.1658e-11 0.0083
8.9863e-12 0.0094
3.9970e-12 0.0141
7.7896e-13 0.0299
4.4517e-14 0.1080
3.5152e-15 0.2389
4.1593e-14 0.1076
3.7297e-13 0.0428
1.1368e-12 0.0258
1.5607e-12 0.0217
1.1193e-12 0.0255
3.6148e-13 0.0428
4.2559e-14 0.1132
4.9684e-15 0.2488
4.0338e-15 0.2687
1.8376e-14 0.1544
1.6268e-13 0.0620
6.0278e-13 0.0331
9.2040e-13 0.0273
6.0957e-13 0.0330
1.6570e-13 0.0594
1.4721e-14 0.1638
2.3632e-15 0.1891
1.8384e-14 0.1499
4.0254e-13 0.0409
2.6670e-12 0.0167
6.8949e-12 0.0106
9.1379e-12 0.0092
6.8986e-12 0.0106
2.6954e-12 0.0167
3.8689e-13 0.0406
1.7091e-14 0.1603
1.6462e-13 0.0610
2.7497e-12 0.0164
1.2145e-11 0.0080
2.6137e-11 0.0054
3.3381e-11 0.0047
2.6402e-11 0.0054
1.2028e-11 0.0081
2.7478e-12 0.0164
1.6113e-13 0.0603
5.9050e-13 0.0337
7.0398e-12 0.0105
2.6129e-11 0.0054
5.6472e-11 0.0035
7.3889e-11 0.0030
5.6445e-11 0.0035
2.6388e-11 0.0054
7.0188e-12 0.0105
6.1409e-13 0.0328
8.9942e-13 0.0278
9.1026e-12 0.0092
3.3710e-11 0.0047
7.4417e-11 0.0030
9.8982e-11 0.0025
7.4219e-11 0.0030
3.3752e-11 0.0047
9.3498e-12 0.0091
9.1800e-13 0.0274
6.2116e-13 0.0326
6.9185e-12 0.0105
2.6375e-11 0.0054
5.6161e-11 0.0035
7.4107e-11 0.0030
5.6385e-11 0.0035
2.6304e-11 0.0054
6.9788e-12 0.0105
6.1542e-13 0.0330
1.9322e-13 0.0558
2.7622e-12 0.0164
1.1995e-11 0.0081
2.6317e-11 0.0054
3.3772e-11 0.0047
2.6307e-11 0.0054
1.2134e-11 0.0080
2.6964e-12 0.0166
1.5044e-13 0.0618
1.8045e-14 0.1587
4.2368e-13 0.0390
2.7390e-12 0.0165
6.9268e-12 0.0105
9.1535e-12 0.0092
6.8156e-12 0.0106
2.6628e-12 0.0167
4.3705e-13 0.0384
1.6553e-14 0.1574
5.2700e-15 0.2694
1.6985e-14 0.1581
1.4761e-13 0.0626
6.0721e-13 0.0333
8.9020e-13 0.0278
6.1687e-13 0.0323
1.6459e-13 0.0618
2.0807e-14 0.1710
4.3715e-15 0.2180
3.9383e-15 0.3263
7.1157e-15 0.1809
5.7729e-14 0.0964
2.3247e-13 0.0501
3.5756e-13 0.0421
2.1178e-13 0.0520
5.8262e-14 0.0953
7.8911e-15 0.2276
2.9626e-15 0.2422
5.8196e-15 0.2263
1.5673e-13 0.0622
1.3084e-12 0.0228
4.1467e-12 0.0132
5.8651e-12 0.0112
4.1878e-12 0.0133
1.3898e-12 0.0222
1.3856e-13 0.0644
8.0036e-15 0.2115
4.9810e-14 0.0991
1.3780e-12 0.0223
7.9128e-12 0.0097
1.8970e-11 0.0063
2.4840e-11 0.0055
1.9336e-11 0.0063
8.0068e-12 0.0097
1.3519e-12 0.0225
4.8536e-14 0.1021
2.4182e-13 0.0503
4.1989e-12 0.0132
1.9211e-11 0.0063
4.2575e-11 0.0041
5.5111e-11 0.0035
4.2714e-11 0.0041
1.9223e-11 0.0063
4.1205e-12 0.0133
2.2264e-13 0.0514
3.6796e-13 0.0411
5.6475e-12 0.0114
2.4956e-11 0.0055
5.5644e-11 0.0035
7.1772e-11 0.0030
5.5338e-11 0.0035
2.5179e-11 0.0054
5.8141e-12 0.0112
3.5273e-13 0.0409
2.3313e-13 0.0496
4.0883e-12 0.0133
1.9269e-11 0.0063
4.2505e-11 0.0041
5.5072e-11 0.0035
4.2522e-11 0.0041
1.9185e-11 0.0063
4.1720e-12 0.0132
2.3437e-13 0.0501
5.4248e-14 0.0941
1.3237e-12 0.0228
7.9354e-12 0.0097
1.9136e-11 0.0063
2.5157e-11 0.0054
1.9169e-11 0.0063
8.0628e-12 0.0097
1.3537e-12 0.0226
4.4622e-14 0.1051
1.1768e-14 0.2001
1.4796e-13 0.0631
1.4105e-12 0.0222
4.1593e-12 0.0132
5.7172e-12 0.0114
4.1035e-12 0.0133
1.3188e-12 0.0229
1.5867e-13 0.0609
8.3369e-15 0.2057
4.4142e-15 0.1833
9.1301e-15 0.1943
5.1712e-14 0.0994
2.1387e-13 0.0525
3.6904e-13 0.0405
2.3950e-13 0.0486
5.6346e-14 0.0992
9.0311e-15 0.2016
4.7217e-15 0.2259
5.1717e-15 0.4153
7.1285e-15 0.2228
1.7146e-14 0.1412
5.2797e-14 0.0946
9.1309e-14 0.0742
4.2170e-14 0.0992
1.9196e-14 0.1509
6.4421e-15 0.1985
4.4665e-15 0.2191
5.9443e-15 0.2193
3.9606e-14 0.1129
4.3812e-13 0.0372
1.7760e-12 0.0195
2.6757e-12 0.0160
1.7239e-12 0.0196
4.6485e-13 0.0369
3.8109e-14 0.1161
5.1666e-15 0.2378
1.6125e-14 0.1397
4.4570e-13 0.0374
3.8336e-12 0.0136
1.1090e-11 0.0081
1.5158e-11 0.0069
1.1036e-11 0.0081
3.8732e-12 0.0135
4.4173e-13 0.0371
1.7035e-14 0.1606
5.8577e-14 0.0909
1.6929e-12 0.0198
1.0981e-11 0.0082
2.7500e-11 0.0051
3.6281e-11 0.0044
2.7508e-11 0.0051
1.1093e-11 0.0081
1.7887e-12 0.0195
5.6929e-14 0.0930
9.1069e-14 0.0737
2.6547e-12 0.0161
1.5107e-11 0.0070
3.6383e-11 0.0044
4.7653e-11 0.0038
3.6449e-11 0.0044
1.5250e-11 0.0069
2.5984e-12 0.0161
9.6225e-14 0.0724
6.6370e-14 0.0851
1.7626e-12 0.0195
1.1054e-11 0.0081
2.7592e-11 0.0051
3.6047e-11 0.0044
2.7543e-11 0.0051
1.0943e-11 0.0082
1.7289e-12 0.0196
5.3023e-14 0.0951
1.6617e-14 0.1470
4.3588e-13 0.0376
3.8385e-12 0.0135
1.1079e-11 0.0081
1.5129e-11 0.0069
1.1087e-11 0.0081
3.8231e-12 0.0136
4.3563e-13 0.0373
1.5791e-14 0.1656
8.7118e-15 0.2131
3.7963e-14 0.1123
4.4184e-13 0.0372
1.7471e-12 0.0196
2.5773e-12 0.0162
1.7226e-12 0.0197
4.7908e-13 0.0362
3.8407e-14 0.1181
4.8855e-15 0.2590
4.9919e-15 0.2219
8.4659e-15 0.2332
1.4218e-14 0.1484
5.6151e-14 0.0919
9.1925e-14 0.0800
6.4926e-14 0.0863
1.6137e-14 0.1522
8.5090e-15 0.2600
8.8389e-15 0.2927
6.6410e-15 0.2228
6.3125e-15 0.2225
1.3171e-14 0.1815
1.6009e-14 0.1668
2.4350e-14 0.1319
2.0209e-14 0.1393
8.8834e-15 0.1941
4.9999e-15 0.1765
6.9131e-15 0.2467
9.0429e-15 0.1789
1.6808e-14 0.2112
9.0999e-14 0.0736
4.3218e-13 0.0363
7.4184e-13 0.0286
4.5843e-13 0.0360
9.3534e-14 0.0721
1.2942e-14 0.1860
7.0270e-15 0.2353
1.3708e-14 0.1677
8.4833e-14 0.0764
1.1646e-12 0.0231
4.4326e-12 0.0123
6.4424e-12 0.0103
4.3886e-12 0.0124
1.1935e-12 0.0230
9.0481e-14 0.0733
1.0781e-14 0.1493
1.4170e-14 0.1612
4.3118e-13 0.0364
4.3635e-12 0.0124
1.3623e-11 0.0072
1.8880e-11 0.0061
1.3407e-11 0.0072
4.5209e-12 0.0123
4.3328e-13 0.0361
1.9214e-14 0.1389
2.5862e-14 0.1410
7.4246e-13 0.0285
6.4937e-12 0.0103
1.8831e-11 0.0061
2.5753e-11 0.0052
1.8998e-11 0.0061
6.6032e-12 0.0102
7.2583e-13 0.0288
2.4122e-14 0.1322
1.9355e-14 0.1457
4.1180e-13 0.0376
4.3638e-12 0.0124
1.3567e-11 0.0072
1.8787e-11 0.0061
1.3556e-11 0.0072
4.3551e-12 0.0125
4.5588e-13 0.0360
1.8589e-14 0.1524
1.3433e-14 0.1674
9.2548e-14 0.0741
1.2024e-12 0.0228
4.3864e-12 0.0124
6.4699e-12 0.0103
4.3879e-12 0.0123
1.1229e-12 0.0235
8.9520e-14 0.0734
1.0359e-14 0.1788
1.0169e-14 0.2186
1.4073e-14 0.1733
9.4573e-14 0.0716
4.3451e-13 0.0365
7.6192e-13 0.0281
4.5217e-13 0.0357
9.0774e-14 0.0730
1.2886e-14 0.1703
5.4579e-15 0.3728
5.6922e-15 0.2361
5.5988e-15 0.2462
8.7867e-15 0.1692
1.8298e-14 0.1390
2.6635e-14 0.1229
1.3845e-14 0.1330
9.7247e-15 0.1714
7.8482e-15 0.1814
3.9020e-15 0.2989
4.9376e-15 0.2060
6.6490e-15 0.2474
7.5602e-15 0.1451
1.0852e-14 0.1382
1.3194e-14 0.1728
1.5540e-14 0.1497
8.0347e-15 0.1667
6.0676e-15 0.2131
5.2436e-15 0.3260
1.1743e-14 0.1914
9.9482e-15 0.1820
1.8150e-14 0.1601
6.3042e-14 0.0801
1.2185e-13 0.0619
7.2653e-14 0.0810
1.9242e-14 0.1343
9.0501e-15 0.1929
5.0095e-15 0.2033
8.9250e-15 0.1668
2.5205e-14 0.1298
1.9133e-13 0.0518
9.6569e-13 0.0247
1.6417e-12 0.0194
1.0155e-12 0.0243
1.9835e-13 0.0510
2.4431e-14 0.1341
9.6239e-15 0.2016
1.0483e-14 0.1383
6.9034e-14 0.0827
9.8574e-13 0.0245
4.1963e-12 0.0124
6.4577e-12 0.0101
4.1739e-12 0.0124
1.0331e-12 0.0238
7.4116e-14 0.0850
1.7267e-14 0.1628
1.4204e-14 0.1892
1.1285e-13 0.0647
1.6395e-12 0.0192
6.4640e-12 0.0101
9.5759e-12 0.0084
6.3893e-12 0.0102
1.6732e-12 0.0192
1.1941e-13 0.0640
1.4536e-14 0.1654
1.1900e-14 0.1764
6.6371e-14 0.0838
1.0263e-12 0.0241
4.1553e-12 0.0125
6.3648e-12 0.0102
4.2125e-12 0.0124
1.0178e-12 0.0242
6.5442e-14 0.0814
1.7016e-14 0.1432
1.1741e-14 0.1434
1.9422e-14 0.1446
1.9487e-13 0.0497
9.8708e-13 0.0245
1.6986e-12 0.0191
1.0263e-12 0.0241
1.9436e-13 0.0522
1.8533e-14 0.1422
9.2825e-15 0.1787
1.0655e-14 0.1981
1.0328e-14 0.2198
2.1434e-14 0.1347
7.2133e-14 0.0810
1.2098e-13 0.0640
7.6847e-14 0.0781
2.6087e-14 0.1345
1.2837e-14 0.1544
5.6924e-15 0.1980
6.9442e-15 0.3062
9.5155e-15 0.2144
1.1047e-14 0.1799
1.3384e-14 0.1549
1.4739e-14 0.1536
1.1761e-14 0.1624
1.1430e-14 0.1821
7.1905e-15 0.2046
6.6342e-15 0.2626
4.8161e-15 0.2299
7.3999e-15 0.2019
1.0420e-14 0.1867
1.4688e-14 0.1493
1.2539e-14 0.1702
1.3069e-14 0.1362
1.0053e-14 0.1989
7.9850e-15 0.2158
4.8093e-15 0.2631
1.1537e-14 0.1918
1.0092e-14 0.1666
1.4340e-14 0.1348
2.8534e-14 0.1311
2.9104e-14 0.1083
2.6513e-14 0.1297
1.5128e-14 0.1466
9.9411e-15 0.1949
4.7130e-15 0.1841
1.1981e-14 0.2019
1.4036e-14 0.1423
3.2074e-14 0.1051
1.1569e-13 0.0611
2.0884e-13 0.0489
1.3690e-13 0.0597
3.1587e-14 0.1037
1.9247e-14 0.1419
1.3852e-14 0.2224
1.0367e-14 0.1778
2.5685e-14 0.1390
1.2145e-13 0.0618
6.8218e-13 0.0283
1.1442e-12 0.0222
6.5490e-13 0.0288
1.3091e-13 0.0607
2.2928e-14 0.1197
1.2488e-14 0.1788
1.4637e-14 0.1555
2.5812e-14 0.1065
2.0856e-13 0.0493
1.1500e-12 0.0223
1.9570e-12 0.0174
1.1448e-12 0.0224
2.2163e-13 0.0467
2.7678e-14 0.1143
1.2619e-14 0.1487
1.1571e-14 0.1537
2.4255e-14 0.1271
1.2273e-13 0.0622
6.6397e-13 0.0285
1.1402e-12 0.0222
6.6596e-13 0.0287
1.2563e-13 0.0616
1.8961e-14 0.1349
1.2628e-14 0.1873
1.1867e-14 0.1771
1.6218e-14 0.1427
4.1264e-14 0.1015
1.1795e-13 0.0620
2.2500e-13 0.0471
1.1822e-13 0.0644
3.9332e-14 0.1149
1.4266e-14 0.1397
8.6895e-15 0.1777
9.2758e-15 0.1663
9.7267e-15 0.1825
1.5563e-14 0.1430
2.3734e-14 0.1306
2.8846e-14 0.1142
2.7443e-14 0.1169
1.8073e-14 0.1424
1.2944e-14 0.1899
6.6088e-15 0.1936
5.8228e-15 0.2576
7.5429e-15 0.2229
1.2039e-14 0.1564
1.7011e-14 0.1549
1.4856e-14 0.1560
1.3579e-14 0.1778
1.2840e-14 0.1682
7.7649e-15 0.2342
5.0630e-15 0.2060
7.1121e-15 0.2432
7.0238e-15 0.2137
1.0127e-14 0.1631
1.4914e-14 0.1588
1.5601e-14 0.1485
1.5095e-14 0.1602
8.4544e-15 0.1974
6.1344e-15 0.1938
4.6717e-15 0.2258
6.7638e-15 0.2583
9.4436e-15 0.1652
1.4191e-14 0.1529
2.0958e-14 0.1209
2.5484e-14 0.1198
2.1976e-14 0.1406
1.4150e-14 0.1429
1.0924e-14 0.1899
7.6582e-15 0.2051
8.7372e-15 0.1702
1.3233e-14 0.1345
2.6502e-14 0.1394
4.4110e-14 0.0949
5.5575e-14 0.0856
4.4793e-14 0.0983
2.2652e-14 0.1296
1.8622e-14 0.1434
1.3580e-14 0.1737
1.4267e-14 0.1669
2.5239e-14 0.1261
4.1843e-14 0.0933
9.9567e-14 0.0674
1.5921e-13 0.0563
1.0154e-13 0.0684
3.8704e-14 0.1015
2.1323e-14 0.1308
1.3869e-14 0.1686
1.2358e-14 0.1699
2.8102e-14 0.1390
5.4560e-14 0.0845
1.4128e-13 0.0550
2.4851e-13 0.0437
1.5509e-13 0.0553
5.6552e-14 0.0909
2.1445e-14 0.1226
1.2619e-14 0.1894
1.4011e-14 0.1496
2.1644e-14 0.1294
3.8249e-14 0.1046
9.4643e-14 0.0665
1.4651e-13 0.0542
9.5960e-14 0.0706
3.4226e-14 0.1033
1.8177e-14 0.1538
1.1476e-14 0.1684
1.6631e-14 0.1964
1.7194e-14 0.1437
2.6927e-14 0.1209
4.2512e-14 0.0922
5.9079e-14 0.0871
4.0967e-14 0.0999
2.4173e-14 0.1251
1.5467e-14 0.1350
9.3844e-15 0.1475
7.5643e-15 0.1889
1.0953e-14 0.1933
1.7029e-14 0.1360
2.2723e-14 0.1106
3.1135e-14 0.1119
2.3354e-14 0.1317
1.9590e-14 0.1465
1.1810e-14 0.1617
9.2019e-15 0.2145
6.2454e-15 0.2313
6.9861e-15 0.2043
1.0119e-14 0.2096
1.3700e-14 0.1792
1.0172e-14 0.1323
1.3805e-14 0.1852
1.0035e-14 0.1948
6.5204e-15 0.1866
5.2544e-15 0.2133
5.3746e-15 0.2827
7.1712e-15 0.2028
9.4731e-15 0.1726
1.4007e-14 0.1588
1.5289e-14 0.1629
1.1974e-14 0.1749
1.2633e-14 0.1644
5.5119e-15 0.2295
4.8910e-15 0.2030
6.5466e-15 0.1950
1.1892e-14 0.1992
1.5791e-14 0.1709
2.7164e-14 0.1283
2.4035e-14 0.1236
1.9564e-14 0.1300
1.8378e-14 0.1628
1.2899e-14 0.1961
5.2601e-15 0.2229
8.5099e-15 0.2045
1.6483e-14 0.1742
2.1125e-14 0.1201
3.4593e-14 0.1107
3.4127e-14 0.0999
4.2484e-14 0.1089
2.2358e-14 0.1254
1.8138e-14 0.1573
1.2410e-14 0.1689
1.2631e-14 0.1644
2.2609e-14 0.1365
3.5105e-14 0.0961
6.9962e-14 0.0781
9.4529e-14 0.0664
7.2845e-14 0.0842
3.8053e-14 0.1042
2.2307e-14 0.1191
1.0045e-14 0.1708
1.5417e-14 0.1842
2.5586e-14 0.1287
4.8623e-14 0.0999
7.1997e-14 0.0679
1.3138e-13 0.0590
9.9455e-14 0.0678
4.9477e-14 0.0970
1.9750e-14 0.1272
1.3997e-14 0.1575
1.3713e-14 0.1613
2.4792e-14 0.1382
3.3761e-14 0.1054
6.3536e-14 0.0855
9.6035e-14 0.0670
6.4137e-14 0.0829
3.3922e-14 0.1153
1.8398e-14 0.1406
1.0288e-14 0.2225
1.3034e-14 0.1704
1.5927e-14 0.1511
2.3619e-14 0.1390
3.9888e-14 0.0998
5.4882e-14 0.0945
3.7023e-14 0.1022
2.5132e-14 0.1300
1.5392e-14 0.1496
1.0718e-14 0.1754
4.2940e-15 0.1922
7.4510e-15 0.1423
1.6114e-14 0.1537
2.5444e-14 0.1388
2.2738e-14 0.1152
1.9387e-14 0.1503
2.2189e-14 0.1363
1.4461e-14 0.1632
7.0504e-15 0.1658
6.5508e-15 0.2613
9.3366e-15 0.2044
9.6887e-15 0.1754
1.2734e-14 0.1779
7.7643e-15 0.1474
1.0896e-14 0.1644
1.1144e-14 0.1840
8.4141e-15 0.2428
3.8293e-15 0.2322
5.5952e-15 0.2347
7.9080e-15 0.2151
1.0157e-14 0.2089
1.2348e-14 0.1611
1.2167e-14 0.1679
1.2273e-14 0.1788
1.1111e-14 0.2006
7.6611e-15 0.2567
6.3346e-15 0.2432
6.5536e-15 0.1953
1.0734e-14 0.1907
1.2090e-14 0.1642
1.8431e-14 0.1274
2.6478e-14 0.1355
2.4275e-14 0.1304
1.1802e-14 0.1698
8.7388e-15 0.1665
6.9327e-15 0.2010
9.6583e-15 0.1765
1.3823e-14 0.1699
2.2431e-14 0.1192
4.0369e-14 0.1028
4.0162e-14 0.0964
4.0317e-14 0.1054
2.2789e-14 0.1262
1.1441e-14 0.1564
1.2149e-14 0.1817
1.3319e-14 0.1756
2.3519e-14 0.1321
4.2684e-14 0.1048
6.4037e-14 0.0834
8.4407e-14 0.0723
6.8718e-14 0.0825
3.5017e-14 0.1038
2.2488e-14 0.1435
1.5368e-14 0.1606
1.4171e-14 0.1477
2.4367e-14 0.1276
3.6911e-14 0.1046
7.4018e-14 0.0725
1.1343e-13 0.0648
8.2201e-14 0.0709
4.3842e-14 0.0915
2.7988e-14 0.1315
1.3593e-14 0.1773
1.3540e-14 0.1405
2.1536e-14 0.1411
3.4872e-14 0.0910
7.0205e-14 0.0827
8.8017e-14 0.0714
5.3771e-14 0.0927
3.0639e-14 0.1250
1.5606e-14 0.1356
1.0657e-14 0.1923
1.1664e-14 0.1688
1.1400e-14 0.1539
2.0463e-14 0.1270
4.3637e-14 0.1029
5.5159e-14 0.0940
3.2624e-14 0.1134
2.6426e-14 0.1378
1.5925e-14 0.1661
8.7558e-15 0.1925
4.4096e-15 0.1970
1.1983e-14 0.1931
1.6672e-14 0.1483
1.8678e-14 0.1250
2.3322e-14 0.1199
2.2783e-14 0.1362
1.8286e-14 0.1403
1.1170e-14 0.1664
7.4082e-15 0.2056
5.4397e-15 0.2733
6.6698e-15 0.2531
1.3850e-14 0.2019
9.1748e-15 0.1927
1.1707e-14 0.1670
8.9276e-15 0.1759
1.3365e-14 0.1850
8.4682e-15 0.1765
4.1163e-15 0.2508
4.6748e-15 0.2381
6.7180e-15 0.2161
1.1164e-14 0.1881
1.3530e-14 0.1647
1.2686e-14 0.1721
1.1060e-14 0.1682
9.5272e-15 0.2040
5.4960e-15 0.1875
5.7959e-15 0.2452
6.0969e-15 0.2424
1.1102e-14 0.2177
1.2402e-14 0.1530
2.0489e-14 0.1258
1.7386e-14 0.1325
1.9590e-14 0.1462
9.3473e-15 0.1772
1.1679e-14 0.2114
1.0271e-14 0.1718
9.5468e-15 0.1901
1.2595e-14 0.1916
1.9569e-14 0.1394
3.6649e-14 0.1002
3.4959e-14 0.1024
3.5900e-14 0.1111
2.4593e-14 0.1350
1.5877e-14 0.1385
1.0657e-14 0.2010
1.0628e-14 0.1656
1.8276e-14 0.1407
3.7762e-14 0.1031
5.5797e-14 0.0868
7.7472e-14 0.0795
6.3228e-14 0.0875
3.5713e-14 0.1007
2.1718e-14 0.1338
1.2702e-14 0.1804
1.3853e-14 0.1602
2.4088e-14 0.1266
3.5207e-14 0.1112
7.7970e-14 0.0763
1.0161e-13 0.0693
8.2505e-14 0.0751
4.5783e-14 0.0980
2.4046e-14 0.1307
1.1438e-14 0.1689
1.7574e-14 0.1740
1.9682e-14 0.1387
3.4545e-14 0.1056
5.8481e-14 0.0924
7.2320e-14 0.0751
5.8574e-14 0.0872
2.7432e-14 0.1159
2.0453e-14 0.1470
7.9318e-15 0.1818
1.3080e-14 0.2009
1.1744e-14 0.1650
2.0720e-14 0.1395
4.0584e-14 0.1103
4.5985e-14 0.0983
3.1402e-14 0.1108
2.3434e-14 0.1330
1.6517e-14 0.1871
7.2941e-15 0.1815
8.3164e-15 0.1947
1.1165e-14 0.1859
1.3701e-14 0.1548
2.2380e-14 0.1483
2.6427e-14 0.1378
1.9543e-14 0.1545
1.3644e-14 0.1707
1.1246e-14 0.1819
9.8504e-15 0.1868
2.9199e-15 0.2325
7.0992e-15 0.2224
7.8336e-15 0.1707
8.3251e-15 0.1494
1.3166e-14 0.1759
9.2035e-15 0.1640
8.5989e-15 0.1613
6.2676e-15 0.2292
6.3335e-15 0.1904
