     9      9     20
d_kernel   u_kernel

0.0000e+00 1.0000
4.3602e-16 0.4023
0.0000e+00 1.0000
9.3833e-16 0.3741
1.2044e-15 0.3271
6.9880e-16 0.3373
5.4344e-16 0.3321
6.6424e-16 0.3105
1.0531e-15 0.2535
2.4733e-16 0.4568
0.0000e+00 1.0000
4.9792e-16 0.3452
6.0721e-16 0.3429
1.0613e-15 0.3844
6.3124e-16 0.3178
1.1350e-15 0.2514
1.2658e-15 0.3060
1.2226e-15 0.2564
3.2115e-16 0.4291
2.4803e-16 0.3645
5.2586e-16 0.3220
1.0563e-15 0.4476
7.9604e-16 0.2782
4.5919e-15 0.2977
1.5239e-14 0.2163
2.5278e-14 0.1472
1.2451e-14 0.2113
1.0265e-15 0.4546
1.0557e-15 0.4193
7.0552e-16 0.3120
6.0720e-16 0.3431
6.9526e-15 0.2437
1.2074e-13 0.0773
4.8595e-13 0.0398
6.9947e-13 0.0339
4.9625e-13 0.0394
0.0000e+00 1.0000
0.0000e+00 1.0000
1.5660e-15 0.4551
3.8424e-15 0.3415
1.3496e-13 0.0743
9.4915e-13 0.0287
2.1040e-12 0.0194
2.5367e-12 0.0177
2.1912e-12 0.0192
0.0000e+00 1.0000
0.0000e+00 1.0000
1.3042e-15 0.3942
1.3249e-14 0.1991
4.9700e-13 0.0394
2.1029e-12 0.0195
3.9758e-12 0.0142
8.7597e-12 0.0089
4.1842e-12 0.0141
2.9880e-16 0.3725
1.2402e-15 0.3651
1.3598e-15 0.3345
2.5854e-14 0.1476
7.0214e-13 0.0330
2.5424e-12 0.0176
8.8528e-12 0.0089
1.2501e-09 0.0002
8.9261e-12 0.0089
8.1049e-16 0.3118
4.8756e-16 0.3785
6.8210e-16 0.2760
1.3683e-14 0.1924
5.0841e-13 0.0387
2.1384e-12 0.0194
4.0461e-12 0.0141
9.0549e-12 0.0089
4.0305e-12 0.0141
0.0000e+00 1.0000
1.1584e-15 0.4586
0.0000e+00 1.0000
3.0707e-15 0.3891
1.2294e-13 0.0732
9.8533e-13 0.0288
2.1553e-12 0.0194
2.5994e-12 0.0175
2.1896e-12 0.0192
0.0000e+00 1.0000
5.2638e-16 0.4871
8.6187e-16 0.3555
9.0953e-16 0.3154
6.7253e-16 0.3474
9.9116e-16 0.2986
9.4420e-16 0.2773
2.8871e-15 0.4503
1.7720e-15 0.4738
0.0000e+00 1.0000
2.7789e-16 0.4545
6.3474e-16 0.2891
1.2774e-15 0.3348
1.0766e-15 0.2980
1.2358e-15 0.2653
3.0045e-15 0.3732
1.3973e-15 0.3722
1.5329e-15 0.3121
9.8612e-16 0.4483
7.9371e-16 0.4064
0.0000e+00 1.0000
1.9020e-15 0.2873
1.7806e-15 0.2030
1.7476e-15 0.3047
1.5717e-14 0.1886
4.1543e-14 0.1213
1.1732e-14 0.1896
6.9853e-16 0.4042
4.9269e-16 0.3847
9.1913e-16 0.3115
1.2872e-15 0.3144
1.0647e-14 0.2066
2.0029e-13 0.0576
8.3223e-13 0.0301
1.2997e-12 0.0245
8.6884e-13 0.0295
8.3701e-16 0.4025
5.3418e-16 0.4070
1.6905e-15 0.3701
3.8128e-15 0.3711
2.0680e-13 0.0581
1.9739e-12 0.0203
4.6078e-12 0.0133
5.9594e-12 0.0118
4.7372e-12 0.0133
1.3026e-15 0.4050
0.0000e+00 1.0000
1.7792e-15 0.3943
1.7399e-14 0.1860
9.0507e-13 0.0291
4.7047e-12 0.0133
1.2283e-11 0.0081
3.7520e-11 0.0042
1.2236e-11 0.0081
2.9393e-16 0.3162
1.2560e-15 0.2436
2.7117e-15 0.3640
3.9645e-14 0.1199
1.3346e-12 0.0243
6.0366e-12 0.0116
3.7644e-11 0.0042
1.2275e-09 0.0003
3.7923e-11 0.0042
4.5822e-16 0.4788
5.9121e-16 0.3875
9.5773e-16 0.3098
1.6742e-14 0.1668
9.2321e-13 0.0289
4.7331e-12 0.0132
1.2480e-11 0.0081
3.7792e-11 0.0042
1.2311e-11 0.0081
5.1755e-16 0.3658
6.0988e-16 0.3528
1.0660e-15 0.3862
4.2281e-15 0.3218
2.1442e-13 0.0573
1.9584e-12 0.0204
4.7380e-12 0.0133
5.9750e-12 0.0118
4.6681e-12 0.0133
7.1675e-16 0.3775
2.4625e-16 0.4058
7.6904e-16 0.4196
1.0559e-15 0.3893
7.3358e-16 0.2605
0.0000e+00 1.0000
9.1364e-16 0.3451
8.6940e-16 0.2413
6.2122e-16 0.3174
0.0000e+00 1.0000
0.0000e+00 1.0000
1.0279e-15 0.2626
6.7653e-16 0.3016
1.6698e-15 0.3294
1.8066e-15 0.2679
1.3759e-15 0.2797
1.8609e-15 0.2227
1.0471e-15 0.2627
0.0000e+00 1.0000
1.1678e-15 0.3202
1.7665e-15 0.3661
1.4126e-15 0.2362
1.3596e-15 0.2298
2.7372e-15 0.2454
1.7096e-14 0.1745
4.0108e-14 0.1177
1.3599e-14 0.1843
5.2499e-16 0.4064
0.0000e+00 1.0000
2.9855e-15 0.4471
2.2003e-15 0.3030
1.1599e-14 0.1953
2.5785e-13 0.0503
1.3478e-12 0.0238
2.1886e-12 0.0188
1.3482e-12 0.0237
9.7975e-16 0.3894
7.3273e-16 0.3126
1.3136e-15 0.4072
2.8789e-15 0.3577
2.7375e-13 0.0489
3.2870e-12 0.0157
9.3132e-12 0.0096
1.2745e-11 0.0081
9.4198e-12 0.0095
5.0635e-16 0.2901
1.3780e-15 0.3126
1.4945e-15 0.2776
1.6188e-14 0.1574
1.3959e-12 0.0232
9.4145e-12 0.0095
3.3487e-11 0.0049
1.0388e-10 0.0025
3.3582e-11 0.0049
6.6542e-16 0.2983
6.2961e-16 0.3170
2.0849e-15 0.3663
3.0573e-14 0.1294
2.1508e-12 0.0190
1.2889e-11 0.0081
1.0345e-10 0.0025
9.8616e-10 0.0004
1.0337e-10 0.0025
4.4034e-16 0.3002
9.7958e-16 0.4746
1.8136e-15 0.3378
1.4307e-14 0.1667
1.3713e-12 0.0238
9.3703e-12 0.0095
3.3637e-11 0.0049
1.0314e-10 0.0025
3.3560e-11 0.0049
6.5680e-16 0.3173
7.6628e-16 0.3480
1.5837e-15 0.3749
2.8385e-15 0.3467
2.7758e-13 0.0489
3.2597e-12 0.0159
9.2660e-12 0.0096
1.2786e-11 0.0081
9.3090e-12 0.0096
2.0961e-16 0.4510
3.1718e-16 0.4677
6.7630e-16 0.4134
7.8170e-16 0.3754
5.6264e-16 0.2861
1.4144e-15 0.3003
0.0000e+00 1.0000
1.1664e-15 0.2966
6.7508e-16 0.3457
9.5208e-16 0.3376
2.4858e-16 0.4455
6.1400e-16 0.3681
7.5956e-16 0.4922
1.9599e-15 0.2788
1.8288e-15 0.4588
9.9998e-16 0.4231
9.4617e-16 0.2830
7.0497e-16 0.4264
0.0000e+00 1.0000
3.9611e-16 0.3919
7.9868e-16 0.4424
5.4678e-16 0.2615
2.5664e-15 0.2373
2.1476e-15 0.2706
8.1356e-15 0.2164
2.6338e-14 0.1297
1.0835e-14 0.2078
3.8143e-16 0.3783
0.0000e+00 1.0000
0.0000e+00 1.0000
1.2440e-15 0.2312
6.0388e-15 0.2777
2.6392e-13 0.0486
1.6410e-12 0.0208
2.8368e-12 0.0164
1.6624e-12 0.0205
0.0000e+00 1.0000
7.4010e-16 0.4255
7.3863e-16 0.3560
1.7070e-15 0.2566
2.7907e-13 0.0458
4.6064e-12 0.0133
1.5690e-11 0.0074
2.3092e-11 0.0060
1.5770e-11 0.0074
6.5584e-16 0.3876
1.2994e-15 0.3860
2.3942e-15 0.3762
1.7547e-14 0.1749
1.7273e-12 0.0205
1.5471e-11 0.0074
6.3245e-11 0.0035
1.5630e-10 0.0020
6.3600e-11 0.0035
3.7798e-16 0.3883
1.0305e-15 0.2673
1.5669e-15 0.2286
2.3541e-14 0.1412
2.8595e-12 0.0163
2.3129e-11 0.0061
1.5513e-10 0.0020
6.6905e-10 0.0007
1.5640e-10 0.0020
6.0840e-16 0.3328
8.4923e-16 0.4120
1.0545e-15 0.2337
1.1568e-14 0.1785
1.6667e-12 0.0208
1.5875e-11 0.0074
6.3261e-11 0.0035
1.5563e-10 0.0020
6.3628e-11 0.0035
0.0000e+00 1.0000
1.1089e-15 0.3088
9.9901e-16 0.2491
2.1681e-15 0.2879
2.8536e-13 0.0472
4.5288e-12 0.0133
1.5616e-11 0.0074
2.3041e-11 0.0061
1.5615e-11 0.0074
3.6714e-16 0.3805
6.2481e-16 0.3228
3.1302e-16 0.4499
8.3921e-16 0.3258
5.4699e-16 0.2736
9.8976e-16 0.2851
1.4920e-15 0.3322
9.2032e-16 0.3150
1.5121e-15 0.3211
6.3931e-16 0.3821
5.0120e-16 0.3777
9.4855e-16 0.3915
7.6519e-16 0.4045
1.4595e-15 0.2447
1.1983e-15 0.2307
2.6457e-15 0.3658
1.7252e-15 0.3813
2.1015e-15 0.2489
2.1282e-16 0.4449
1.0289e-15 0.4040
9.3841e-16 0.3155
1.7271e-15 0.3498
2.5667e-15 0.2488
2.3057e-15 0.1962
6.5237e-15 0.2483
1.7215e-14 0.1434
4.8718e-15 0.2343
0.0000e+00 1.0000
1.2590e-15 0.3763
1.4240e-15 0.2339
3.3474e-15 0.2935
2.9262e-15 0.2627
2.1192e-13 0.0519
1.6077e-12 0.0206
2.8837e-12 0.0158
1.5983e-12 0.0205
1.1675e-15 0.4453
0.0000e+00 1.0000
1.6888e-15 0.2823
2.8846e-15 0.2607
2.0123e-13 0.0514
4.9319e-12 0.0124
2.0750e-11 0.0064
3.1537e-11 0.0051
2.0691e-11 0.0064
3.8415e-16 0.3421
7.9010e-16 0.4240
1.9655e-15 0.3195
5.3903e-15 0.2328
1.5849e-12 0.0207
2.0634e-11 0.0064
8.3935e-11 0.0030
1.6541e-10 0.0020
8.4128e-11 0.0030
3.8874e-16 0.3526
2.1126e-15 0.3661
3.7863e-15 0.3465
1.3841e-14 0.1611
2.8484e-12 0.0157
3.1499e-11 0.0051
1.6539e-10 0.0020
4.3223e-10 0.0010
1.6567e-10 0.0020
5.5252e-16 0.3212
1.3004e-15 0.3364
2.2365e-15 0.3582
8.2834e-15 0.2103
1.5919e-12 0.0207
2.0732e-11 0.0064
8.3977e-11 0.0030
1.6531e-10 0.0020
8.4202e-11 0.0030
1.8218e-15 0.3640
1.8008e-15 0.3610
1.7766e-15 0.3493
1.9804e-15 0.2074
1.8506e-13 0.0544
4.9590e-12 0.0125
2.0497e-11 0.0064
3.1701e-11 0.0051
2.0574e-11 0.0064
4.8481e-16 0.4022
5.7951e-16 0.3710
0.0000e+00 1.0000
1.2377e-15 0.3081
7.5625e-16 0.4099
1.4353e-15 0.2534
3.5217e-15 0.3792
1.1269e-15 0.3314
8.5472e-16 0.2698
3.4128e-16 0.4327
5.4287e-16 0.3360
3.7369e-16 0.3083
2.6775e-15 0.4454
1.7688e-15 0.2282
1.3014e-15 0.2841
3.5738e-15 0.3505
2.5358e-15 0.3137
1.5757e-15 0.2613
7.8095e-16 0.3476
2.4102e-15 0.4129
9.3996e-16 0.2698
2.0768e-15 0.2605
2.9794e-15 0.4066
4.3553e-15 0.2660
3.5840e-15 0.2267
6.5576e-15 0.2248
2.4261e-15 0.2133
7.4051e-16 0.4407
2.1600e-15 0.3566
1.8252e-15 0.3012
2.8508e-15 0.2842
4.7847e-15 0.4018
8.8646e-14 0.0763
1.0020e-12 0.0247
2.0359e-12 0.0178
1.0248e-12 0.0244
1.6399e-15 0.3239
1.5113e-15 0.3374
2.3306e-15 0.2301
4.3954e-15 0.2624
7.7347e-14 0.0785
4.0012e-12 0.0133
2.0455e-11 0.0062
3.3240e-11 0.0049
2.0582e-11 0.0062
4.1648e-16 0.3058
1.6998e-15 0.4113
2.1440e-15 0.2339
5.6647e-15 0.2322
1.0394e-12 0.0244
2.0558e-11 0.0062
8.5400e-11 0.0030
1.4676e-10 0.0021
8.5250e-11 0.0030
1.6111e-15 0.4342
1.3181e-15 0.2480
1.6044e-15 0.2674
6.7591e-15 0.1904
2.0881e-12 0.0176
3.2855e-11 0.0049
1.4657e-10 0.0021
2.8522e-10 0.0013
1.4691e-10 0.0021
0.0000e+00 1.0000
6.5255e-16 0.3427
2.2161e-15 0.2519
7.5855e-15 0.2895
9.8846e-13 0.0249
2.0426e-11 0.0062
8.5014e-11 0.0030
1.4676e-10 0.0021
8.5807e-11 0.0030
1.6296e-15 0.3144
3.4642e-15 0.3339
1.4917e-15 0.2733
4.0831e-15 0.2407
9.1491e-14 0.0739
3.9626e-12 0.0134
2.0416e-11 0.0062
3.2863e-11 0.0049
2.0437e-11 0.0062
2.0853e-16 0.4694
5.0724e-16 0.3384
7.1615e-16 0.4361
9.0273e-16 0.3040
1.1446e-15 0.2940
1.9984e-15 0.3506
2.3742e-15 0.4307
1.6482e-15 0.2996
1.8679e-15 0.3303
0.0000e+00 1.0000
1.2241e-15 0.4505
8.6875e-16 0.3063
0.0000e+00 1.0000
1.8085e-15 0.3672
2.2202e-15 0.2589
2.4443e-15 0.3439
2.5560e-15 0.2368
2.5755e-15 0.2246
2.0115e-15 0.4153
1.4656e-15 0.3012
2.1817e-15 0.3419
1.3697e-15 0.2448
3.5072e-15 0.2867
5.1155e-15 0.2293
2.0462e-15 0.2476
6.4025e-15 0.2521
4.2959e-15 0.2451
9.5849e-16 0.4800
1.2350e-15 0.2765
1.8920e-15 0.2001
3.2321e-15 0.2994
5.5862e-15 0.3044
1.9993e-14 0.1345
3.7351e-13 0.0378
8.8480e-13 0.0253
3.8163e-13 0.0372
1.2952e-15 0.4494
1.9551e-15 0.4367
2.2763e-15 0.2172
5.6529e-15 0.2075
2.1433e-14 0.1345
2.0154e-12 0.0176
1.4426e-11 0.0072
2.5402e-11 0.0054
1.4654e-11 0.0071
8.1649e-16 0.3519
1.6859e-15 0.4465
1.6280e-15 0.2211
3.7268e-15 0.2745
4.0522e-13 0.0366
1.4475e-11 0.0071
6.9170e-11 0.0033
1.1336e-10 0.0025
6.9308e-11 0.0033
6.5308e-16 0.3004
7.3107e-16 0.2900
2.7184e-15 0.2423
3.2551e-15 0.2020
9.0421e-13 0.0250
2.5085e-11 0.0055
1.1327e-10 0.0025
1.9134e-10 0.0018
1.1342e-10 0.0025
1.0284e-15 0.2951
1.1601e-15 0.3075
3.7961e-15 0.3005
5.3726e-15 0.2587
3.8869e-13 0.0369
1.4448e-11 0.0071
6.9244e-11 0.0033
1.1331e-10 0.0025
6.9506e-11 0.0033
1.7595e-15 0.3102
3.0287e-15 0.3028
4.8919e-15 0.3144
4.8560e-15 0.2181
2.1876e-14 0.1258
2.0454e-12 0.0175
1.4309e-11 0.0071
2.5272e-11 0.0055
1.4362e-11 0.0071
7.5942e-16 0.3224
5.3302e-16 0.3899
1.9091e-15 0.3949
1.3166e-15 0.4509
2.6092e-15 0.3919
1.4098e-15 0.3692
2.2441e-15 0.4152
0.0000e+00 1.0000
1.4482e-15 0.2440
8.9013e-16 0.4307
1.6167e-15 0.4699
7.6965e-16 0.2972
9.3626e-16 0.3932
2.4377e-15 0.3054
1.7613e-15 0.2727
1.3001e-15 0.3028
4.3577e-15 0.2893
2.3692e-15 0.2197
5.8740e-16 0.3993
8.7708e-16 0.3536
2.4577e-15 0.4181
1.7275e-15 0.4086
2.2879e-15 0.2908
2.8176e-15 0.2897
4.5001e-15 0.2229
5.0244e-15 0.1743
6.1119e-15 0.2828
6.5838e-16 0.3626
8.9528e-16 0.3184
3.3826e-15 0.3592
1.4229e-15 0.2615
4.6275e-15 0.2943
7.1913e-15 0.2086
6.3610e-14 0.0810
1.8464e-13 0.0494
5.9494e-14 0.0808
9.6679e-16 0.3980
1.9184e-15 0.2916
1.8182e-15 0.2282
4.0748e-15 0.2705
6.7104e-15 0.1538
5.4987e-13 0.0308
6.2113e-12 0.0102
1.2433e-11 0.0074
6.2215e-12 0.0102
9.2685e-16 0.2496
1.6983e-15 0.3030
3.3388e-15 0.2874
3.8093e-15 0.1860
7.0305e-14 0.0785
6.2598e-12 0.0102
4.1586e-11 0.0042
7.1632e-11 0.0031
4.2013e-11 0.0041
1.1361e-15 0.2743
1.3568e-15 0.3089
1.6849e-15 0.2917
4.3832e-15 0.1699
1.8263e-13 0.0501
1.2463e-11 0.0074
7.1469e-11 0.0032
1.1890e-10 0.0024
7.1150e-11 0.0032
9.9045e-16 0.4261
1.0876e-15 0.4072
4.1355e-15 0.4561
4.8832e-15 0.1954
6.8345e-14 0.0790
6.2575e-12 0.0102
4.1705e-11 0.0042
7.1426e-11 0.0032
4.1602e-11 0.0042
0.0000e+00 1.0000
2.4549e-15 0.3454
3.0543e-15 0.3170
3.4398e-15 0.2618
6.1852e-15 0.2032
5.3877e-13 0.0308
6.2619e-12 0.0102
1.2602e-11 0.0074
6.3300e-12 0.0101
6.0479e-16 0.4192
4.8875e-16 0.3230
0.0000e+00 1.0000
1.0914e-15 0.2657
2.3638e-15 0.3853
1.5675e-15 0.2435
9.0122e-16 0.3114
3.2392e-15 0.3153
1.7622e-15 0.2899
1.2022e-15 0.4849
6.9945e-16 0.3104
0.0000e+00 1.0000
1.8360e-15 0.4473
2.4874e-15 0.3365
1.9906e-15 0.2589
4.0168e-15 0.3281
3.5196e-15 0.2339
4.4981e-15 0.3056
0.0000e+00 1.0000
0.0000e+00 1.0000
1.4281e-15 0.2973
1.6341e-15 0.2507
4.1392e-15 0.3969
3.2304e-15 0.2212
4.8564e-15 0.1970
6.1343e-15 0.2761
3.9657e-15 0.2267
1.9403e-15 0.4401
3.2848e-15 0.4109
2.6149e-15 0.3944
2.3624e-15 0.2855
3.0483e-15 0.1762
6.8245e-15 0.1691
1.2469e-14 0.1323
1.7833e-14 0.1312
1.0770e-14 0.1417
1.6365e-15 0.4349
1.6540e-15 0.2683
3.9910e-15 0.2526
4.9307e-15 0.2183
7.3800e-15 0.1865
6.2913e-14 0.0777
1.2168e-12 0.0207
3.1081e-12 0.0136
1.2582e-12 0.0204
1.0150e-15 0.3942
2.6729e-15 0.2609
2.1986e-15 0.2241
4.5613e-15 0.2047
1.3291e-14 0.1405
1.2396e-12 0.0207
1.4707e-11 0.0066
2.9410e-11 0.0048
1.4904e-11 0.0066
1.0234e-15 0.2985
8.3169e-16 0.2614
1.6286e-15 0.2162
5.2335e-15 0.1978
2.1221e-14 0.1205
3.0678e-12 0.0136
2.9485e-11 0.0048
5.4718e-11 0.0035
2.9206e-11 0.0048
0.0000e+00 1.0000
0.0000e+00 1.0000
2.5859e-15 0.2890
5.3061e-15 0.1843
1.3571e-14 0.1700
1.2230e-12 0.0206
1.4754e-11 0.0066
2.9184e-11 0.0048
1.4897e-11 0.0066
1.2492e-15 0.3735
2.4908e-15 0.3499
2.8084e-15 0.3097
3.5299e-15 0.2393
9.3434e-15 0.1899
5.0241e-14 0.0833
1.2611e-12 0.0206
3.0496e-12 0.0137
1.2620e-12 0.0204
0.0000e+00 1.0000
8.1826e-16 0.2400
0.0000e+00 1.0000
1.2522e-15 0.3737
1.5072e-15 0.3195
9.9127e-16 0.2729
1.0328e-15 0.2765
2.9579e-15 0.3110
9.4889e-16 0.2388
1.4682e-15 0.3147
0.0000e+00 1.0000
6.0588e-16 0.2775
1.1466e-15 0.3503
2.3293e-15 0.2833
3.1900e-15 0.3577
2.2731e-15 0.2587
2.6482e-15 0.2003
2.6458e-15 0.1969
0.0000e+00 1.0000
8.1098e-16 0.3892
1.5426e-15 0.3092
2.7218e-15 0.3973
2.2836e-15 0.1761
5.5808e-15 0.2641
4.6952e-15 0.1883
3.3257e-15 0.3030
4.3966e-15 0.2223
9.2906e-16 0.4167
1.8221e-15 0.3322
2.6552e-15 0.4126
2.2826e-15 0.2131
5.7306e-15 0.2524
1.0537e-14 0.1788
1.3134e-14 0.1698
1.3010e-14 0.1566
1.0616e-14 0.1549
9.5576e-16 0.3470
2.0685e-15 0.2880
2.1892e-15 0.3073
4.6378e-15 0.2440
6.6207e-15 0.1798
1.3730e-14 0.1532
8.3231e-14 0.0670
2.2221e-13 0.0431
8.4167e-14 0.0675
1.1246e-15 0.2294
2.1737e-15 0.2898
4.1261e-15 0.3170
5.3568e-15 0.1899
9.7561e-15 0.1651
7.8744e-14 0.0672
2.0544e-12 0.0158
5.1015e-12 0.0104
1.9994e-12 0.0160
1.4473e-15 0.3098
1.6015e-15 0.2083
1.6731e-15 0.2248
8.3339e-15 0.1883
1.2298e-14 0.1392
2.3143e-13 0.0421
5.1272e-12 0.0104
1.2064e-11 0.0070
5.1293e-12 0.0104
0.0000e+00 1.0000
2.3649e-15 0.3890
4.9962e-15 0.2672
7.3645e-15 0.2256
1.3232e-14 0.1457
8.6024e-14 0.0667
2.0132e-12 0.0161
5.0467e-12 0.0105
2.0170e-12 0.0161
0.0000e+00 1.0000
1.5425e-15 0.3484
3.1993e-15 0.2444
3.0507e-15 0.2405
7.4828e-15 0.2125
1.3279e-14 0.1247
8.5971e-14 0.0647
2.3324e-13 0.0422
7.7911e-14 0.0716
5.0274e-16 0.3301
0.0000e+00 1.0000
1.1396e-15 0.3851
1.4168e-15 0.4470
1.3819e-15 0.3349
1.9435e-15 0.3493
1.7968e-15 0.3947
3.0222e-15 0.3844
2.0547e-15 0.3382
5.0006e-16 0.3331
7.6361e-16 0.2962
1.3969e-15 0.2976
2.2271e-15 0.2955
1.0198e-15 0.2487
2.3698e-15 0.2343
3.1151e-15 0.2609
2.9869e-15 0.3010
2.7558e-15 0.2005
1.7137e-15 0.3345
9.3050e-16 0.3523
1.6231e-15 0.3059
1.9991e-15 0.2980
3.6548e-15 0.2770
5.0984e-15 0.2111
6.7627e-15 0.2711
5.5075e-15 0.1791
5.2307e-15 0.1621
1.5127e-15 0.3534
1.0611e-15 0.4466
2.5450e-15 0.2329
2.1586e-15 0.3168
6.2677e-15 0.2538
7.5733e-15 0.2009
1.3075e-14 0.1726
1.5864e-14 0.1712
1.0683e-14 0.1884
1.1306e-15 0.3032
1.5228e-15 0.2984
2.7935e-15 0.2451
4.2206e-15 0.2276
8.2744e-15 0.1540
1.1496e-14 0.1227
2.5188e-14 0.1096
2.4642e-14 0.1063
2.8002e-14 0.1164
1.8969e-15 0.3723
2.4435e-15 0.2663
3.8365e-15 0.2848
6.4794e-15 0.2562
1.0136e-14 0.1644
1.8364e-14 0.1435
9.0379e-14 0.0645
2.2310e-13 0.0423
8.7535e-14 0.0624
1.1798e-15 0.3161
1.5309e-15 0.3058
4.0592e-15 0.3205
7.0077e-15 0.1798
1.3474e-14 0.1571
2.8942e-14 0.1030
2.3314e-13 0.0405
6.8088e-13 0.0251
2.2369e-13 0.0415
9.2490e-16 0.3165
3.3678e-15 0.4332
4.8197e-15 0.2548
5.8804e-15 0.2571
9.2047e-15 0.1365
2.6556e-14 0.1170
1.0515e-13 0.0595
2.2653e-13 0.0411
7.4192e-14 0.0676
0.0000e+00 1.0000
1.6092e-15 0.2837
2.6015e-15 0.3074
6.5922e-15 0.2142
8.6071e-15 0.2028
1.5144e-14 0.1495
2.4191e-14 0.1232
2.9167e-14 0.1155
2.4967e-14 0.1149
0.0000e+00 1.0000
1.8577e-15 0.3423
8.6644e-16 0.4632
1.1046e-15 0.2981
2.1745e-15 0.3616
1.8769e-15 0.2484
3.1126e-15 0.3457
2.6564e-15 0.4029
2.0695e-15 0.2305
7.6689e-16 0.3553
1.3031e-15 0.3253
1.1807e-15 0.2638
1.2593e-15 0.4866
3.3105e-15 0.2610
2.7778e-15 0.1995
5.0885e-15 0.2296
2.5161e-15 0.1908
4.0765e-15 0.2555
9.0957e-16 0.4408
1.6062e-15 0.4324
1.9748e-15 0.3999
3.9700e-15 0.2824
4.6099e-15 0.3182
4.9373e-15 0.2053
5.4959e-15 0.2048
6.2909e-15 0.2355
5.7361e-15 0.2002
2.3109e-15 0.3703
9.9634e-16 0.2892
1.6114e-15 0.4280
2.9256e-15 0.2484
4.7749e-15 0.2080
8.5383e-15 0.1581
9.3614e-15 0.1509
1.0782e-14 0.1502
1.3676e-14 0.1720
6.9802e-16 0.3004
1.5142e-15 0.3757
3.1717e-15 0.2337
7.1727e-15 0.2479
7.3409e-15 0.1980
1.2167e-14 0.1340
2.0046e-14 0.1137
2.0536e-14 0.1278
2.6406e-14 0.1211
1.1227e-15 0.3390
1.3360e-15 0.3023
4.4266e-15 0.3011
7.4725e-15 0.2391
9.1213e-15 0.1864
1.8598e-14 0.1374
4.5401e-14 0.0874
5.3151e-14 0.0760
3.9486e-14 0.0941
9.7777e-16 0.3073
1.4547e-15 0.2747
3.3436e-15 0.2033
6.6843e-15 0.1944
1.3993e-14 0.1609
3.0784e-14 0.1175
6.3806e-14 0.0771
1.0773e-13 0.0652
5.9667e-14 0.0827
2.8831e-15 0.3396
2.0168e-15 0.2459
5.0351e-15 0.2895
4.8801e-15 0.1949
9.4494e-15 0.1529
2.2661e-14 0.1108
4.6280e-14 0.0871
6.2680e-14 0.0736
3.6033e-14 0.0959
9.7454e-16 0.2929
2.3438e-15 0.2657
3.2064e-15 0.2594
7.2400e-15 0.2091
8.0925e-15 0.1525
1.4705e-14 0.1614
1.5811e-14 0.1230
2.6370e-14 0.1212
1.8618e-14 0.1174
5.3233e-16 0.3239
1.3159e-15 0.4379
1.7486e-15 0.3707
6.7344e-16 0.2980
2.0177e-15 0.2660
1.6561e-15 0.2450
2.2020e-15 0.2464
2.1812e-15 0.3853
1.8176e-15 0.2314
5.8058e-16 0.2974
1.3818e-15 0.3856
1.5833e-15 0.3609
1.5371e-15 0.2260
3.4927e-15 0.2651
2.8155e-15 0.2190
3.5590e-15 0.2716
4.7126e-15 0.2960
2.6830e-15 0.2201
1.2808e-15 0.4702
0.0000e+00 1.0000
1.0927e-15 0.3802
3.9468e-15 0.2455
4.6416e-15 0.2468
5.2773e-15 0.2217
6.8528e-15 0.2196
6.4987e-15 0.1758
7.1833e-15 0.2382
1.5979e-15 0.3768
1.0184e-15 0.3021
2.4958e-15 0.3276
3.5366e-15 0.2506
4.1856e-15 0.2190
9.3362e-15 0.1924
1.2455e-14 0.1919
1.2603e-14 0.1725
1.0530e-14 0.1785
1.0209e-15 0.2612
2.3729e-15 0.2610
3.5035e-15 0.2808
4.9305e-15 0.3323
8.9499e-15 0.2024
7.5022e-15 0.1331
1.9181e-14 0.1237
2.1924e-14 0.1243
2.3108e-14 0.1381
9.3352e-16 0.3930
2.3243e-15 0.3595
2.8340e-15 0.2164
5.5527e-15 0.1903
7.2769e-15 0.1743
1.8834e-14 0.1277
4.7919e-14 0.1089
5.4071e-14 0.0853
3.8599e-14 0.1014
0.0000e+00 1.0000
1.7819e-15 0.3288
4.0736e-15 0.2345
5.5135e-15 0.2491
1.1205e-14 0.1452
2.3905e-14 0.1075
5.0145e-14 0.0821
8.5184e-14 0.0693
5.4762e-14 0.0830
1.5941e-15 0.3935
3.9922e-15 0.3940
5.1432e-15 0.2614
4.6619e-15 0.1951
1.0719e-14 0.1841
2.4782e-14 0.1086
4.2189e-14 0.0953
5.8979e-14 0.0834
4.0911e-14 0.0996
1.2093e-15 0.3148
1.5678e-15 0.3015
2.9574e-15 0.3198
5.7749e-15 0.2482
7.4881e-15 0.1971
1.4303e-14 0.1675
1.9349e-14 0.1269
2.4392e-14 0.1090
1.9805e-14 0.1319
9.3796e-16 0.3865
7.2623e-16 0.4875
1.0242e-15 0.3616
1.1732e-15 0.3263
2.8144e-15 0.3163
1.8679e-15 0.2427
3.0366e-15 0.2545
1.6074e-15 0.1991
2.0473e-15 0.2641
1.7198e-15 0.4013
1.9571e-15 0.4903
1.0727e-15 0.3452
3.5662e-15 0.2400
3.7412e-15 0.2862
3.4875e-15 0.2604
2.6024e-15 0.3963
3.8923e-15 0.2582
2.8210e-15 0.2463
0.0000e+00 1.0000
8.8802e-16 0.3353
2.9256e-15 0.3745
3.8237e-15 0.3217
3.4492e-15 0.2518
5.7738e-15 0.2049
5.8906e-15 0.2072
7.0626e-15 0.2053
5.8348e-15 0.4268
4.9793e-16 0.2799
1.5694e-15 0.2583
2.2179e-15 0.3698
4.2437e-15 0.2597
5.7169e-15 0.2255
7.1663e-15 0.2153
8.6036e-15 0.1504
1.1353e-14 0.1696
1.3212e-14 0.1610
1.7212e-15 0.3657
1.9424e-15 0.3063
1.9040e-15 0.2184
3.5613e-15 0.2433
8.2213e-15 0.2187
1.2229e-14 0.1518
1.6546e-14 0.1264
2.0471e-14 0.1273
1.9417e-14 0.1369
1.2295e-15 0.4888
1.6374e-15 0.3518
3.4761e-15 0.2721
6.0261e-15 0.2069
7.7086e-15 0.1843
1.9907e-14 0.1423
3.1787e-14 0.0980
3.9714e-14 0.0917
3.7705e-14 0.1032
2.2486e-15 0.3296
3.8075e-15 0.3861
4.0613e-15 0.2575
5.7706e-15 0.2238
1.1493e-14 0.1652
2.4798e-14 0.1210
4.4687e-14 0.0967
6.9278e-14 0.0771
4.4230e-14 0.0955
1.8677e-15 0.2739
3.7168e-15 0.2727
4.7936e-15 0.2483
5.4304e-15 0.2372
1.2529e-14 0.1818
2.0855e-14 0.1418
4.0332e-14 0.0968
5.0938e-14 0.0910
2.9967e-14 0.1062
1.3681e-15 0.2573
2.2327e-15 0.2375
2.2672e-15 0.2142
4.7056e-15 0.1861
8.4068e-15 0.1718
1.0567e-14 0.1544
1.8186e-14 0.1184
2.3947e-14 0.1270
1.6809e-14 0.1607
6.8604e-16 0.3843
7.0987e-16 0.3848
5.3356e-16 0.3283
1.7192e-15 0.3389
3.2930e-15 0.2717
1.5136e-15 0.2258
2.0767e-15 0.2857
1.5998e-15 0.2647
2.8517e-15 0.2812
1.0150e-15 0.3604
1.3084e-15 0.3919
3.5559e-15 0.4378
0.0000e+00 1.0000
2.7886e-15 0.2751
3.3183e-15 0.2227
3.5458e-15 0.3192
3.7074e-15 0.2363
3.5591e-15 0.2562
4.6474e-16 0.3497
9.1044e-16 0.3290
1.8258e-15 0.4356
3.1412e-15 0.2814
3.0777e-15 0.2786
5.2856e-15 0.2100
6.0124e-15 0.2177
7.9711e-15 0.2317
6.1809e-15 0.2409
1.2740e-15 0.3020
1.5085e-15 0.3784
3.4107e-15 0.2893
3.4206e-15 0.3373
3.5397e-15 0.1869
6.5645e-15 0.1810
9.5987e-15 0.1956
1.0044e-14 0.1886
9.6259e-15 0.1943
7.1232e-16 0.3709
2.4292e-15 0.3312
4.3933e-15 0.2780
4.2088e-15 0.2377
7.2486e-15 0.2211
1.1398e-14 0.1750
1.6782e-14 0.1424
1.9666e-14 0.1183
2.0184e-14 0.1487
7.4499e-16 0.3225
3.4882e-15 0.3524
4.3904e-15 0.2501
5.1834e-15 0.2753
8.5543e-15 0.1778
1.9467e-14 0.1456
3.6452e-14 0.1125
4.3794e-14 0.0936
3.5004e-14 0.1044
1.4799e-15 0.3529
3.4802e-15 0.3922
2.3980e-15 0.2463
5.7607e-15 0.2222
1.2842e-14 0.1655
2.1138e-14 0.1192
3.6969e-14 0.0989
5.7692e-14 0.0815
4.3157e-14 0.0976
2.9973e-15 0.3533
3.1859e-15 0.3133
2.7334e-15 0.2528
5.8814e-15 0.2146
8.6174e-15 0.1696
1.8717e-14 0.1271
3.4763e-14 0.1109
4.0890e-14 0.1024
3.1489e-14 0.1064
1.9458e-15 0.3883
2.4182e-15 0.2766
1.9991e-15 0.2675
3.2142e-15 0.2162
8.0690e-15 0.1456
1.1126e-14 0.1752
1.7229e-14 0.1228
2.5306e-14 0.1373
2.0588e-14 0.1446
0.0000e+00 1.0000
1.4795e-15 0.4725
1.2428e-15 0.2544
1.8649e-15 0.3068
1.7118e-15 0.3428
1.7110e-15 0.2699
1.7774e-15 0.3201
1.6599e-15 0.2238
4.4340e-15 0.3721
6.0533e-16 0.4510
9.5602e-16 0.4781
1.6774e-15 0.3073
2.4760e-15 0.3065
3.0700e-15 0.2950
3.4036e-15 0.2593
5.7539e-15 0.4438
3.3742e-15 0.2507
2.5638e-15 0.3012
9.0061e-16 0.3142
2.1269e-15 0.3962
2.2760e-15 0.2892
1.7380e-15 0.3132
3.6179e-15 0.2174
6.2565e-15 0.2232
6.2786e-15 0.2155
8.0255e-15 0.2172
5.3645e-15 0.2794
9.6679e-16 0.3139
2.4471e-15 0.3280
3.4649e-15 0.3702
3.5572e-15 0.3818
3.2899e-15 0.2002
6.1456e-15 0.1906
1.0736e-14 0.1774
9.7964e-15 0.1920
8.8462e-15 0.1886
8.5246e-16 0.3256
1.6125e-15 0.2434
3.1647e-15 0.2540
6.1767e-15 0.2066
5.7231e-15 0.1964
1.0980e-14 0.1718
1.7381e-14 0.1548
1.6917e-14 0.1450
1.6804e-14 0.1547
1.8799e-15 0.4253
2.6660e-15 0.3014
4.8468e-15 0.2757
7.8510e-15 0.2082
1.2696e-14 0.1892
1.6031e-14 0.1432
2.6707e-14 0.1094
3.8477e-14 0.0976
2.5992e-14 0.1159
1.6974e-15 0.3252
3.0745e-15 0.3255
4.1349e-15 0.2375
6.4477e-15 0.1992
1.2491e-14 0.1591
2.0162e-14 0.1321
3.9010e-14 0.1056
4.8179e-14 0.0877
3.9746e-14 0.1052
2.1415e-15 0.3647
2.9789e-15 0.2915
4.4810e-15 0.3226
6.7039e-15 0.2530
7.9596e-15 0.1779
1.7685e-14 0.1337
3.2678e-14 0.1164
4.5687e-14 0.1011
2.6224e-14 0.1101
1.4918e-15 0.4886
1.7801e-15 0.2259
2.8799e-15 0.3175
3.6114e-15 0.2513
8.5200e-15 0.1769
9.9720e-15 0.1563
1.7128e-14 0.1411
1.9436e-14 0.1280
1.4086e-14 0.1373
0.0000e+00 1.0000
0.0000e+00 1.0000
1.8159e-15 0.3720
2.1381e-15 0.3719
1.7701e-15 0.3310
2.1287e-15 0.3699
2.1283e-15 0.3065
2.7876e-15 0.3310
3.2175e-15 0.2887
6.0108e-16 0.4729
2.2054e-15 0.4629
1.9494e-15 0.2737
2.2551e-15 0.2741
3.1824e-15 0.2480
3.9834e-15 0.2148
2.5620e-15 0.3249
5.2687e-15 0.2433
2.6350e-15 0.2753
6.8972e-16 0.4572
1.2181e-15 0.3490
0.0000e+00 1.0000
2.4112e-15 0.2332
4.5520e-15 0.2509
5.1444e-15 0.2465
5.4174e-15 0.2149
5.0027e-15 0.2963
5.1643e-15 0.2027
1.5070e-15 0.4507
3.0204e-15 0.3615
2.9672e-15 0.2723
2.9517e-15 0.2550
4.7849e-15 0.2325
7.9907e-15 0.1704
8.0389e-15 0.2080
9.5727e-15 0.1942
8.1467e-15 0.1714
1.1173e-15 0.3534
2.8138e-15 0.2721
1.6922e-15 0.2645
4.7316e-15 0.2196
5.4264e-15 0.2026
1.0797e-14 0.1605
1.4928e-14 0.1580
1.8921e-14 0.1568
1.6228e-14 0.1526
1.6020e-15 0.3037
1.2269e-15 0.2981
4.4421e-15 0.2500
4.2786e-15 0.2937
8.3720e-15 0.1946
1.8068e-14 0.1478
2.8578e-14 0.1168
3.5068e-14 0.1080
2.8117e-14 0.1060
2.9952e-15 0.3476
2.1091e-15 0.2888
4.8036e-15 0.2526
4.8199e-15 0.2254
1.0904e-14 0.1921
1.5738e-14 0.1414
2.7868e-14 0.1116
4.5581e-14 0.0935
3.5328e-14 0.1142
3.2641e-15 0.3224
3.6920e-15 0.2538
2.4591e-15 0.2417
4.7822e-15 0.2364
1.1987e-14 0.2120
1.8740e-14 0.1571
2.4831e-14 0.1214
3.8242e-14 0.1027
2.1637e-14 0.1223
1.3298e-15 0.2794
1.2936e-15 0.2750
3.2457e-15 0.2574
3.9947e-15 0.2424
9.7111e-15 0.1928
1.4015e-14 0.1748
1.6663e-14 0.1270
2.2248e-14 0.1374
1.7245e-14 0.1572
5.2024e-16 0.3456
1.1271e-15 0.4295
1.0300e-15 0.4374
2.1985e-15 0.3560
2.2413e-15 0.2657
1.5471e-15 0.2139
1.5870e-15 0.2583
2.3287e-15 0.2410
2.6673e-15 0.4164
0.0000e+00 1.0000
2.0008e-15 0.3805
2.0234e-15 0.3695
2.1614e-15 0.3110
2.7850e-15 0.3640
3.1955e-15 0.2141
3.5122e-15 0.2708
4.7571e-15 0.2431
2.1850e-15 0.3096
0.0000e+00 1.0000
2.0472e-15 0.3252
0.0000e+00 1.0000
2.0167e-15 0.3023
3.8229e-15 0.3090
5.5488e-15 0.2328
6.4752e-15 0.2046
5.2720e-15 0.2407
6.5555e-15 0.2246
2.1980e-15 0.3042
1.4046e-15 0.3413
2.5320e-15 0.3956
2.0445e-15 0.2179
2.2671e-15 0.2157
7.6355e-15 0.2248
8.5658e-15 0.1758
1.1418e-14 0.1918
1.0318e-14 0.1984
1.2664e-15 0.3111
2.9424e-15 0.3555
3.4847e-15 0.3081
2.5888e-15 0.2727
6.9161e-15 0.1846
8.5375e-15 0.1672
1.3370e-14 0.1538
1.7290e-14 0.1558
1.4431e-14 0.1365
1.1850e-15 0.3571
4.6712e-15 0.3136
2.9961e-15 0.2124
3.4881e-15 0.2276
9.7799e-15 0.2073
1.6211e-14 0.1368
3.2421e-14 0.1127
2.7385e-14 0.1172
2.1521e-14 0.1150
1.9934e-15 0.2892
3.2259e-15 0.3307
5.3954e-15 0.3241
5.8613e-15 0.2021
1.1846e-14 0.1573
1.6272e-14 0.1741
2.9146e-14 0.1163
3.8958e-14 0.0972
2.8078e-14 0.1097
2.4576e-15 0.3531
2.0575e-15 0.2657
3.8647e-15 0.1970
8.2301e-15 0.2179
8.1057e-15 0.1720
1.6076e-14 0.1689
2.5401e-14 0.1180
3.1211e-14 0.1176
1.8899e-14 0.1390
1.5505e-15 0.3494
1.9938e-15 0.2761
3.2927e-15 0.2366
5.6916e-15 0.2751
8.1573e-15 0.1854
1.2836e-14 0.1741
1.5252e-14 0.1449
1.9130e-14 0.1344
1.7619e-14 0.1459
3.7136e-16 0.3475
2.0615e-15 0.3969
1.7497e-15 0.4820
1.3099e-15 0.2486
2.2645e-15 0.2898
2.5147e-15 0.3090
1.7966e-15 0.3149
1.7308e-15 0.2326
3.2248e-15 0.2620
5.5680e-16 0.3469
1.7423e-15 0.3729
2.2697e-15 0.4001
2.1039e-15 0.3031
4.5180e-15 0.2516
1.7525e-15 0.2440
3.7247e-15 0.2169
4.0505e-15 0.2200
2.1267e-15 0.2320
1.0711e-15 0.3893
1.2375e-15 0.2816
1.0941e-15 0.2880
1.8950e-15 0.2842
3.7724e-15 0.3353
6.2239e-15 0.2785
5.0199e-15 0.2345
4.9427e-15 0.2597
7.1794e-15 0.2081
1.2144e-15 0.3574
1.8541e-15 0.2571
2.7314e-15 0.3548
2.5010e-15 0.3256
4.2529e-15 0.2090
5.3166e-15 0.2418
8.6165e-15 0.1905
8.5869e-15 0.2028
8.3212e-15 0.2201
2.7376e-15 0.4269
2.4154e-15 0.2939
2.2538e-15 0.2454
2.5461e-15 0.2143
4.7856e-15 0.2069
1.3595e-14 0.1720
1.6126e-14 0.1678
1.3214e-14 0.1608
1.0559e-14 0.1648
1.2170e-15 0.2363
2.5326e-15 0.2583
4.2025e-15 0.2393
6.9375e-15 0.2114
9.6144e-15 0.1830
1.6739e-14 0.1795
2.3378e-14 0.1299
2.9663e-14 0.1295
2.1927e-14 0.1328
1.5198e-15 0.3225
4.2323e-15 0.3208
3.9968e-15 0.2596
5.2061e-15 0.2229
9.1156e-15 0.2148
1.3773e-14 0.1561
2.4957e-14 0.1143
3.5139e-14 0.1160
2.7741e-14 0.1163
2.1866e-15 0.3776
3.0188e-15 0.4020
4.1267e-15 0.3583
3.9432e-15 0.2503
8.4370e-15 0.2105
1.7551e-14 0.1694
2.2876e-14 0.1353
3.2438e-14 0.1171
2.1420e-14 0.1265
1.3870e-15 0.3034
3.3230e-15 0.2871
3.9545e-15 0.2796
4.5921e-15 0.2032
1.5050e-14 0.1887
9.0069e-15 0.1945
1.3862e-14 0.1572
1.9467e-14 0.1623
1.6763e-14 0.1645
2.9897e-15 0.4183
6.1929e-16 0.4701
9.4833e-16 0.3511
2.4799e-15 0.4194
2.9844e-15 0.3656
1.4300e-15 0.2358
3.9144e-15 0.3742
1.9261e-15 0.2429
2.6047e-15 0.3176
0.0000e+00 1.0000
1.1745e-15 0.2856
1.4939e-15 0.3389
3.0981e-15 0.3530
3.5066e-15 0.3172
4.1472e-15 0.3138
4.9461e-15 0.2857
2.2480e-15 0.3552
2.4123e-15 0.2504
8.6830e-16 0.3573
2.3809e-15 0.3607
1.3048e-15 0.2601
2.6475e-15 0.3600
3.1045e-15 0.2541
5.5349e-15 0.2906
5.7194e-15 0.2624
4.7709e-15 0.2497
5.9291e-15 0.2639
1.7607e-15 0.2930
2.2816e-15 0.3002
2.4197e-15 0.2825
3.2181e-15 0.2935
3.5579e-15 0.2481
3.5794e-15 0.1947
7.1654e-15 0.2505
9.9459e-15 0.1977
8.0785e-15 0.1911
2.2431e-15 0.2835
1.6979e-15 0.3984
2.4561e-15 0.2436
3.8931e-15 0.2773
5.8992e-15 0.2380
6.5511e-15 0.1850
1.2483e-14 0.1555
1.3100e-14 0.1495
1.3633e-14 0.1511
2.1210e-15 0.4672
1.8862e-15 0.2950
5.2480e-15 0.2881
5.9581e-15 0.2923
7.5964e-15 0.1765
1.4868e-14 0.1449
2.6691e-14 0.1270
2.6731e-14 0.1277
1.8508e-14 0.1387
2.7713e-15 0.2923
4.1898e-15 0.3446
3.0036e-15 0.2832
5.2901e-15 0.2448
8.1502e-15 0.1822
1.1699e-14 0.1838
2.6388e-14 0.1301
3.1102e-14 0.1294
2.2224e-14 0.1287
1.8574e-15 0.3464
1.8859e-15 0.3620
3.3140e-15 0.2707
7.1832e-15 0.2749
7.7126e-15 0.2103
1.5222e-14 0.1545
2.2010e-14 0.1237
2.3133e-14 0.1223
1.8602e-14 0.1576
2.5995e-15 0.4771
2.5416e-15 0.2513
3.9030e-15 0.2708
4.4952e-15 0.2292
1.0061e-14 0.2002
1.0398e-14 0.1761
1.5594e-14 0.1549
1.7131e-14 0.1495
1.1706e-14 0.1693
