     9      9     21
d_kernel   u_kernel

3.0870e-16 0.4244
4.5716e-16 0.3755
1.3421e-15 0.2523
2.1922e-15 0.3730
1.5104e-15 0.2062
1.4223e-15 0.3330
6.0807e-16 0.2787
1.2124e-15 0.3623
5.7241e-16 0.3351
9.3836e-16 0.3339
1.4639e-15 0.2606
3.9145e-15 0.2894
3.5461e-14 0.1203
8.3237e-14 0.0833
3.7545e-14 0.1197
2.0952e-15 0.3747
9.3350e-16 0.3041
1.1296e-15 0.3338
1.2842e-15 0.3928
3.4023e-15 0.3128
1.9259e-13 0.0600
1.2398e-12 0.0248
1.8538e-12 0.0203
1.1790e-12 0.0252
1.7803e-13 0.0600
2.1765e-15 0.2955
6.9203e-16 0.2708
8.9141e-16 0.2700
2.7017e-14 0.1370
1.1275e-12 0.0262
3.2984e-12 0.0153
4.4043e-12 0.0128
3.2006e-12 0.0153
1.1538e-12 0.0256
3.1459e-14 0.1220
1.5306e-15 0.4544
8.7013e-16 0.3523
8.4423e-14 0.0820
1.8443e-12 0.0204
4.4111e-12 0.0128
1.1782e-09 0.0002
4.3816e-12 0.0129
1.7812e-12 0.0207
8.7731e-14 0.0804
6.9210e-16 0.3068
8.2486e-16 0.2956
3.7489e-14 0.1182
1.2265e-12 0.0248
3.2587e-12 0.0152
4.3979e-12 0.0128
3.2010e-12 0.0154
1.1905e-12 0.0254
2.6684e-14 0.1355
1.5930e-15 0.3783
6.4147e-16 0.3154
3.0871e-15 0.2642
1.7110e-13 0.0613
1.1596e-12 0.0257
1.8782e-12 0.0204
1.1448e-12 0.0255
1.7656e-13 0.0608
2.2147e-15 0.2853
2.1693e-15 0.2926
1.5777e-15 0.3513
1.0072e-15 0.2781
1.5996e-15 0.3123
2.1072e-14 0.1524
8.1720e-14 0.0824
3.5607e-14 0.1177
5.9457e-15 0.2796
1.0390e-15 0.2994
4.1030e-16 0.3444
7.4596e-16 0.3377
9.6022e-16 0.2710
9.7314e-16 0.2822
1.2706e-15 0.2387
1.4436e-15 0.4270
1.8690e-15 0.2272
4.1453e-16 0.3677
1.0039e-15 0.3226
2.6146e-16 0.3501
3.8581e-16 0.3375
4.5908e-16 0.3939
1.0694e-15 0.2736
1.8136e-15 0.2781
1.7025e-15 0.2504
1.2587e-15 0.2548
1.0236e-15 0.3283
8.7455e-16 0.3397
6.2744e-16 0.3336
0.0000e+00 1.0000
0.0000e+00 1.0000
3.1816e-15 0.2606
6.9981e-14 0.0866
1.6990e-13 0.0571
6.7639e-14 0.0887
3.3238e-15 0.2580
1.6146e-15 0.2758
7.7888e-16 0.3574
7.0523e-16 0.2623
2.2366e-15 0.3224
4.1652e-13 0.0395
3.0560e-12 0.0161
4.9484e-12 0.0128
3.0446e-12 0.0161
4.0582e-13 0.0400
4.3907e-15 0.2820
0.0000e+00 1.0000
0.0000e+00 1.0000
6.6448e-14 0.0885
2.9790e-12 0.0161
1.0688e-11 0.0088
2.0496e-11 0.0060
1.0514e-11 0.0089
3.0139e-12 0.0162
7.1004e-14 0.0887
1.8189e-15 0.3071
1.8991e-15 0.2285
1.7325e-13 0.0585
4.8365e-12 0.0129
2.0236e-11 0.0060
1.2934e-09 0.0002
2.0352e-11 0.0060
4.8653e-12 0.0129
1.6379e-13 0.0577
1.3526e-15 0.2457
1.2920e-15 0.3207
6.2038e-14 0.0921
3.0291e-12 0.0161
1.0564e-11 0.0089
2.0618e-11 0.0060
1.0536e-11 0.0089
2.9437e-12 0.0163
6.8866e-14 0.0895
1.6112e-15 0.4943
1.0885e-15 0.2908
3.5363e-15 0.2541
4.2210e-13 0.0397
2.9362e-12 0.0162
4.9136e-12 0.0128
2.8830e-12 0.0165
3.8857e-13 0.0410
3.8987e-15 0.2997
2.7336e-15 0.3597
5.4374e-16 0.2630
2.3086e-15 0.3285
3.9156e-15 0.2841
6.3162e-14 0.0923
1.8149e-13 0.0569
5.7425e-14 0.0907
3.1580e-15 0.3078
3.5495e-16 0.3130
1.0205e-15 0.3702
0.0000e+00 1.0000
1.2111e-15 0.3203
2.0017e-15 0.3146
9.7194e-16 0.2983
1.3030e-15 0.2353
1.5149e-15 0.4880
1.2642e-15 0.3853
7.1401e-16 0.3344
8.0067e-16 0.3809
6.6271e-16 0.2756
9.6193e-16 0.2931
1.4439e-15 0.2800
1.5747e-15 0.3463
1.9189e-15 0.2249
1.3176e-15 0.2432
1.8857e-15 0.2577
6.6057e-16 0.2862
1.5816e-15 0.4794
6.9127e-16 0.2967
1.6869e-15 0.3193
3.2655e-15 0.2712
8.9932e-14 0.0750
2.3263e-13 0.0489
8.4905e-14 0.0741
2.9983e-15 0.2662
1.6630e-15 0.3114
1.4750e-15 0.4554
8.3417e-16 0.2697
3.2371e-15 0.2316
6.3439e-13 0.0313
5.9532e-12 0.0115
1.0537e-11 0.0088
6.0280e-12 0.0114
6.5382e-13 0.0312
3.7682e-15 0.2436
1.0947e-15 0.2347
1.9209e-15 0.3263
7.3573e-14 0.0799
6.0511e-12 0.0115
3.1086e-11 0.0052
8.1564e-11 0.0030
3.1158e-11 0.0053
6.0111e-12 0.0115
9.4680e-14 0.0737
1.8208e-15 0.3865
1.7302e-15 0.2993
2.4472e-13 0.0473
1.0631e-11 0.0088
8.1478e-11 0.0030
1.1861e-09 0.0003
8.1239e-11 0.0030
1.0611e-11 0.0088
2.3228e-13 0.0472
1.8915e-15 0.2167
1.2459e-15 0.2998
9.0081e-14 0.0776
5.8908e-12 0.0115
3.1438e-11 0.0052
8.1118e-11 0.0030
3.1107e-11 0.0052
6.0159e-12 0.0115
9.3470e-14 0.0752
1.2703e-15 0.4236
1.0771e-15 0.3109
4.3566e-15 0.2669
6.6349e-13 0.0306
5.8589e-12 0.0115
1.0571e-11 0.0088
5.9460e-12 0.0115
6.2730e-13 0.0314
3.3760e-15 0.2099
1.0351e-15 0.2555
9.0338e-16 0.2866
1.1198e-15 0.2384
3.9641e-15 0.2224
7.2791e-14 0.0822
2.3698e-13 0.0481
8.4299e-14 0.0756
2.7915e-15 0.2896
7.7613e-16 0.2712
1.3084e-15 0.3414
0.0000e+00 1.0000
1.3865e-15 0.3888
1.8103e-15 0.2683
9.7025e-16 0.2400
1.9395e-15 0.3126
1.0124e-15 0.2666
7.5735e-16 0.2881
1.3906e-15 0.3734
7.5335e-16 0.3681
1.2399e-15 0.3864
1.8562e-15 0.3937
1.3121e-15 0.2703
2.0066e-15 0.2366
2.2184e-15 0.2040
1.2085e-15 0.1994
1.8348e-15 0.2573
1.2927e-15 0.4824
3.5630e-16 0.3599
1.0245e-15 0.3253
2.4645e-15 0.3188
3.5065e-15 0.2146
6.6686e-14 0.0812
1.8459e-13 0.0497
6.0969e-14 0.0859
5.4748e-15 0.2549
1.5886e-15 0.3009
9.6766e-16 0.3209
1.3749e-15 0.2490
2.6169e-15 0.2921
6.9566e-13 0.0288
8.8720e-12 0.0092
1.7573e-11 0.0067
8.9140e-12 0.0092
7.1604e-13 0.0287
2.4683e-15 0.2772
1.0179e-15 0.3044
3.9600e-15 0.3138
6.1792e-14 0.0821
8.7856e-12 0.0093
6.3919e-11 0.0036
1.5946e-10 0.0021
6.3930e-11 0.0036
8.8976e-12 0.0092
7.6884e-14 0.0772
1.4903e-15 0.2510
2.1188e-15 0.2529
1.9838e-13 0.0493
1.7498e-11 0.0067
1.5961e-10 0.0021
8.2920e-10 0.0006
1.5883e-10 0.0021
1.7280e-11 0.0068
2.0668e-13 0.0493
1.9503e-15 0.2790
1.9483e-15 0.2913
6.3398e-14 0.0878
8.9468e-12 0.0092
6.4392e-11 0.0036
1.5941e-10 0.0021
6.4322e-11 0.0036
8.8727e-12 0.0092
6.9781e-14 0.0808
1.5885e-15 0.3157
9.2152e-16 0.2770
2.3288e-15 0.1950
7.3244e-13 0.0284
8.8502e-12 0.0093
1.7550e-11 0.0067
8.8739e-12 0.0093
7.1629e-13 0.0286
2.1591e-15 0.2130
2.6201e-15 0.3460
1.1372e-15 0.2347
1.4700e-15 0.2331
4.9075e-15 0.2201
5.5426e-14 0.0862
1.9046e-13 0.0514
6.0871e-14 0.0858
3.1146e-15 0.2010
9.5453e-16 0.3259
8.3110e-16 0.3829
7.7544e-16 0.2512
1.0564e-15 0.3638
2.8819e-15 0.3051
1.8142e-15 0.2726
2.4080e-15 0.2611
1.4698e-15 0.2544
1.3474e-15 0.3450
8.3688e-16 0.2758
4.0111e-16 0.3872
1.3051e-15 0.3768
1.9079e-15 0.3397
2.2232e-15 0.2312
1.8713e-15 0.2268
2.6826e-15 0.3144
3.9464e-15 0.3340
1.9602e-15 0.2907
8.1318e-16 0.3761
9.2768e-16 0.3476
8.5507e-16 0.2704
2.0655e-15 0.2313
3.4921e-15 0.2391
2.5736e-14 0.1175
9.7831e-14 0.0664
2.2017e-14 0.1211
2.2636e-15 0.2197
2.1814e-15 0.4045
1.2334e-15 0.2760
1.4490e-15 0.3168
2.3367e-15 0.2898
4.5874e-13 0.0340
9.0515e-12 0.0088
1.9740e-11 0.0061
8.8014e-12 0.0089
4.5618e-13 0.0335
4.0024e-15 0.2600
1.4190e-15 0.2451
1.6574e-15 0.2209
2.1231e-14 0.1257
8.9241e-12 0.0089
8.2560e-11 0.0031
1.7932e-10 0.0020
8.3432e-11 0.0031
9.1852e-12 0.0088
2.7637e-14 0.1195
2.0395e-15 0.3457
1.9382e-15 0.2386
9.1176e-14 0.0679
1.9875e-11 0.0061
1.8058e-10 0.0020
5.1731e-10 0.0009
1.7967e-10 0.0020
1.9618e-11 0.0062
9.1187e-14 0.0690
4.5026e-15 0.3767
4.5724e-15 0.3770
2.2958e-14 0.1266
9.1295e-12 0.0088
8.3082e-11 0.0031
1.8010e-10 0.0020
8.2835e-11 0.0031
8.9378e-12 0.0088
2.5097e-14 0.1221
1.1430e-15 0.2530
1.6267e-15 0.3089
2.3832e-15 0.1802
4.6592e-13 0.0336
8.9660e-12 0.0088
1.9900e-11 0.0061
8.8438e-12 0.0089
4.7698e-13 0.0332
2.6922e-15 0.2232
1.7895e-15 0.3707
1.0322e-15 0.2891
1.7046e-15 0.2084
2.1917e-15 0.3065
3.0158e-14 0.1147
9.6283e-14 0.0686
2.8304e-14 0.1203
3.1893e-15 0.2216
1.8062e-15 0.2484
1.1610e-15 0.4172
8.9975e-16 0.3719
2.2151e-15 0.3189
2.9646e-15 0.3145
1.6260e-15 0.2080
2.5179e-15 0.3355
1.3170e-15 0.2197
1.7036e-15 0.2603
1.1245e-15 0.3281
1.1579e-15 0.4047
1.0163e-15 0.2966
2.0285e-15 0.2591
2.9547e-15 0.4177
1.9379e-15 0.2175
2.1508e-15 0.2323
2.6876e-15 0.2625
2.3579e-15 0.2601
1.2202e-15 0.3717
1.6525e-15 0.3127
0.0000e+00 1.0000
1.8406e-15 0.2451
4.8894e-15 0.2342
7.4137e-15 0.1802
2.1504e-14 0.1352
9.1641e-15 0.1591
3.4383e-15 0.2184
2.7608e-15 0.2643
2.7223e-15 0.4985
2.6111e-15 0.2868
3.9843e-15 0.2596
1.2584e-13 0.0586
5.2042e-12 0.0108
1.3539e-11 0.0070
5.2741e-12 0.0108
1.3684e-13 0.0550
3.2217e-15 0.2378
2.6720e-15 0.3315
2.9133e-15 0.2153
7.4437e-15 0.1947
5.1441e-12 0.0109
7.0087e-11 0.0033
1.4721e-10 0.0022
7.0007e-11 0.0033
5.1721e-12 0.0109
5.4095e-15 0.1803
2.0670e-15 0.2069
2.1884e-15 0.2617
1.8707e-14 0.1230
1.3696e-11 0.0070
1.4800e-10 0.0022
3.2283e-10 0.0013
1.4753e-10 0.0022
1.3411e-11 0.0070
1.5818e-14 0.1393
3.2898e-15 0.2500
3.9691e-15 0.3619
1.0246e-14 0.2327
5.2488e-12 0.0108
7.0325e-11 0.0033
1.4686e-10 0.0022
6.9587e-11 0.0033
5.2010e-12 0.0108
7.0728e-15 0.2326
1.5621e-15 0.3126
1.2364e-15 0.3369
3.0419e-15 0.2222
1.3474e-13 0.0565
5.3555e-12 0.0107
1.3569e-11 0.0070
5.1358e-12 0.0110
1.3869e-13 0.0559
5.2369e-15 0.2716
2.6508e-15 0.2977
1.5127e-15 0.3149
0.0000e+00 1.0000
2.9382e-15 0.1935
6.2821e-15 0.1653
2.2249e-14 0.1143
6.9955e-15 0.1772
3.4072e-15 0.2757
2.0354e-15 0.2464
1.7885e-15 0.2605
1.0911e-15 0.2575
1.5428e-15 0.3366
1.1090e-15 0.2577
2.4222e-15 0.2137
3.5101e-15 0.2497
1.0953e-15 0.2521
1.3205e-15 0.3053
1.3728e-15 0.3392
3.5066e-16 0.3147
1.8896e-15 0.3226
2.1842e-15 0.3236
3.7010e-15 0.2131
2.7885e-15 0.2019
2.9716e-15 0.2311
3.0787e-15 0.2693
1.4933e-15 0.1936
1.0930e-15 0.2924
1.0145e-15 0.3649
1.6347e-15 0.3045
1.7959e-15 0.2857
3.4590e-15 0.1904
6.7623e-15 0.1920
8.5082e-15 0.1780
3.9775e-15 0.2005
3.5750e-15 0.2979
3.9285e-15 0.2604
1.1215e-15 0.3423
1.8853e-15 0.2557
5.0252e-15 0.2138
1.7566e-14 0.1329
1.3226e-12 0.0194
4.2623e-12 0.0113
1.3064e-12 0.0196
2.0125e-14 0.1403
3.6719e-15 0.2455
3.0770e-15 0.3262
4.1316e-15 0.2866
6.2536e-15 0.1907
1.3136e-12 0.0195
3.5245e-11 0.0044
8.3122e-11 0.0029
3.5036e-11 0.0044
1.3078e-12 0.0195
5.8014e-15 0.2444
2.9556e-15 0.2653
2.6144e-15 0.2547
6.9292e-15 0.2194
4.3787e-12 0.0112
8.3157e-11 0.0029
1.8105e-10 0.0019
8.2858e-11 0.0029
4.3619e-12 0.0112
6.5256e-15 0.1824
2.3639e-15 0.2811
2.9981e-15 0.2359
5.4428e-15 0.1663
1.3052e-12 0.0196
3.5127e-11 0.0044
8.2929e-11 0.0029
3.5321e-11 0.0044
1.2431e-12 0.0198
5.9587e-15 0.1921
1.5286e-15 0.2501
1.9174e-15 0.2517
3.1530e-15 0.1782
1.8032e-14 0.1185
1.3265e-12 0.0193
4.3787e-12 0.0112
1.2689e-12 0.0197
1.9353e-14 0.1304
5.4631e-15 0.2270
2.0854e-15 0.2610
1.3067e-15 0.2151
2.7740e-15 0.2377
4.3342e-15 0.2477
6.0339e-15 0.2463
6.7349e-15 0.1654
4.6462e-15 0.2015
5.0269e-15 0.2439
2.4853e-15 0.3373
2.7952e-15 0.3592
8.3208e-16 0.3009
8.5669e-16 0.2971
1.1210e-15 0.2623
2.0184e-15 0.2951
4.6192e-15 0.2295
2.6886e-15 0.3080
1.9925e-15 0.2620
1.9064e-15 0.2947
0.0000e+00 1.0000
1.4217e-15 0.3157
1.3926e-15 0.2641
2.3914e-15 0.2595
2.4946e-15 0.2196
3.9011e-15 0.2767
2.5773e-15 0.1625
1.0565e-15 0.2275
1.3405e-15 0.2721
1.0392e-15 0.3714
2.1676e-15 0.2714
2.9172e-15 0.2793
5.9385e-15 0.2159
5.9381e-15 0.1786
8.7579e-15 0.2030
7.9847e-15 0.1932
4.7344e-15 0.3178
2.9359e-15 0.2858
2.8074e-15 0.2855
1.9123e-15 0.2920
4.3427e-15 0.2347
9.2132e-15 0.1753
7.8196e-14 0.0652
3.8162e-13 0.0325
7.8756e-14 0.0670
8.8152e-15 0.1625
3.3075e-15 0.2529
2.7475e-15 0.2005
3.9340e-15 0.3108
8.4225e-15 0.1994
8.2131e-14 0.0635
6.9080e-12 0.0088
2.2026e-11 0.0052
7.1026e-12 0.0088
9.6087e-14 0.0613
6.3564e-15 0.1970
3.4911e-15 0.3075
3.6006e-15 0.2339
6.7510e-15 0.1926
3.7043e-13 0.0325
2.2261e-11 0.0052
6.2030e-11 0.0032
2.2189e-11 0.0052
3.7167e-13 0.0330
9.3367e-15 0.1880
2.8009e-15 0.2080
3.2554e-15 0.2253
6.9695e-15 0.1683
8.4441e-14 0.0624
7.0149e-12 0.0088
2.2207e-11 0.0052
6.9185e-12 0.0088
8.6896e-14 0.0618
8.0754e-15 0.1787
2.4809e-15 0.2028
2.7792e-15 0.3564
4.9973e-15 0.2750
7.4678e-15 0.1626
8.9739e-14 0.0612
3.8509e-13 0.0319
8.0156e-14 0.0659
9.8956e-15 0.1526
6.1045e-15 0.2598
2.9985e-15 0.3751
1.5049e-15 0.2399
2.1174e-15 0.1882
6.8880e-15 0.3412
6.3333e-15 0.2237
5.1987e-15 0.1618
5.1069e-15 0.1488
4.6508e-15 0.1947
3.0983e-15 0.2692
2.2800e-15 0.3573
7.5018e-16 0.2983
2.1367e-15 0.3300
1.0995e-15 0.2483
3.1717e-15 0.2740
4.6111e-15 0.2211
3.3417e-15 0.2261
2.7512e-15 0.2611
2.3946e-15 0.3233
9.8643e-16 0.2876
1.3371e-15 0.4461
0.0000e+00 1.0000
1.4798e-15 0.2473
3.6481e-15 0.2496
4.2910e-15 0.2583
2.7371e-15 0.2513
1.9690e-15 0.1997
1.3101e-15 0.2466
1.0786e-15 0.4308
1.9149e-15 0.3142
2.3281e-15 0.3263
6.3567e-15 0.1998
8.5191e-15 0.1734
7.7089e-15 0.1432
5.5848e-15 0.1653
3.6462e-15 0.1769
4.6425e-15 0.2993
1.4863e-15 0.2699
1.1701e-15 0.2244
4.1307e-15 0.2080
1.0868e-14 0.1586
1.6440e-14 0.1303
2.3172e-14 0.1078
1.6739e-14 0.1382
8.1442e-15 0.1627
5.3132e-15 0.2272
2.0818e-15 0.2800
3.0391e-15 0.2295
6.3011e-15 0.1727
1.4871e-14 0.1206
2.5463e-13 0.0376
1.2199e-12 0.0183
2.6310e-13 0.0372
1.5613e-14 0.1089
6.6967e-15 0.1859
3.0457e-15 0.1791
4.6747e-15 0.3486
7.8169e-15 0.1656
1.8954e-14 0.1250
1.2356e-12 0.0183
5.4359e-12 0.0093
1.2226e-12 0.0184
2.2241e-14 0.1001
7.1507e-15 0.1610
4.6697e-15 0.2772
3.0377e-15 0.2439
1.0629e-14 0.1647
1.6807e-14 0.1356
2.7451e-13 0.0361
1.2290e-12 0.0183
2.4876e-13 0.0369
1.3150e-14 0.1504
7.8594e-15 0.1527
3.1859e-15 0.2124
3.3676e-15 0.2941
3.5118e-15 0.1697
8.8293e-15 0.1612
1.6382e-14 0.1173
1.7998e-14 0.1155
1.7529e-14 0.1422
7.8390e-15 0.1507
2.8907e-15 0.1936
3.2435e-15 0.3147
9.5907e-16 0.3177
2.8186e-15 0.2364
6.3691e-15 0.1878
6.9482e-15 0.2157
9.2944e-15 0.2105
5.1243e-15 0.1411
5.3131e-15 0.1726
3.9698e-15 0.3010
2.4895e-15 0.3476
1.4642e-15 0.2568
1.9043e-15 0.2403
3.1019e-15 0.3227
2.9452e-15 0.2123
4.2800e-15 0.2184
3.5203e-15 0.2469
3.2927e-15 0.3086
1.5685e-15 0.3171
7.1619e-16 0.3063
1.4868e-15 0.2497
2.4122e-15 0.2891
2.7422e-15 0.2798
2.7570e-15 0.2104
4.4693e-15 0.2502
3.4591e-15 0.2262
2.8577e-15 0.2731
1.6071e-15 0.3067
3.5478e-15 0.3767
2.1592e-15 0.4306
2.1266e-15 0.2745
5.4927e-15 0.2001
6.9658e-15 0.1797
1.1903e-14 0.1910
5.2548e-15 0.1823
3.2939e-15 0.2105
4.3846e-15 0.2872
9.7077e-16 0.2706
1.9138e-15 0.2677
5.4799e-15 0.2200
7.9584e-15 0.1385
1.3574e-14 0.1368
1.8421e-14 0.1143
1.4972e-14 0.1267
7.7983e-15 0.1663
4.6072e-15 0.1923
1.6374e-15 0.1977
3.8825e-15 0.2155
5.5832e-15 0.1863
1.4092e-14 0.1384
3.6036e-14 0.0935
5.1851e-14 0.0749
2.8115e-14 0.0973
1.8507e-14 0.1466
7.3765e-15 0.2165
3.7516e-15 0.2549
2.5502e-15 0.1787
7.0131e-15 0.1711
1.6010e-14 0.1208
5.3045e-14 0.0789
9.5361e-14 0.0564
4.9190e-14 0.0802
1.8304e-14 0.1057
7.8931e-15 0.1512
4.0470e-15 0.2179
5.4329e-15 0.2822
9.0155e-15 0.1880
1.7959e-14 0.1158
3.0927e-14 0.0898
4.7483e-14 0.0780
2.6141e-14 0.0971
1.1699e-14 0.1217
5.4825e-15 0.1513
5.4344e-15 0.2610
2.1884e-15 0.2211
5.0845e-15 0.2101
1.0624e-14 0.1612
1.3344e-14 0.1298
1.4285e-14 0.1117
1.4276e-14 0.1342
9.5143e-15 0.1663
6.1794e-15 0.2205
3.1395e-15 0.2994
2.3712e-15 0.3386
3.3083e-15 0.2142
8.7570e-15 0.2106
8.6148e-15 0.2233
7.8024e-15 0.1686
5.7413e-15 0.1581
4.8564e-15 0.2238
3.9512e-15 0.3391
3.1595e-15 0.3645
1.2812e-15 0.3089
2.0752e-15 0.3111
3.8412e-15 0.2186
2.3641e-15 0.2109
3.6175e-15 0.2278
2.6543e-15 0.1926
2.6739e-15 0.2789
1.7581e-15 0.2721
1.1625e-15 0.2766
1.0987e-15 0.4310
3.1652e-15 0.2725
2.8636e-15 0.2436
5.9756e-15 0.2804
4.6195e-15 0.2292
5.1784e-15 0.2354
2.4302e-15 0.2676
1.9999e-15 0.3201
3.2077e-15 0.4058
1.5802e-15 0.2248
2.4691e-15 0.2171
4.9922e-15 0.1850
4.8844e-15 0.1996
8.6032e-15 0.1840
6.0688e-15 0.2146
3.0332e-15 0.1986
2.7122e-15 0.2522
2.1596e-15 0.3263
2.5196e-15 0.2205
4.4380e-15 0.1946
6.5346e-15 0.1409
1.7568e-14 0.1463
1.7259e-14 0.1139
1.4253e-14 0.1278
9.1932e-15 0.1541
3.5494e-15 0.1863
2.8461e-15 0.2139
3.2061e-15 0.2535
5.7834e-15 0.1840
1.4297e-14 0.1477
3.0322e-14 0.0959
4.2182e-14 0.0904
2.6559e-14 0.1036
1.4196e-14 0.1262
7.6828e-15 0.1850
2.9325e-15 0.2259
2.6507e-15 0.2088
6.1105e-15 0.1564
1.4944e-14 0.1195
3.7327e-14 0.0847
7.1583e-14 0.0690
3.5570e-14 0.0898
1.8377e-14 0.1392
6.8889e-15 0.1593
3.6110e-15 0.2098
5.8662e-15 0.3190
7.5099e-15 0.1474
1.8518e-14 0.1288
3.0414e-14 0.0934
4.1067e-14 0.0845
2.5549e-14 0.1200
1.2640e-14 0.1362
4.2705e-15 0.1835
2.7668e-15 0.2311
4.2031e-15 0.2318
4.5775e-15 0.1639
9.7510e-15 0.1678
1.2032e-14 0.1312
1.4528e-14 0.1142
1.3774e-14 0.1322
8.9028e-15 0.1402
4.3697e-15 0.2571
3.2827e-15 0.2424
2.3776e-15 0.3221
2.6904e-15 0.2757
5.5095e-15 0.2037
7.2762e-15 0.1815
7.1429e-15 0.1660
4.8758e-15 0.1667
5.0195e-15 0.2852
4.3655e-15 0.2449
1.8308e-15 0.3668
9.9809e-16 0.3253
4.3663e-15 0.4066
4.7834e-15 0.2736
3.3029e-15 0.2160
4.1027e-15 0.2258
2.8183e-15 0.2680
3.1610e-15 0.2664
2.4798e-15 0.3354
1.6212e-15 0.3003
8.3673e-16 0.2887
1.4282e-15 0.2474
3.9764e-15 0.2756
3.2306e-15 0.2098
5.2917e-15 0.2465
2.9989e-15 0.2004
3.7721e-15 0.3541
2.4012e-15 0.3110
1.5674e-15 0.2664
1.8261e-15 0.2795
4.7248e-15 0.2774
4.9558e-15 0.1801
6.2730e-15 0.1709
7.6884e-15 0.2002
5.0365e-15 0.1882
4.7544e-15 0.1821
1.8475e-15 0.2107
1.8536e-15 0.2934
2.7799e-15 0.2212
4.2799e-15 0.2116
7.8558e-15 0.1895
1.1260e-14 0.1287
1.4356e-14 0.1274
1.0616e-14 0.1317
8.6822e-15 0.1888
2.8489e-15 0.1932
3.7586e-15 0.2288
2.6428e-15 0.2260
6.6526e-15 0.1723
1.2064e-14 0.1399
2.1496e-14 0.1102
3.6165e-14 0.1028
2.1988e-14 0.1149
1.7670e-14 0.1494
6.2729e-15 0.2148
4.8960e-15 0.2672
5.1266e-15 0.2289
7.5185e-15 0.1912
1.2759e-14 0.1356
2.8674e-14 0.0907
5.8998e-14 0.0790
3.2017e-14 0.1084
1.5006e-14 0.1321
9.3062e-15 0.1989
4.0408e-15 0.2278
4.9772e-15 0.2332
4.9366e-15 0.2096
1.6717e-14 0.1520
2.2285e-14 0.1042
3.3376e-14 0.0898
2.2584e-14 0.1131
1.1756e-14 0.1460
3.3968e-15 0.1605
4.1984e-15 0.2456
3.7513e-15 0.2198
5.4628e-15 0.2640
1.1019e-14 0.1742
1.2946e-14 0.1463
1.3896e-14 0.1465
9.7197e-15 0.1530
8.2822e-15 0.1515
4.3859e-15 0.2642
3.7564e-15 0.3007
2.1463e-15 0.3528
3.2221e-15 0.2804
6.6211e-15 0.2323
9.8239e-15 0.2130
8.2717e-15 0.1929
7.9270e-15 0.1920
3.7877e-15 0.1422
2.2235e-15 0.2371
2.4897e-15 0.3485
1.7775e-15 0.3162
4.0837e-15 0.3085
3.8763e-15 0.2046
4.3523e-15 0.2347
4.0905e-15 0.2176
3.7952e-15 0.2884
3.5078e-15 0.2334
1.6850e-15 0.2656
2.1506e-15 0.3182
1.1447e-15 0.2808
2.9112e-15 0.3747
2.5222e-15 0.2488
3.5682e-15 0.2662
6.2966e-15 0.2349
3.9220e-15 0.2918
2.3083e-15 0.2327
2.2599e-15 0.3404
1.7129e-15 0.4153
2.2163e-15 0.2847
3.8208e-15 0.2105
4.5627e-15 0.2029
6.4110e-15 0.2423
6.4935e-15 0.1543
6.9426e-15 0.1918
4.7664e-15 0.2412
2.9919e-15 0.2456
1.8360e-15 0.2381
2.0711e-15 0.2493
3.5247e-15 0.1978
5.5235e-15 0.1523
1.6856e-14 0.1733
1.1523e-14 0.1242
1.0497e-14 0.1579
1.0292e-14 0.1808
4.3695e-15 0.2365
2.5763e-15 0.3112
3.9586e-15 0.3127
5.9163e-15 0.1924
1.1941e-14 0.1603
2.4093e-14 0.1219
3.0200e-14 0.1218
2.4252e-14 0.1219
1.3361e-14 0.1470
6.5468e-15 0.2268
3.9907e-15 0.2881
3.2358e-15 0.2609
7.1472e-15 0.2016
1.2944e-14 0.1645
3.4546e-14 0.1018
4.7305e-14 0.0911
2.9855e-14 0.1098
1.4782e-14 0.1346
8.4080e-15 0.2026
4.2490e-15 0.2519
2.7385e-15 0.2314
6.2377e-15 0.2028
1.1284e-14 0.1795
2.3006e-14 0.1053
3.1416e-14 0.1118
1.9204e-14 0.1229
1.1704e-14 0.1805
5.0979e-15 0.1945
2.8294e-15 0.2245
2.7130e-15 0.2353
5.8527e-15 0.1803
7.6772e-15 0.1897
1.0574e-14 0.1372
1.1931e-14 0.1311
1.0648e-14 0.1474
5.3529e-15 0.1535
2.5620e-15 0.2011
2.8934e-15 0.2416
1.5888e-15 0.2452
2.9142e-15 0.1838
3.5433e-15 0.1710
6.5303e-15 0.2074
6.8732e-15 0.1648
7.0980e-15 0.1861
4.9579e-15 0.1690
2.8259e-15 0.2444
2.2827e-15 0.3505
2.6419e-15 0.3579
3.1674e-15 0.2764
4.7058e-15 0.2373
5.0498e-15 0.3440
2.7923e-15 0.1884
3.4670e-15 0.2429
3.2784e-15 0.2367
2.4428e-15 0.2589
1.9091e-15 0.4763
1.0898e-15 0.2936
4.6003e-15 0.3041
2.3110e-15 0.2335
3.3903e-15 0.2560
6.5338e-15 0.2211
2.0592e-15 0.2035
2.9632e-15 0.2298
2.1465e-15 0.2422
1.6771e-15 0.3711
2.5259e-15 0.2624
3.6488e-15 0.2183
3.8813e-15 0.2444
6.4432e-15 0.2393
6.5543e-15 0.2027
5.6842e-15 0.1728
6.2946e-15 0.2310
4.2657e-15 0.2591
1.1690e-15 0.2102
2.5534e-15 0.2319
4.0417e-15 0.2376
9.2720e-15 0.2051
1.0538e-14 0.1684
1.3807e-14 0.1502
9.6676e-15 0.1784
7.6375e-15 0.1692
5.9177e-15 0.2243
2.6591e-15 0.2878
2.8899e-15 0.2044
3.6079e-15 0.1776
1.4670e-14 0.1492
1.6528e-14 0.1160
2.6343e-14 0.1180
1.9839e-14 0.1521
1.1574e-14 0.1412
7.4472e-15 0.1740
4.6488e-15 0.2827
3.0488e-15 0.2057
6.0191e-15 0.1735
9.7963e-15 0.1499
2.3195e-14 0.1111
4.0544e-14 0.0915
2.7077e-14 0.1141
1.1508e-14 0.1388
5.9768e-15 0.1728
2.9315e-15 0.2759
2.7988e-15 0.1815
7.4179e-15 0.2005
1.0495e-14 0.1497
2.0466e-14 0.1150
2.7058e-14 0.1102
1.9756e-14 0.1277
1.1055e-14 0.1702
6.6661e-15 0.2162
1.8990e-15 0.1983
3.5210e-15 0.2526
4.6244e-15 0.2048
8.8508e-15 0.1727
1.2631e-14 0.1585
1.3365e-14 0.1493
1.1687e-14 0.1568
8.5046e-15 0.2071
4.1854e-15 0.2397
1.5725e-15 0.2143
3.1725e-15 0.2564
5.4531e-15 0.2507
5.2018e-15 0.1864
6.9379e-15 0.2092
5.0741e-15 0.1890
5.5565e-15 0.2554
5.1851e-15 0.2352
3.1841e-15 0.2051
2.0629e-15 0.2850
1.0633e-15 0.2340
4.2742e-15 0.2815
2.3100e-15 0.2609
2.2142e-15 0.2922
4.9316e-15 0.2435
3.2230e-15 0.2320
3.2556e-15 0.3090
1.3896e-15 0.2263
1.5328e-15 0.4337
1.8006e-15 0.4355
3.7093e-15 0.2742
2.6419e-15 0.2301
2.8263e-15 0.2311
5.9010e-15 0.2697
2.5441e-15 0.2468
2.8969e-15 0.2667
1.7481e-15 0.2425
1.2459e-15 0.2274
2.4574e-15 0.2318
3.6408e-15 0.2128
4.5266e-15 0.2506
5.8401e-15 0.2555
5.4145e-15 0.2081
5.4178e-15 0.2287
6.1473e-15 0.2670
3.3357e-15 0.1993
2.5581e-15 0.2176
2.0943e-15 0.2519
3.8686e-15 0.1968
8.4481e-15 0.2093
1.2043e-14 0.1646
1.0858e-14 0.1626
1.1509e-14 0.1727
7.0356e-15 0.1946
5.8312e-15 0.2307
2.0791e-15 0.1754
3.5365e-15 0.2842
5.9287e-15 0.2114
1.1164e-14 0.1564
1.7447e-14 0.1279
2.1274e-14 0.1154
1.7586e-14 0.1315
8.4838e-15 0.1915
7.0581e-15 0.1900
3.9500e-15 0.2086
2.8977e-15 0.2459
4.8910e-15 0.2362
1.1950e-14 0.1532
2.4516e-14 0.1177
3.6828e-14 0.1058
2.1184e-14 0.1144
1.1106e-14 0.1555
7.2436e-15 0.1921
3.0335e-15 0.2533
2.8809e-15 0.2221
5.9457e-15 0.2189
1.1413e-14 0.1679
2.0761e-14 0.1335
2.1401e-14 0.1194
1.8125e-14 0.1317
1.0240e-14 0.2012
7.4101e-15 0.2161
3.3413e-15 0.3019
2.0018e-15 0.2078
5.2454e-15 0.2412
7.5835e-15 0.1831
1.0177e-14 0.1454
1.2861e-14 0.1729
8.6982e-15 0.1691
6.2674e-15 0.2268
3.7117e-15 0.2406
1.5675e-15 0.2469
2.1996e-15 0.2863
4.2839e-15 0.1969
5.0839e-15 0.2005
5.1761e-15 0.2192
5.0567e-15 0.1940
7.2129e-15 0.2093
5.3732e-15 0.2082
3.3607e-15 0.2796
2.1556e-15 0.3179
0.0000e+00 1.0000
3.6063e-15 0.2434
3.5139e-15 0.2635
4.2027e-15 0.2964
3.6341e-15 0.2757
3.9392e-15 0.2811
2.1999e-15 0.3282
2.0258e-15 0.2441
1.1479e-15 0.4036
2.3348e-15 0.3983
3.5872e-15 0.2910
2.9050e-15 0.2283
2.3169e-15 0.1989
4.4344e-15 0.2387
3.6244e-15 0.2542
4.2246e-15 0.3260
1.4608e-15 0.2702
1.9054e-15 0.4252
2.0284e-15 0.2474
2.6809e-15 0.1984
3.9257e-15 0.2874
6.6394e-15 0.2376
6.2461e-15 0.2346
4.9158e-15 0.2537
5.9264e-15 0.2201
3.0148e-15 0.2177
2.1302e-15 0.2133
1.6759e-15 0.2497
4.1854e-15 0.2033
7.5294e-15 0.2325
1.0455e-14 0.1793
1.2564e-14 0.1705
7.8223e-15 0.1664
5.7637e-15 0.1591
6.2917e-15 0.2186
2.6603e-15 0.3140
2.7873e-15 0.2603
5.0356e-15 0.2768
1.0503e-14 0.1458
1.5503e-14 0.1351
1.8703e-14 0.1377
2.0710e-14 0.1452
1.0329e-14 0.1568
5.1040e-15 0.2024
7.3272e-15 0.2432
3.1324e-15 0.3119
5.3687e-15 0.2380
9.7073e-15 0.1568
2.0598e-14 0.1261
2.8913e-14 0.1111
2.2834e-14 0.1262
1.0164e-14 0.1913
3.8098e-15 0.1725
4.7458e-15 0.2440
4.9399e-15 0.2431
6.0205e-15 0.2431
8.2910e-15 0.1575
1.8569e-14 0.1372
1.7180e-14 0.1414
1.3880e-14 0.1359
7.2350e-15 0.2244
6.0356e-15 0.2506
2.6695e-15 0.1965
2.1234e-15 0.2038
6.0402e-15 0.2409
7.3228e-15 0.1759
1.3600e-14 0.1681
1.3277e-14 0.1593
1.1692e-14 0.1613
5.8641e-15 0.1973
4.5880e-15 0.2271
1.8891e-15 0.1958
2.3967e-15 0.2056
4.3336e-15 0.2319
4.8494e-15 0.2242
5.0062e-15 0.2330
4.0928e-15 0.2123
4.3953e-15 0.2181
3.5976e-15 0.2274
3.2274e-15 0.2112
1.1890e-15 0.2465
1.3242e-15 0.2117
2.6376e-15 0.3279
3.7515e-15 0.2562
3.9080e-15 0.2357
3.6786e-15 0.2427
3.5226e-15 0.2669
2.8300e-15 0.2401
2.3350e-15 0.3618
2.4002e-15 0.3056
2.2834e-15 0.4512
2.7340e-15 0.2643
2.1413e-15 0.3245
3.7722e-15 0.2124
2.8617e-15 0.2894
3.3393e-15 0.2795
4.4680e-15 0.2945
3.7585e-15 0.2816
3.1871e-15 0.2796
1.9773e-15 0.2460
4.2299e-15 0.2834
4.9629e-15 0.2755
8.2779e-15 0.2097
7.5169e-15 0.2144
5.0698e-15 0.2385
6.6362e-15 0.2211
3.6586e-15 0.2743
1.4936e-15 0.2473
2.0766e-15 0.2449
3.4333e-15 0.2575
7.2650e-15 0.1995
9.3511e-15 0.1855
8.0447e-15 0.1984
1.0802e-14 0.1632
8.8178e-15 0.2054
5.5597e-15 0.2443
2.7954e-15 0.2412
3.7539e-15 0.2901
5.5535e-15 0.2279
8.6407e-15 0.1671
1.5714e-14 0.1335
1.6598e-14 0.1250
1.4713e-14 0.1573
1.0250e-14 0.1993
4.7584e-15 0.2444
5.7870e-15 0.2801
2.6849e-15 0.2493
5.0309e-15 0.2739
1.0780e-14 0.1618
2.1119e-14 0.1312
2.4763e-14 0.1272
1.9375e-14 0.1258
1.0020e-14 0.1755
4.8273e-15 0.2366
3.8694e-15 0.2140
3.7448e-15 0.3194
4.6826e-15 0.2187
9.7948e-15 0.1579
1.4649e-14 0.1494
1.5302e-14 0.1400
1.1406e-14 0.1645
8.2466e-15 0.1957
5.5037e-15 0.1809
2.8298e-15 0.2254
4.3815e-15 0.2938
4.6394e-15 0.1838
5.3946e-15 0.1658
7.8131e-15 0.2351
1.2180e-14 0.1410
8.0574e-15 0.1646
5.2338e-15 0.2052
3.0045e-15 0.2207
3.1035e-15 0.4052
3.2583e-15 0.3083
3.8606e-15 0.3045
3.3299e-15 0.1964
3.9981e-15 0.2545
4.6467e-15 0.2328
5.3362e-15 0.2451
2.8298e-15 0.2078
2.8311e-15 0.2526
1.0440e-15 0.2421
2.6283e-15 0.3527
1.7133e-15 0.4157
3.4994e-15 0.3056
3.9498e-15 0.2413
2.4267e-15 0.2617
3.4768e-15 0.2725
2.9699e-15 0.2407
3.2041e-15 0.2832
1.1873e-15 0.2896
2.1408e-15 0.2555
2.5376e-15 0.2747
2.9421e-15 0.3581
4.2608e-15 0.2493
2.2553e-15 0.2213
2.2797e-15 0.3111
3.8431e-15 0.2920
2.9372e-15 0.2533
1.7698e-15 0.3176
2.0340e-15 0.2342
3.7087e-15 0.3601
5.6196e-15 0.2520
6.8328e-15 0.2220
6.3710e-15 0.2234
3.9555e-15 0.2148
4.2104e-15 0.2391
3.3457e-15 0.2476
2.0429e-15 0.2571
2.7654e-15 0.2836
4.3286e-15 0.2022
5.8073e-15 0.2078
7.3687e-15 0.1904
9.6665e-15 0.2061
9.5834e-15 0.1571
6.0427e-15 0.2013
5.4812e-15 0.2858
3.6535e-15 0.2869
3.8023e-15 0.3113
3.1767e-15 0.2230
1.0397e-14 0.2156
1.5801e-14 0.1410
1.5315e-14 0.1397
1.4638e-14 0.1666
9.1331e-15 0.1634
5.1868e-15 0.2424
5.0599e-15 0.2174
3.0954e-15 0.2903
6.3534e-15 0.2497
1.0025e-14 0.1910
1.3832e-14 0.1487
2.2897e-14 0.1389
1.8861e-14 0.1413
9.1422e-15 0.1740
4.1802e-15 0.2142
2.2346e-15 0.2429
2.5484e-15 0.2371
5.3523e-15 0.2541
9.1183e-15 0.1631
1.5214e-14 0.1644
1.2996e-14 0.1421
1.3846e-14 0.1755
4.9829e-15 0.1848
8.0162e-15 0.2374
2.3329e-15 0.3949
5.1221e-15 0.3033
4.9030e-15 0.3009
5.8020e-15 0.2139
9.3366e-15 0.1912
7.2071e-15 0.2199
6.9684e-15 0.2139
5.3543e-15 0.2094
3.9177e-15 0.2412
2.0493e-15 0.3498
1.8407e-15 0.3170
3.2582e-15 0.2756
5.6847e-15 0.2180
6.0801e-15 0.3230
4.6635e-15 0.2555
4.8278e-15 0.2264
3.3215e-15 0.3827
3.2524e-15 0.2420
2.1309e-15 0.3048
1.7106e-15 0.4579
1.2541e-15 0.2143
3.4885e-15 0.3511
2.3782e-15 0.2899
1.9426e-15 0.2136
2.7465e-15 0.3203
4.7262e-15 0.3009
3.2351e-15 0.2986
8.1709e-16 0.3250
1.0096e-15 0.2474
2.4254e-15 0.4399
3.0362e-15 0.3310
2.3837e-15 0.4016
2.2120e-15 0.2523
3.0770e-15 0.2915
2.1870e-15 0.2872
2.3137e-15 0.3639
8.4264e-16 0.3257
1.8484e-15 0.3283
2.4266e-15 0.3191
4.8534e-15 0.2651
6.5797e-15 0.2637
6.7932e-15 0.1982
5.6930e-15 0.2202
3.8267e-15 0.2201
4.0695e-15 0.2435
3.3066e-15 0.3643
1.5000e-15 0.2860
3.6966e-15 0.2047
6.7065e-15 0.2250
6.2076e-15 0.2109
8.9847e-15 0.1891
1.1915e-14 0.1789
4.1405e-15 0.2414
3.2972e-15 0.2573
4.2549e-15 0.2577
2.4171e-15 0.3675
4.4630e-15 0.2513
7.2036e-15 0.1850
1.1571e-14 0.1547
1.4809e-14 0.1473
1.0943e-14 0.1845
6.1784e-15 0.1766
5.6784e-15 0.2757
3.0202e-15 0.2519
3.5573e-15 0.3243
4.9861e-15 0.2248
7.9853e-15 0.1884
1.7497e-14 0.1377
1.9034e-14 0.1455
1.5936e-14 0.1604
7.4960e-15 0.1873
4.2842e-15 0.2418
2.6327e-15 0.4284
2.5000e-15 0.2659
4.3965e-15 0.2489
6.8955e-15 0.1938
1.3506e-14 0.1570
1.5561e-14 0.1641
8.5567e-15 0.1883
7.2947e-15 0.2046
4.6458e-15 0.2216
1.9461e-15 0.2216
3.5125e-15 0.3781
5.3711e-15 0.2371
4.1406e-15 0.1952
1.0074e-14 0.1820
1.0982e-14 0.1730
8.9467e-15 0.2003
5.0603e-15 0.2360
2.3462e-15 0.2331
2.3839e-15 0.3189
4.7863e-15 0.3495
2.9726e-15 0.3137
4.0713e-15 0.2141
4.6729e-15 0.2516
5.2401e-15 0.1995
4.9779e-15 0.1949
2.6102e-15 0.2247
2.2928e-15 0.2836
1.9186e-15 0.2362
2.5923e-15 0.3414
1.4803e-15 0.2149
3.4926e-15 0.2531
2.1522e-15 0.2365
2.6807e-15 0.2514
1.0970e-15 0.2356
2.8138e-15 0.3079
2.1785e-15 0.2645
1.2916e-15 0.2648
1.2906e-15 0.3433
1.0429e-15 0.2578
3.5099e-15 0.3307
4.1346e-15 0.3922
2.2851e-15 0.2743
2.2870e-15 0.3129
2.5725e-15 0.2631
2.3942e-15 0.2149
4.9598e-16 0.2968
2.7141e-15 0.4822
3.9240e-15 0.3108
5.2925e-15 0.2465
5.8249e-15 0.2046
6.5948e-15 0.2127
3.2702e-15 0.2330
2.8309e-15 0.2615
3.2970e-15 0.2618
3.8064e-15 0.2424
2.1553e-15 0.2776
2.8433e-15 0.2898
5.8999e-15 0.2431
7.7490e-15 0.2011
6.2945e-15 0.1863
7.3101e-15 0.1750
5.5405e-15 0.2397
3.3171e-15 0.2435
3.4040e-15 0.2541
2.1711e-15 0.2830
5.5937e-15 0.2089
6.1009e-15 0.2060
1.2841e-14 0.1626
1.5085e-14 0.1805
9.2038e-15 0.1930
6.9012e-15 0.2024
4.8675e-15 0.2175
3.4753e-15 0.2752
2.4312e-15 0.3257
4.1201e-15 0.2756
1.0882e-14 0.1810
1.0738e-14 0.1650
1.4793e-14 0.1651
1.1854e-14 0.1596
1.0195e-14 0.1852
3.7637e-15 0.3437
2.5288e-15 0.2593
3.8361e-15 0.3505
5.6412e-15 0.2349
8.1365e-15 0.1657
9.1613e-15 0.1686
1.1448e-14 0.1743
8.6825e-15 0.1829
5.4411e-15 0.2095
6.0513e-15 0.2561
3.6416e-15 0.2933
2.6824e-15 0.2899
5.4752e-15 0.2472
5.3439e-15 0.2110
7.0636e-15 0.1914
7.4265e-15 0.1799
8.4962e-15 0.2258
4.3804e-15 0.2337
2.7784e-15 0.2533
2.5809e-15 0.2834
2.4532e-15 0.2889
3.1208e-15 0.2623
4.0766e-15 0.2143
4.8148e-15 0.2619
5.7085e-15 0.2406
3.9082e-15 0.2570
5.0395e-15 0.2691
3.5825e-15 0.3048
2.9619e-15 0.3515
3.4524e-15 0.2936
1.2508e-15 0.2352
0.0000e+00 1.0000
1.9022e-15 0.2696
1.6666e-15 0.2257
3.4165e-15 0.2446
2.6964e-15 0.3538
1.2822e-15 0.3139
2.7127e-15 0.2702
9.3828e-16 0.4438
2.1977e-15 0.3223
5.8714e-15 0.2768
2.1994e-15 0.2575
3.3055e-15 0.2860
1.8004e-15 0.3627
1.9108e-15 0.2940
4.4068e-15 0.3019
1.6138e-15 0.4048
2.1685e-15 0.3480
3.4905e-15 0.2867
3.0685e-15 0.2662
4.0687e-15 0.2301
4.1159e-15 0.2166
4.1484e-15 0.2515
2.4080e-15 0.2254
3.1002e-15 0.3244
2.2721e-15 0.2749
2.2046e-15 0.2745
5.7647e-15 0.2510
5.3911e-15 0.3136
8.1594e-15 0.1871
5.7673e-15 0.2448
7.4706e-15 0.2205
7.9367e-15 0.2612
5.6700e-15 0.3014
3.5350e-15 0.2676
2.0645e-15 0.3284
5.1786e-15 0.2386
7.0576e-15 0.2436
1.0774e-14 0.1839
9.4969e-15 0.1680
8.3508e-15 0.1708
6.4992e-15 0.2189
4.4034e-15 0.2625
3.1715e-15 0.2468
2.2675e-15 0.3000
5.8834e-15 0.2512
7.8262e-15 0.1769
1.3499e-14 0.1516
1.3138e-14 0.1560
1.4571e-14 0.1698
1.0060e-14 0.2163
3.6295e-15 0.2423
3.1269e-15 0.2563
2.7781e-15 0.2663
5.8744e-15 0.2137
8.3861e-15 0.2031
8.5914e-15 0.1893
1.3954e-14 0.1669
8.5095e-15 0.1806
7.7283e-15 0.1939
3.8082e-15 0.2446
2.9551e-15 0.2974
2.0328e-15 0.3179
3.6612e-15 0.1977
5.4050e-15 0.2128
7.4432e-15 0.2071
1.0916e-14 0.1784
7.4647e-15 0.2060
5.6981e-15 0.2697
4.1668e-15 0.2843
2.9642e-15 0.2686
1.6729e-15 0.2413
4.4265e-15 0.2320
4.2961e-15 0.3030
4.8643e-15 0.2651
5.2782e-15 0.2820
4.2774e-15 0.2166
2.9485e-15 0.2651
2.2960e-15 0.2805
1.3125e-15 0.3428
1.7976e-15 0.2913
2.3012e-15 0.3037
2.5878e-15 0.2383
1.7756e-15 0.3186
2.1516e-15 0.2411
2.2467e-15 0.2012
1.6937e-15 0.3080
2.3653e-15 0.4888
1.7482e-15 0.3161
