     9      9     20
d_kernel   u_kernel

1.3526e-15 0.4807
4.9684e-16 0.2832
1.3322e-15 0.2936
1.7448e-15 0.2900
1.2413e-15 0.2594
1.4235e-15 0.2201
1.6357e-15 0.2916
4.7298e-16 0.3606
8.9057e-16 0.4472
6.6406e-16 0.2709
8.7105e-16 0.2615
1.9914e-15 0.2968
1.8212e-14 0.1569
4.6141e-14 0.1085
2.1580e-14 0.1550
1.3352e-15 0.4436
5.8239e-16 0.3412
6.4357e-16 0.2895
5.3482e-16 0.4025
1.8439e-15 0.3423
1.5321e-13 0.0648
1.1598e-12 0.0251
1.8364e-12 0.0204
1.1405e-12 0.0256
1.4032e-13 0.0657
1.8085e-15 0.2797
1.0459e-15 0.2445
9.1294e-16 0.2752
1.7863e-14 0.1682
1.1272e-12 0.0256
3.5978e-12 0.0147
4.9473e-12 0.0121
3.6520e-12 0.0145
1.1605e-12 0.0256
2.2430e-14 0.1404
9.1090e-16 0.3230
8.2633e-16 0.2782
4.9359e-14 0.1000
1.8182e-12 0.0206
4.8224e-12 0.0122
1.1811e-09 0.0002
4.8141e-12 0.0123
1.8583e-12 0.0201
5.7138e-14 0.0988
1.2317e-15 0.3641
1.4281e-15 0.2737
2.1205e-14 0.1437
1.2007e-12 0.0250
3.6641e-12 0.0145
4.9011e-12 0.0122
3.7283e-12 0.0143
1.1485e-12 0.0255
1.6134e-14 0.1556
1.3132e-15 0.2073
7.4391e-16 0.3183
2.4755e-15 0.3696
1.5574e-13 0.0635
1.1059e-12 0.0258
1.9221e-12 0.0200
1.1397e-12 0.0256
1.4718e-13 0.0643
1.6122e-15 0.2432
8.3484e-16 0.2803
7.4405e-16 0.2970
9.3200e-16 0.3111
2.5793e-15 0.3623
1.8032e-14 0.1598
5.7511e-14 0.0963
2.2821e-14 0.1358
1.4913e-15 0.2328
5.1433e-16 0.3332
6.0323e-16 0.2912
0.0000e+00 1.0000
1.3504e-15 0.3695
1.0118e-15 0.2811
1.0363e-15 0.3042
1.3535e-15 0.2666
1.5866e-15 0.2383
9.0467e-16 0.2513
1.0992e-15 0.4237
5.5869e-16 0.3257
0.0000e+00 1.0000
8.5005e-16 0.2968
1.1016e-15 0.3259
1.5444e-15 0.2726
1.4423e-15 0.2509
1.5078e-15 0.3040
9.3057e-16 0.2555
4.0474e-16 0.3071
9.3673e-16 0.3370
8.5796e-16 0.2439
0.0000e+00 1.0000
3.3479e-15 0.3543
3.6854e-14 0.1142
1.1419e-13 0.0685
4.2046e-14 0.1082
1.6949e-15 0.3004
9.8930e-16 0.2951
2.0777e-15 0.4692
1.1184e-15 0.2726
2.5504e-15 0.3194
3.1933e-13 0.0443
2.9192e-12 0.0163
5.0267e-12 0.0126
2.8838e-12 0.0164
3.3369e-13 0.0435
1.6662e-15 0.2832
8.9691e-16 0.2746
9.4004e-16 0.2704
4.5196e-14 0.1047
2.9309e-12 0.0162
1.1782e-11 0.0084
2.2821e-11 0.0057
1.1794e-11 0.0084
2.8541e-12 0.0164
4.0782e-14 0.1108
7.6180e-16 0.3140
2.1901e-15 0.4401
1.2788e-13 0.0665
4.9621e-12 0.0126
2.3073e-11 0.0057
1.2999e-09 0.0002
2.2786e-11 0.0057
5.0280e-12 0.0126
1.0107e-13 0.0689
1.6136e-15 0.2292
1.2472e-15 0.2754
4.5790e-14 0.1041
2.9395e-12 0.0162
1.1825e-11 0.0084
2.3053e-11 0.0057
1.2080e-11 0.0083
2.9424e-12 0.0162
4.0474e-14 0.1092
1.2112e-15 0.2168
1.3593e-15 0.2852
2.1775e-15 0.2715
3.2153e-13 0.0450
2.9423e-12 0.0163
4.9486e-12 0.0126
2.9121e-12 0.0162
3.1578e-13 0.0437
3.7188e-15 0.2486
1.3003e-15 0.4000
9.5374e-16 0.4855
7.7630e-16 0.2619
2.3699e-15 0.2786
3.8698e-14 0.1136
1.0860e-13 0.0693
4.0521e-14 0.1050
3.2515e-15 0.3510
1.3104e-15 0.3234
1.2461e-15 0.3169
4.7831e-16 0.3448
6.3964e-16 0.3998
1.0184e-15 0.3149
1.5397e-15 0.3439
2.6007e-15 0.2520
2.3080e-15 0.2333
1.7250e-15 0.2377
1.8315e-15 0.4232
7.5194e-16 0.3261
0.0000e+00 1.0000
7.8039e-16 0.3612
1.7433e-15 0.2437
3.3148e-15 0.2636
1.4690e-15 0.3192
2.2282e-15 0.3573
6.8141e-16 0.2885
5.9948e-16 0.3011
4.2976e-16 0.3015
6.6606e-16 0.3231
1.2161e-15 0.2295
1.6115e-15 0.2621
4.8950e-14 0.1003
1.3359e-13 0.0606
4.6970e-14 0.0982
1.9776e-15 0.3212
1.7918e-15 0.3939
1.1041e-15 0.3230
1.9921e-15 0.3299
3.7084e-15 0.2745
4.8701e-13 0.0348
5.6086e-12 0.0117
1.0622e-11 0.0087
5.6235e-12 0.0117
5.0132e-13 0.0347
2.6457e-15 0.2443
1.1596e-15 0.2334
1.3857e-15 0.2438
5.2878e-14 0.0936
5.7056e-12 0.0116
3.4232e-11 0.0050
8.9070e-11 0.0028
3.4367e-11 0.0050
5.5835e-12 0.0117
4.4912e-14 0.0973
1.6772e-15 0.2926
8.2447e-16 0.2774
1.4022e-13 0.0600
1.0892e-11 0.0086
8.8687e-11 0.0028
1.1771e-09 0.0003
8.8731e-11 0.0028
1.0564e-11 0.0087
1.3764e-13 0.0592
1.5105e-15 0.2299
1.1480e-15 0.3812
5.2348e-14 0.0948
5.5988e-12 0.0117
3.4385e-11 0.0050
8.8785e-11 0.0028
3.4255e-11 0.0050
5.6912e-12 0.0117
4.8868e-14 0.0968
2.3302e-15 0.2460
2.5865e-15 0.4931
5.0407e-15 0.3271
4.6849e-13 0.0351
5.7245e-12 0.0116
1.0636e-11 0.0087
5.7016e-12 0.0116
5.1235e-13 0.0342
3.0695e-15 0.2261
2.8444e-15 0.4846
1.3247e-15 0.2864
1.5883e-15 0.2789
3.2562e-15 0.2831
4.4477e-14 0.0981
1.4198e-13 0.0582
4.2134e-14 0.0995
4.5653e-15 0.2504
2.1750e-15 0.2207
1.4095e-15 0.2913
1.0905e-15 0.2993
6.5685e-16 0.2694
1.1369e-15 0.3249
2.3110e-15 0.3934
1.2430e-15 0.3061
1.7358e-15 0.2597
2.1214e-15 0.3149
1.3081e-15 0.2756
1.2696e-15 0.2594
7.3834e-16 0.2984
1.0720e-15 0.2725
1.3038e-15 0.4149
1.5510e-15 0.2248
2.1335e-15 0.2200
1.8724e-15 0.3039
0.0000e+00 1.0000
1.4722e-15 0.3758
6.6179e-16 0.2769
0.0000e+00 1.0000
1.2279e-15 0.2375
2.8435e-15 0.2045
3.2726e-14 0.1036
1.0204e-13 0.0643
3.0550e-14 0.1145
1.8400e-15 0.2989
1.4811e-15 0.2815
5.9910e-16 0.2543
2.7814e-15 0.4363
3.0851e-15 0.4159
4.4786e-13 0.0343
8.0811e-12 0.0096
1.6583e-11 0.0068
7.9048e-12 0.0096
4.7622e-13 0.0340
3.3723e-15 0.2399
1.8015e-15 0.2576
2.0727e-15 0.2118
3.0858e-14 0.1120
7.8996e-12 0.0096
6.7704e-11 0.0035
1.6544e-10 0.0021
6.7045e-11 0.0036
7.8878e-12 0.0096
2.6608e-14 0.1166
1.7709e-15 0.2681
2.5500e-15 0.3357
1.0885e-13 0.0656
1.6768e-11 0.0068
1.6519e-10 0.0021
8.0963e-10 0.0006
1.6575e-10 0.0021
1.6592e-11 0.0068
1.1058e-13 0.0633
2.6431e-15 0.3196
2.7547e-15 0.3368
2.4271e-14 0.1160
7.9468e-12 0.0096
6.7070e-11 0.0036
1.6534e-10 0.0021
6.7388e-11 0.0036
8.1002e-12 0.0095
2.9376e-14 0.1063
4.3514e-15 0.3504
1.8298e-15 0.2791
3.4385e-15 0.1832
4.8706e-13 0.0337
8.0498e-12 0.0095
1.6671e-11 0.0068
7.9058e-12 0.0096
4.9036e-13 0.0331
3.8073e-15 0.2688
1.9430e-15 0.2321
0.0000e+00 1.0000
2.1249e-15 0.3827
2.8629e-15 0.2028
3.3502e-14 0.1142
1.1019e-13 0.0636
2.7512e-14 0.1200
2.7407e-15 0.2170
1.1959e-15 0.2758
1.6279e-15 0.2348
1.4446e-15 0.3249
1.5556e-15 0.3182
2.4914e-15 0.2975
2.2087e-15 0.3504
2.7022e-15 0.2857
2.9850e-15 0.2793
1.2864e-15 0.2655
8.1757e-16 0.2816
9.8886e-16 0.3317
7.1799e-16 0.2629
1.0562e-15 0.3546
8.2199e-16 0.2243
2.2819e-15 0.2702
2.6200e-15 0.3463
2.8257e-15 0.2728
1.0702e-15 0.3488
1.3930e-15 0.3758
1.7382e-15 0.3693
0.0000e+00 1.0000
1.8414e-15 0.2519
2.8710e-15 0.1999
1.2317e-14 0.1470
3.7686e-14 0.0998
8.6286e-15 0.1692
3.1556e-15 0.3866
2.0474e-15 0.2248
0.0000e+00 1.0000
2.7171e-15 0.2854
3.5303e-15 0.2374
2.3629e-13 0.0450
7.1350e-12 0.0096
1.7208e-11 0.0064
7.2578e-12 0.0095
2.4895e-13 0.0438
2.8431e-15 0.2280
8.0840e-16 0.2209
1.5060e-15 0.2685
1.0764e-14 0.1810
7.1391e-12 0.0097
8.1545e-11 0.0031
1.7917e-10 0.0020
8.1351e-11 0.0031
7.1725e-12 0.0096
7.9984e-15 0.1620
2.1687e-15 0.2800
3.1119e-15 0.3067
4.0960e-14 0.1007
1.6924e-11 0.0065
1.7993e-10 0.0020
5.0227e-10 0.0009
1.8002e-10 0.0020
1.7201e-11 0.0065
4.1383e-14 0.0943
2.0897e-15 0.2321
2.4012e-15 0.3070
1.0074e-14 0.1626
7.1274e-12 0.0097
8.1217e-11 0.0031
1.7992e-10 0.0020
8.1249e-11 0.0031
7.2268e-12 0.0096
1.1947e-14 0.1532
1.9257e-15 0.2056
3.0508e-15 0.4376
3.1721e-15 0.2529
2.3851e-13 0.0444
7.1781e-12 0.0096
1.7095e-11 0.0064
7.0245e-12 0.0097
2.6080e-13 0.0425
3.5683e-15 0.1946
3.0798e-15 0.3212
1.6866e-15 0.3145
1.9955e-15 0.2228
3.2423e-15 0.2526
7.3396e-15 0.1651
4.0054e-14 0.0967
1.1189e-14 0.1488
4.1332e-15 0.2537
2.3260e-15 0.2955
3.3952e-15 0.2936
1.1158e-15 0.3008
1.0531e-15 0.3368
1.4409e-15 0.2987
1.5146e-15 0.2506
1.7108e-15 0.2033
3.3214e-15 0.2752
2.7697e-15 0.3966
2.0247e-15 0.3249
5.6551e-16 0.3268
7.4507e-16 0.3139
1.3673e-15 0.3155
2.1628e-15 0.2887
1.8525e-15 0.2627
2.1855e-15 0.2664
2.6232e-15 0.3884
1.3027e-15 0.2528
1.4178e-15 0.2746
8.8508e-16 0.3453
2.0475e-15 0.3557
1.8828e-15 0.2086
3.8128e-15 0.1576
7.2543e-15 0.1576
6.6760e-15 0.1696
5.3259e-15 0.2841
3.0647e-15 0.2082
3.0745e-15 0.2434
1.3796e-15 0.2409
2.8169e-15 0.2594
2.8945e-15 0.2623
4.8549e-14 0.0845
3.4764e-12 0.0128
9.9476e-12 0.0079
3.4501e-12 0.0129
5.6997e-14 0.0820
2.2242e-15 0.2407
1.1038e-15 0.3158
2.4031e-15 0.2188
6.4037e-15 0.2017
3.3874e-12 0.0129
6.2977e-11 0.0034
1.3806e-10 0.0023
6.1999e-11 0.0035
3.3344e-12 0.0130
6.4331e-15 0.1909
1.8944e-15 0.2260
2.2100e-15 0.2883
1.0203e-14 0.1602
9.9893e-12 0.0079
1.3824e-10 0.0023
3.0932e-10 0.0014
1.3870e-10 0.0023
1.0021e-11 0.0079
8.8003e-15 0.1781
2.8815e-15 0.1901
2.2969e-15 0.2914
6.6260e-15 0.1843
3.3515e-12 0.0130
6.2529e-11 0.0034
1.3856e-10 0.0023
6.2104e-11 0.0034
3.3830e-12 0.0130
7.2777e-15 0.1833
2.7628e-15 0.2189
2.5967e-15 0.2574
5.9124e-15 0.2297
6.6545e-14 0.0749
3.4663e-12 0.0128
1.0091e-11 0.0079
3.3941e-12 0.0129
5.9083e-14 0.0802
3.3613e-15 0.2406
2.2333e-15 0.3274
8.6500e-16 0.3669
2.1109e-15 0.3325
3.8366e-15 0.2535
5.7075e-15 0.2554
9.0168e-15 0.2018
6.2561e-15 0.2263
4.3500e-15 0.2114
3.0669e-15 0.3457
2.0833e-15 0.2456
8.0007e-16 0.3294
1.3092e-15 0.3447
1.2676e-15 0.3054
2.3315e-15 0.2194
3.6371e-15 0.2069
2.3368e-15 0.2529
2.9078e-15 0.2940
1.1328e-15 0.2659
1.4572e-15 0.2541
1.1279e-15 0.3295
1.5423e-15 0.2304
2.5312e-15 0.2607
2.3418e-15 0.2973
1.7529e-15 0.2212
3.3407e-15 0.2961
2.4778e-15 0.2509
1.3194e-15 0.2465
8.7408e-16 0.3391
1.8155e-15 0.3013
2.4490e-15 0.2477
3.5267e-15 0.2019
5.8182e-15 0.1563
5.5089e-15 0.1521
5.9409e-15 0.2307
3.0119e-15 0.1940
2.3213e-15 0.3235
1.7691e-15 0.3031
2.5065e-15 0.2843
5.4580e-15 0.2917
9.7839e-15 0.1720
5.8876e-13 0.0276
2.2976e-12 0.0148
5.7079e-13 0.0280
1.0094e-14 0.1813
4.8763e-15 0.2421
2.5254e-15 0.3755
3.3039e-15 0.3474
5.8346e-15 0.1889
5.9837e-13 0.0271
2.5676e-11 0.0050
6.7325e-11 0.0032
2.5521e-11 0.0050
5.8958e-13 0.0277
6.2196e-15 0.1751
2.4104e-15 0.3120
5.6709e-15 0.2614
6.7471e-15 0.1504
2.2476e-12 0.0149
6.7366e-11 0.0032
1.6008e-10 0.0020
6.7719e-11 0.0032
2.3407e-12 0.0147
7.9210e-15 0.1650
5.6918e-15 0.2981
4.4546e-15 0.2150
9.2945e-15 0.1905
5.7570e-13 0.0277
2.5818e-11 0.0050
6.7739e-11 0.0032
2.5611e-11 0.0050
5.7196e-13 0.0275
5.5147e-15 0.1499
3.4422e-15 0.2643
2.5475e-15 0.2574
5.2625e-15 0.2019
1.0075e-14 0.1283
5.5876e-13 0.0280
2.3658e-12 0.0146
5.8349e-13 0.0275
1.1489e-14 0.1573
3.2105e-15 0.2075
2.5744e-15 0.2783
1.9877e-15 0.2519
2.2338e-15 0.2185
4.7696e-15 0.2386
4.4344e-15 0.1762
3.6631e-15 0.1698
5.2129e-15 0.1639
5.6273e-15 0.1819
2.5028e-15 0.2670
0.0000e+00 1.0000
0.0000e+00 1.0000
0.0000e+00 1.0000
1.9981e-15 0.3024
2.3302e-15 0.3842
1.9578e-15 0.2029
2.5317e-15 0.3446
1.6862e-15 0.2039
2.0939e-15 0.2589
2.1689e-15 0.3862
7.7990e-16 0.4163
1.8468e-15 0.2919
2.6103e-15 0.3249
2.5179e-15 0.2029
2.7596e-15 0.2002
3.4300e-15 0.3134
1.5420e-15 0.2167
1.5092e-15 0.2739
1.5108e-15 0.3929
1.3045e-15 0.3715
1.7356e-15 0.2481
4.9745e-15 0.2237
5.9773e-15 0.1534
7.9070e-15 0.1645
6.2866e-15 0.2089
3.2957e-15 0.2151
2.2740e-15 0.2756
2.6166e-15 0.3160
2.1738e-15 0.2504
5.4311e-15 0.2004
8.0074e-15 0.1475
2.4503e-14 0.1009
1.0574e-13 0.0551
2.6878e-14 0.1088
1.0253e-14 0.1920
2.9382e-15 0.1764
3.5868e-15 0.2948
3.8893e-15 0.2663
6.8848e-15 0.2320
2.5583e-14 0.1042
3.4461e-12 0.0119
1.2575e-11 0.0066
3.3847e-12 0.0120
2.3823e-14 0.1020
8.2631e-15 0.1931
3.0034e-15 0.2579
3.5784e-15 0.1944
7.5671e-15 0.1494
1.0612e-13 0.0562
1.2844e-11 0.0065
4.1436e-11 0.0038
1.2822e-11 0.0065
1.0792e-13 0.0559
8.6354e-15 0.1894
4.1398e-15 0.1719
5.1626e-15 0.2531
6.0754e-15 0.1598
2.6378e-14 0.0981
3.4184e-12 0.0119
1.2703e-11 0.0066
3.3278e-12 0.0121
2.9910e-14 0.0931
4.6375e-15 0.1429
2.3169e-15 0.2620
3.9642e-15 0.3178
4.9522e-15 0.2606
7.1065e-15 0.1363
2.7125e-14 0.0872
1.2026e-13 0.0532
2.4609e-14 0.0941
8.4474e-15 0.1601
4.3341e-15 0.1831
2.3232e-15 0.2069
1.9629e-15 0.2772
3.5667e-15 0.2462
4.0811e-15 0.1969
5.5056e-15 0.1654
6.2384e-15 0.1670
5.4232e-15 0.2053
5.8347e-15 0.1926
3.8968e-15 0.2575
1.0993e-15 0.2539
1.0740e-15 0.3349
1.6078e-15 0.3837
2.8039e-15 0.2649
3.3096e-15 0.2503
2.1485e-15 0.1877
2.4770e-15 0.2813
2.2170e-15 0.2713
3.4334e-15 0.3140
1.1812e-15 0.3203
1.2169e-15 0.2636
1.6190e-15 0.3873
2.3525e-15 0.2111
3.5360e-15 0.2367
3.2112e-15 0.2050
2.9740e-15 0.3334
1.4862e-15 0.2404
2.0455e-15 0.3050
2.3135e-15 0.4050
7.9450e-16 0.2453
3.0425e-15 0.3149
4.1621e-15 0.2386
7.1007e-15 0.2115
8.8669e-15 0.1704
8.4474e-15 0.1839
3.6914e-15 0.1735
1.8052e-15 0.2176
2.0682e-15 0.3429
3.2333e-15 0.3453
4.1733e-15 0.2032
8.7295e-15 0.1570
1.4227e-14 0.1353
1.7084e-14 0.1319
1.4389e-14 0.1185
7.4269e-15 0.1966
4.0184e-15 0.1957
2.4658e-15 0.2670
2.2808e-15 0.2101
6.3469e-15 0.2131
1.2676e-14 0.1181
6.8919e-14 0.0606
3.4345e-13 0.0318
7.3553e-14 0.0614
1.3177e-14 0.1586
7.9013e-15 0.2237
3.4617e-15 0.2023
3.9645e-15 0.1874
7.9192e-15 0.1820
1.8401e-14 0.1158
3.4808e-13 0.0315
1.8243e-12 0.0148
3.2812e-13 0.0325
1.6528e-14 0.1181
8.0187e-15 0.1669
3.8084e-15 0.2938
4.3027e-15 0.2884
6.4493e-15 0.1775
1.5330e-14 0.1128
7.1646e-14 0.0633
3.3631e-13 0.0319
7.8253e-14 0.0613
1.3777e-14 0.1108
5.1423e-15 0.1537
1.3428e-15 0.2200
2.3665e-15 0.2563
4.5007e-15 0.1904
6.2589e-15 0.1702
1.4292e-14 0.1260
1.8102e-14 0.1036
1.5157e-14 0.1370
9.2951e-15 0.1645
4.8899e-15 0.2335
3.2747e-15 0.2031
2.4551e-15 0.2199
4.1732e-15 0.1995
5.0805e-15 0.2221
6.8846e-15 0.1841
6.6634e-15 0.1927
5.5093e-15 0.1875
4.7367e-15 0.2194
3.6365e-15 0.2573
2.3889e-15 0.3883
2.3847e-15 0.2814
2.0229e-15 0.3065
2.5990e-15 0.2982
1.6437e-15 0.2410
1.9608e-15 0.2361
3.5182e-15 0.3188
2.3423e-15 0.2095
2.9861e-15 0.3616
1.8513e-15 0.4330
8.5142e-16 0.2783
2.3621e-15 0.2430
2.0973e-15 0.2181
3.5612e-15 0.2096
4.0636e-15 0.2108
4.0399e-15 0.2651
2.4299e-15 0.1889
1.1772e-15 0.2498
1.2883e-15 0.3320
2.7131e-15 0.2881
2.5911e-15 0.2158
4.3985e-15 0.2047
5.0483e-15 0.1634
5.1724e-15 0.1835
7.5873e-15 0.1705
5.0321e-15 0.2277
3.1695e-15 0.2249
1.0302e-15 0.2503
1.5848e-15 0.2304
4.0224e-15 0.1876
5.0978e-15 0.1528
1.3127e-14 0.1372
1.4265e-14 0.1401
1.1993e-14 0.1339
7.6869e-15 0.1695
4.0539e-15 0.2566
1.6300e-15 0.2679
2.2489e-15 0.2158
5.0803e-15 0.2166
1.5163e-14 0.1402
2.8640e-14 0.1006
4.8290e-14 0.0821
2.4885e-14 0.0878
1.1035e-14 0.1460
6.2661e-15 0.2119
6.0537e-15 0.2598
2.9834e-15 0.1729
8.0634e-15 0.1717
1.9316e-14 0.1250
4.2764e-14 0.0828
8.0470e-14 0.0644
4.1568e-14 0.0812
1.5095e-14 0.1203
7.4882e-15 0.1979
5.0749e-15 0.2557
3.4117e-15 0.2228
5.3226e-15 0.1638
1.5993e-14 0.1414
3.0992e-14 0.0990
4.5158e-14 0.0816
2.8667e-14 0.0958
1.2826e-14 0.1253
6.1954e-15 0.1720
2.9460e-15 0.2015
3.3338e-15 0.2959
2.8304e-15 0.1725
8.6120e-15 0.1650
1.5357e-14 0.1568
1.6886e-14 0.1114
1.4074e-14 0.1549
5.9114e-15 0.1396
6.4837e-15 0.2300
2.6848e-15 0.2799
3.3322e-15 0.2871
2.8771e-15 0.1976
3.9995e-15 0.2125
6.1603e-15 0.1519
6.0405e-15 0.1676
6.9359e-15 0.2096
4.7815e-15 0.2068
2.5214e-15 0.3093
1.9808e-15 0.3087
1.6894e-15 0.2886
2.4259e-15 0.3775
2.1445e-15 0.2531
4.6696e-15 0.3031
3.0655e-15 0.2857
3.8393e-15 0.2787
3.2645e-15 0.3195
1.4157e-15 0.2250
2.4883e-15 0.3128
1.2700e-15 0.2890
1.8085e-15 0.3773
1.9839e-15 0.2870
2.8209e-15 0.2136
3.4375e-15 0.2539
5.7513e-15 0.2017
3.6212e-15 0.2373
1.9970e-15 0.3370
2.0082e-15 0.3432
2.1537e-15 0.2635
2.8722e-15 0.2074
5.6889e-15 0.2188
6.3411e-15 0.1701
5.5946e-15 0.1800
8.0671e-15 0.1868
3.9378e-15 0.2151
4.3414e-15 0.2842
1.3844e-15 0.2887
2.1868e-15 0.2487
3.6603e-15 0.2004
7.1379e-15 0.1972
1.3046e-14 0.1265
1.2734e-14 0.1398
1.4301e-14 0.1495
6.6907e-15 0.1883
4.6475e-15 0.2267
1.9783e-15 0.3647
3.1682e-15 0.2736
7.5208e-15 0.2326
9.5783e-15 0.1215
2.5225e-14 0.1137
3.8782e-14 0.0852
2.3702e-14 0.1189
1.1441e-14 0.1408
6.3409e-15 0.1940
4.3717e-15 0.3601
4.5741e-15 0.2647
9.7503e-15 0.1512
1.5233e-14 0.1222
3.7399e-14 0.0863
5.1724e-14 0.0749
3.6171e-14 0.0895
1.5428e-14 0.1217
5.4623e-15 0.1969
3.0291e-15 0.2309
2.7139e-15 0.2074
7.6828e-15 0.1941
1.5204e-14 0.1525
2.6775e-14 0.1006
3.2065e-14 0.0922
2.0873e-14 0.1026
1.6205e-14 0.1409
5.5677e-15 0.1804
2.6410e-15 0.2134
4.1784e-15 0.2683
4.1346e-15 0.2264
8.0775e-15 0.1706
1.3936e-14 0.1269
1.4134e-14 0.1142
1.0622e-14 0.1511
6.4935e-15 0.1597
4.7728e-15 0.1921
2.5999e-15 0.2922
1.7214e-15 0.2659
2.6716e-15 0.2428
3.7469e-15 0.1582
5.2437e-15 0.1604
7.2473e-15 0.1680
5.8355e-15 0.2175
3.9333e-15 0.2549
3.8366e-15 0.2634
2.7883e-15 0.3704
2.2776e-15 0.3407
2.5430e-15 0.2871
1.3747e-15 0.2191
3.5661e-15 0.2405
3.5216e-15 0.2577
3.7496e-15 0.2248
2.2306e-15 0.3071
3.1819e-15 0.2744
1.8414e-15 0.3134
1.1257e-15 0.2282
2.3285e-15 0.2961
2.9924e-15 0.2441
2.9745e-15 0.2553
4.3081e-15 0.1993
6.0768e-15 0.2878
3.9329e-15 0.2869
2.5942e-15 0.3135
1.2332e-15 0.3390
2.6211e-15 0.2408
2.2385e-15 0.1834
4.6162e-15 0.2364
5.4137e-15 0.2202
5.2937e-15 0.1635
4.5050e-15 0.1436
3.8236e-15 0.2097
2.4180e-15 0.2293
1.6198e-15 0.2853
3.2999e-15 0.3275
4.7117e-15 0.2136
5.5573e-15 0.1816
1.2720e-14 0.1488
1.3782e-14 0.1581
9.2646e-15 0.1267
6.4436e-15 0.1484
3.9725e-15 0.2700
2.9569e-15 0.3041
4.8842e-15 0.2700
6.7554e-15 0.1908
9.9744e-15 0.1555
2.4987e-14 0.1168
3.0625e-14 0.0985
1.9581e-14 0.1189
8.5050e-15 0.1448
6.0520e-15 0.2377
4.1496e-15 0.2249
4.9758e-15 0.1942
1.0892e-14 0.1864
1.4665e-14 0.1285
2.9237e-14 0.0989
4.9326e-14 0.0793
2.5936e-14 0.0981
1.2591e-14 0.1259
6.0707e-15 0.1769
2.5665e-15 0.2206
5.1204e-15 0.2549
7.0007e-15 0.1739
1.4037e-14 0.1444
2.4307e-14 0.1042
2.6760e-14 0.0977
1.9731e-14 0.1113
1.2028e-14 0.1615
7.5010e-15 0.1791
3.1924e-15 0.2045
1.7400e-15 0.3125
3.5615e-15 0.2012
6.0397e-15 0.1672
1.0724e-14 0.1559
1.6364e-14 0.1299
1.3189e-14 0.1874
6.6478e-15 0.1781
3.4803e-15 0.2041
3.2895e-15 0.2480
2.1455e-15 0.2538
2.8570e-15 0.2896
4.6376e-15 0.2343
6.5405e-15 0.2581
6.3301e-15 0.1549
5.7123e-15 0.2224
3.1975e-15 0.2616
2.3780e-15 0.2935
3.4209e-15 0.3147
1.7201e-15 0.3529
2.3980e-15 0.2944
2.1812e-15 0.2064
3.3208e-15 0.2191
4.0022e-15 0.2547
2.7166e-15 0.2070
2.5328e-15 0.2157
2.2580e-15 0.3192
1.0039e-15 0.2369
1.7420e-15 0.4593
1.4892e-15 0.2728
2.6048e-15 0.2865
3.0342e-15 0.2270
3.0744e-15 0.2653
5.7273e-15 0.2167
3.7592e-15 0.2869
1.3870e-15 0.3390
3.0098e-15 0.4636
1.0894e-15 0.2331
2.8997e-15 0.2116
4.7534e-15 0.2719
6.3410e-15 0.2560
5.8289e-15 0.2213
6.9761e-15 0.1913
3.7767e-15 0.2596
3.1230e-15 0.2835
1.5677e-15 0.2200
3.2719e-15 0.4403
4.9106e-15 0.2152
5.8937e-15 0.1755
1.0223e-14 0.1330
9.0445e-15 0.1588
9.5284e-15 0.1474
8.4962e-15 0.1760
3.0797e-15 0.2220
3.8280e-15 0.2939
2.6086e-15 0.2630
6.4558e-15 0.1784
9.9871e-15 0.1908
2.1741e-14 0.1408
3.0453e-14 0.1002
1.8094e-14 0.1483
9.6794e-15 0.1471
4.6150e-15 0.1874
3.3519e-15 0.2033
4.4274e-15 0.1886
7.4508e-15 0.1605
1.6424e-14 0.1674
2.9534e-14 0.1148
3.9948e-14 0.0958
2.8520e-14 0.1182
1.3710e-14 0.1431
3.5514e-15 0.1505
2.3875e-15 0.1786
3.0741e-15 0.2986
6.7815e-15 0.1648
1.0374e-14 0.1499
2.2309e-14 0.1208
2.7491e-14 0.1097
1.7159e-14 0.1199
8.8246e-15 0.1606
7.3219e-15 0.1901
2.7442e-15 0.2026
2.2778e-15 0.2621
5.6066e-15 0.2925
4.9355e-15 0.1980
8.0805e-15 0.1576
1.1888e-14 0.1441
1.1873e-14 0.1702
8.1969e-15 0.1882
4.8667e-15 0.2185
2.4272e-15 0.2191
1.2938e-15 0.2504
2.5392e-15 0.2212
3.6982e-15 0.2009
4.2667e-15 0.1751
6.9093e-15 0.2036
5.9026e-15 0.1998
2.9383e-15 0.2857
1.8577e-15 0.2262
2.1238e-15 0.3206
8.1092e-16 0.3192
1.8967e-15 0.3804
2.2299e-15 0.2208
2.0326e-15 0.2282
5.3985e-15 0.2313
3.3694e-15 0.2149
2.6770e-15 0.2257
3.4503e-15 0.3060
1.8538e-15 0.3861
1.6648e-15 0.2635
2.5866e-15 0.3071
4.5903e-15 0.3289
3.3811e-15 0.2189
3.1714e-15 0.2289
2.4957e-15 0.2037
3.7716e-15 0.2879
1.4629e-15 0.2588
1.2087e-15 0.3885
1.7804e-15 0.2206
2.8879e-15 0.4212
4.0248e-15 0.1914
5.4183e-15 0.2287
4.9895e-15 0.1653
6.4404e-15 0.2034
5.0839e-15 0.2325
2.3114e-15 0.2522
1.9768e-15 0.2854
2.1126e-15 0.2646
4.0233e-15 0.2025
5.9162e-15 0.1775
1.2662e-14 0.1431
8.1431e-15 0.1430
1.0215e-14 0.1850
8.1575e-15 0.2343
3.0485e-15 0.2389
2.0326e-15 0.2219
4.6038e-15 0.2702
6.1875e-15 0.2036
8.6401e-15 0.1679
2.2384e-14 0.1245
2.4133e-14 0.1114
1.2561e-14 0.1470
1.1072e-14 0.1507
4.2189e-15 0.2328
2.5888e-15 0.2963
6.1592e-15 0.2510
6.7900e-15 0.1779
9.7445e-15 0.1537
2.6006e-14 0.1211
3.5258e-14 0.0940
2.0260e-14 0.1210
1.0813e-14 0.1621
5.9320e-15 0.1567
2.9324e-15 0.2711
4.4845e-15 0.2570
5.8801e-15 0.2606
1.1258e-14 0.1733
1.9381e-14 0.1365
2.3628e-14 0.1293
1.7940e-14 0.1222
8.3118e-15 0.1569
6.2741e-15 0.3348
2.6318e-15 0.2071
2.4626e-15 0.2548
5.0129e-15 0.1846
5.4531e-15 0.1882
1.0882e-14 0.1624
1.3030e-14 0.1598
8.9600e-15 0.1710
7.7120e-15 0.1768
3.3835e-15 0.1810
2.4779e-15 0.2159
1.0075e-15 0.2811
2.4784e-15 0.2570
5.6599e-15 0.2513
5.1326e-15 0.1976
4.7239e-15 0.1622
5.5789e-15 0.2446
2.2877e-15 0.2214
2.0230e-15 0.2289
1.3854e-15 0.3152
1.3470e-15 0.2409
9.2706e-16 0.2631
1.6605e-15 0.2496
2.9612e-15 0.1974
3.3937e-15 0.1985
1.8451e-15 0.2143
2.7816e-15 0.3206
2.2554e-15 0.2802
2.3567e-15 0.4382
1.1758e-15 0.2661
2.5375e-15 0.3043
4.8921e-15 0.2432
3.1239e-15 0.2762
2.7378e-15 0.2185
3.0931e-15 0.2294
3.8233e-15 0.3202
2.2052e-15 0.2684
2.0913e-15 0.3593
1.9734e-15 0.2276
1.9083e-15 0.2491
5.3158e-15 0.3189
4.6660e-15 0.2260
3.9926e-15 0.1869
3.9205e-15 0.2121
3.6716e-15 0.2243
2.4389e-15 0.2265
2.2229e-15 0.3466
1.8888e-15 0.2778
6.1475e-15 0.2877
7.3802e-15 0.1616
1.2164e-14 0.1491
9.1557e-15 0.1779
7.3985e-15 0.1648
4.8990e-15 0.2000
3.6566e-15 0.2265
3.1631e-15 0.3422
3.5033e-15 0.2508
6.0523e-15 0.2127
9.6637e-15 0.1835
2.1540e-14 0.1318
2.0621e-14 0.1240
1.2889e-14 0.1472
9.7139e-15 0.1604
4.1710e-15 0.1650
2.1089e-15 0.2313
5.5340e-15 0.2379
6.9847e-15 0.1813
1.4590e-14 0.1564
2.0835e-14 0.1197
2.8453e-14 0.1043
1.8676e-14 0.1291
9.2748e-15 0.1767
5.4368e-15 0.1969
2.0524e-15 0.2603
3.3019e-15 0.2321
4.3044e-15 0.1693
1.2046e-14 0.1409
1.7785e-14 0.1305
1.8352e-14 0.1204
1.6774e-14 0.1398
9.1952e-15 0.1688
5.9266e-15 0.2281
3.1701e-15 0.2054
2.5378e-15 0.1855
3.8277e-15 0.2277
6.2910e-15 0.2076
8.7218e-15 0.2099
1.4166e-14 0.1710
6.1325e-15 0.1557
7.5179e-15 0.2151
3.2328e-15 0.2198
2.7227e-15 0.2972
1.6187e-15 0.2970
3.2304e-15 0.2418
4.8269e-15 0.2829
5.0812e-15 0.2207
6.2436e-15 0.2086
7.4433e-15 0.1897
4.2534e-15 0.2807
2.3625e-15 0.2285
3.5935e-15 0.2822
1.1604e-15 0.2615
1.4335e-15 0.2367
2.7217e-15 0.2563
2.5907e-15 0.2008
2.7150e-15 0.2474
3.7876e-15 0.2493
3.1217e-15 0.3583
1.4267e-15 0.3297
1.9788e-15 0.4392
7.1457e-16 0.3087
2.2239e-15 0.3181
3.4292e-15 0.2783
3.3550e-15 0.3591
2.9814e-15 0.2763
1.9560e-15 0.2578
2.2984e-15 0.2381
3.2796e-15 0.3378
1.4408e-15 0.3196
1.8074e-15 0.2923
1.9682e-15 0.2052
5.0991e-15 0.2254
4.6324e-15 0.2056
5.4164e-15 0.2381
5.1752e-15 0.1822
5.1844e-15 0.2415
3.1693e-15 0.1962
1.7605e-15 0.2716
2.4170e-15 0.2707
4.1796e-15 0.2143
4.6475e-15 0.1983
9.0513e-15 0.1805
9.0844e-15 0.2041
5.9153e-15 0.1609
6.8410e-15 0.2170
4.5965e-15 0.2698
4.2101e-15 0.3082
4.7808e-15 0.2981
4.3577e-15 0.2153
7.0576e-15 0.1668
1.8987e-14 0.1340
2.0512e-14 0.1297
1.5009e-14 0.1767
8.1062e-15 0.1735
4.3446e-15 0.1772
3.9765e-15 0.4054
4.6017e-15 0.2415
4.8693e-15 0.1763
8.2114e-15 0.1875
1.9309e-14 0.1456
2.4684e-14 0.1138
1.5676e-14 0.1290
1.0577e-14 0.1604
5.4433e-15 0.2443
3.2279e-15 0.2850
4.1372e-15 0.2253
4.7745e-15 0.1910
8.0460e-15 0.1441
1.2624e-14 0.1345
2.4056e-14 0.1268
1.4520e-14 0.1386
5.5358e-15 0.1839
4.9856e-15 0.2242
2.4427e-15 0.2169
3.4427e-15 0.2438
4.3213e-15 0.2052
7.0486e-15 0.1911
5.8084e-15 0.1785
9.6747e-15 0.1564
8.7817e-15 0.1909
5.7255e-15 0.1676
4.1440e-15 0.2059
2.0348e-15 0.2582
2.5503e-15 0.3131
9.0299e-16 0.2437
5.3011e-15 0.1959
5.7688e-15 0.2777
6.3761e-15 0.1922
5.9702e-15 0.2724
4.8562e-15 0.3701
2.5592e-15 0.2994
1.4753e-15 0.2962
2.5169e-15 0.4022
1.7057e-15 0.3605
1.9494e-15 0.2919
2.7853e-15 0.2626
2.2393e-15 0.1742
3.6101e-15 0.2281
1.8525e-15 0.3001
1.3703e-15 0.2445
1.5619e-15 0.4319
9.8973e-16 0.3217
1.8987e-15 0.4030
3.6324e-15 0.3061
2.1073e-15 0.3061
3.7030e-15 0.2340
4.0675e-15 0.3121
2.9045e-15 0.3931
2.4961e-15 0.3206
3.5435e-15 0.4230
1.4539e-15 0.3121
2.8819e-15 0.2676
4.0729e-15 0.2691
7.0501e-15 0.2063
6.3264e-15 0.2497
2.9038e-15 0.1878
4.8327e-15 0.2370
2.8303e-15 0.1840
1.8165e-15 0.2280
3.0832e-15 0.2680
4.1961e-15 0.1863
6.7123e-15 0.2485
1.0728e-14 0.1523
9.2587e-15 0.1598
7.7350e-15 0.1826
3.6242e-15 0.1776
2.6995e-15 0.1983
2.5048e-15 0.2929
3.8781e-15 0.2760
4.9450e-15 0.2382
7.3877e-15 0.1699
1.9699e-14 0.1524
1.7048e-14 0.1426
9.9448e-15 0.1454
7.9814e-15 0.1704
4.5782e-15 0.1870
1.7385e-15 0.1971
3.8543e-15 0.2135
6.8661e-15 0.1987
1.1149e-14 0.1835
1.7136e-14 0.1432
2.2175e-14 0.1188
1.5566e-14 0.1421
7.7855e-15 0.1637
5.1446e-15 0.2370
2.1467e-15 0.2200
1.8006e-15 0.2010
5.4583e-15 0.2531
9.0176e-15 0.1879
1.5062e-14 0.1497
1.7686e-14 0.1392
1.3502e-14 0.1615
7.5757e-15 0.1870
4.6012e-15 0.2219
3.8959e-15 0.3469
3.0916e-15 0.2876
3.9455e-15 0.2148
6.1953e-15 0.2310
9.4912e-15 0.1911
7.0235e-15 0.1922
7.8251e-15 0.1825
5.9676e-15 0.1899
2.6434e-15 0.2018
2.8334e-15 0.3265
2.6212e-15 0.3909
3.0150e-15 0.2688
4.2254e-15 0.2231
2.8775e-15 0.2463
4.9491e-15 0.1889
7.1076e-15 0.2018
5.8085e-15 0.2567
2.1059e-15 0.3111
2.5095e-15 0.2784
1.6400e-15 0.3228
2.5518e-15 0.3288
5.2699e-15 0.2867
2.7020e-15 0.2683
3.7464e-15 0.2894
2.1257e-15 0.2477
2.4795e-15 0.2813
1.1760e-15 0.4036
1.4304e-15 0.4776
0.0000e+00 1.0000
2.0533e-15 0.3367
3.2822e-15 0.4189
2.6403e-15 0.2527
1.5749e-15 0.2636
2.4952e-15 0.2461
2.7018e-15 0.2879
2.9970e-15 0.3638
2.8546e-15 0.3691
1.9319e-15 0.3513
2.7782e-15 0.2894
2.9668e-15 0.2340
5.8405e-15 0.2595
4.2945e-15 0.2948
4.2071e-15 0.2541
4.2572e-15 0.2516
1.7371e-15 0.2992
1.6654e-15 0.2760
4.3829e-15 0.2512
4.2476e-15 0.2475
6.9580e-15 0.2091
1.0723e-14 0.1784
7.1242e-15 0.1725
9.0767e-15 0.1829
4.8583e-15 0.2032
3.0765e-15 0.2312
1.6794e-15 0.2621
3.1140e-15 0.1830
4.7001e-15 0.2712
7.7761e-15 0.1722
1.4800e-14 0.1500
1.2450e-14 0.1639
1.1918e-14 0.1438
7.9998e-15 0.1782
4.5068e-15 0.2108
2.4331e-15 0.2328
4.0135e-15 0.2738
3.7673e-15 0.2347
9.1385e-15 0.1842
1.2774e-14 0.1414
1.5718e-14 0.1171
1.3208e-14 0.1615
6.2129e-15 0.1796
4.8310e-15 0.2049
2.0336e-15 0.2874
2.7530e-15 0.2603
4.4656e-15 0.2831
9.7701e-15 0.1870
1.1620e-14 0.1639
1.5490e-14 0.1506
1.0911e-14 0.1605
8.4829e-15 0.1900
6.4082e-15 0.2122
3.9266e-15 0.3449
3.5960e-15 0.2776
4.5613e-15 0.2390
7.3730e-15 0.2272
5.4009e-15 0.1876
6.9209e-15 0.1819
7.5499e-15 0.1724
5.9367e-15 0.2125
3.8705e-15 0.2261
1.7099e-15 0.3094
3.1910e-15 0.3029
2.8381e-15 0.2592
3.5751e-15 0.2633
3.6962e-15 0.2445
5.7111e-15 0.2149
6.2819e-15 0.2150
3.2394e-15 0.2231
3.2344e-15 0.2400
1.7487e-15 0.4072
1.5640e-15 0.2712
2.5056e-15 0.3168
2.0141e-15 0.2863
2.9355e-15 0.2857
2.9715e-15 0.2759
4.7743e-15 0.2721
2.8995e-15 0.2697
1.4536e-15 0.4522
2.0489e-15 0.4130
1.7318e-15 0.3371
1.6810e-15 0.2796
2.0021e-15 0.2547
3.4490e-15 0.2948
3.9793e-15 0.3069
3.6138e-15 0.2093
4.6075e-15 0.2392
0.0000e+00 1.0000
1.4396e-15 0.2973
1.9835e-15 0.3119
1.8280e-15 0.2484
2.9523e-15 0.2416
5.9192e-15 0.2499
3.6136e-15 0.2402
1.6858e-15 0.1768
5.1536e-15 0.2485
2.3246e-15 0.2930
2.0762e-15 0.2291
3.5320e-15 0.2932
3.7109e-15 0.2565
4.8315e-15 0.1854
1.0430e-14 0.2068
9.0063e-15 0.2227
7.5266e-15 0.1677
3.3302e-15 0.2327
4.0087e-15 0.2837
2.6919e-15 0.4077
3.5522e-15 0.2725
3.8465e-15 0.2620
8.0378e-15 0.1944
1.1221e-14 0.1598
1.3559e-14 0.1536
8.7669e-15 0.1907
5.2827e-15 0.2532
4.3224e-15 0.2212
4.4522e-15 0.2493
1.9780e-15 0.2023
4.7087e-15 0.2471
8.6302e-15 0.1967
1.2596e-14 0.1490
1.8333e-14 0.1305
1.1373e-14 0.1442
7.1817e-15 0.1711
4.4628e-15 0.2195
2.4458e-15 0.2608
4.1688e-15 0.3358
5.7656e-15 0.2181
7.1733e-15 0.1843
1.3074e-14 0.1432
1.6920e-14 0.1529
1.0527e-14 0.1779
5.2961e-15 0.1660
5.4903e-15 0.3339
3.5234e-15 0.3127
3.3144e-15 0.3230
2.9471e-15 0.2451
6.4864e-15 0.2095
6.5973e-15 0.2226
6.7463e-15 0.1964
8.0232e-15 0.2112
4.6208e-15 0.2652
3.4213e-15 0.2185
2.0494e-15 0.3124
2.5711e-15 0.2495
2.0064e-15 0.2948
3.8677e-15 0.2996
3.3927e-15 0.2498
6.2010e-15 0.2219
6.2568e-15 0.2438
3.1600e-15 0.3124
2.5070e-15 0.2548
1.3941e-15 0.2949
6.1140e-16 0.3286
2.8461e-15 0.4069
2.4286e-15 0.3232
2.3732e-15 0.3164
3.1503e-15 0.2185
2.1115e-15 0.2145
1.2247e-15 0.2440
1.8861e-15 0.4084
1.7799e-15 0.2995
9.2092e-16 0.2855
2.1349e-15 0.4064
2.8269e-15 0.3911
4.2493e-15 0.3394
2.4305e-15 0.2981
2.9989e-15 0.3868
2.1743e-15 0.2344
1.4740e-15 0.2818
2.8812e-15 0.2934
2.9994e-15 0.3224
2.6930e-15 0.2894
2.4033e-15 0.2170
5.2714e-15 0.2282
4.2169e-15 0.2634
3.8103e-15 0.2958
4.1759e-15 0.2999
2.3705e-15 0.2659
1.9268e-15 0.2637
3.4518e-15 0.3610
3.4053e-15 0.2206
6.1262e-15 0.2243
7.0166e-15 0.2041
7.0092e-15 0.1835
6.9740e-15 0.2262
3.8061e-15 0.1978
2.8708e-15 0.1817
1.8280e-15 0.2637
3.5028e-15 0.2832
4.8793e-15 0.2802
6.7263e-15 0.1819
8.5913e-15 0.1650
1.1251e-14 0.1638
7.5715e-15 0.1757
6.7412e-15 0.2126
5.1386e-15 0.2213
2.2768e-15 0.2871
1.9559e-15 0.2645
5.4650e-15 0.2314
8.6456e-15 0.2439
1.2403e-14 0.1669
1.5963e-14 0.1633
8.7241e-15 0.1805
6.0517e-15 0.1883
3.6708e-15 0.2266
2.5805e-15 0.3201
2.7437e-15 0.3376
6.5559e-15 0.2501
5.5787e-15 0.1824
1.2016e-14 0.1944
1.2052e-14 0.1702
9.2205e-15 0.1780
5.4196e-15 0.2083
2.7315e-15 0.2650
2.6535e-15 0.3223
2.2358e-15 0.2298
3.1776e-15 0.2717
5.1623e-15 0.2789
5.1866e-15 0.2304
6.8525e-15 0.1903
6.0447e-15 0.1845
5.5957e-15 0.1941
3.8988e-15 0.2395
1.6287e-15 0.2762
1.7061e-15 0.3449
1.6825e-15 0.2669
2.7153e-15 0.3048
3.8598e-15 0.3227
4.3841e-15 0.2314
5.4468e-15 0.2553
1.9406e-15 0.2311
2.3392e-15 0.2814
1.7771e-15 0.3053
1.5966e-15 0.2299
2.3215e-15 0.2810
3.1103e-15 0.3535
4.1364e-15 0.2842
2.7729e-15 0.2192
4.1026e-15 0.3586
3.7107e-15 0.3136
1.2585e-15 0.3316
1.6216e-15 0.3121
1.1831e-15 0.4429
1.6079e-15 0.3347
3.5091e-15 0.2767
3.6581e-15 0.2229
3.6425e-15 0.2676
2.2660e-15 0.2527
3.5621e-15 0.2809
6.2983e-16 0.2524
9.6121e-16 0.2677
1.6817e-15 0.2435
1.1510e-15 0.3035
3.2779e-15 0.2286
5.7061e-15 0.2532
3.3126e-15 0.2047
3.5916e-15 0.2413
4.2049e-15 0.2416
2.8374e-15 0.2403
1.6670e-15 0.2447
8.6424e-16 0.2670
2.4977e-15 0.2629
3.6783e-15 0.2480
9.3970e-15 0.1891
7.3805e-15 0.1719
7.2017e-15 0.2152
3.1699e-15 0.2320
2.1589e-15 0.2555
2.2855e-15 0.2938
1.6199e-15 0.3110
7.0311e-15 0.2730
6.2045e-15 0.2156
1.2863e-14 0.1891
1.2945e-14 0.1628
9.6029e-15 0.2234
5.3390e-15 0.1991
4.4590e-15 0.2200
2.1957e-15 0.2791
2.3299e-15 0.4019
3.5109e-15 0.2643
6.3404e-15 0.1917
1.3620e-14 0.1810
1.5404e-14 0.1524
1.0928e-14 0.1823
6.7631e-15 0.2045
3.8919e-15 0.2283
3.2917e-15 0.3469
3.3881e-15 0.2807
5.1126e-15 0.3187
5.4188e-15 0.1826
1.0815e-14 0.1914
8.7960e-15 0.2169
1.0016e-14 0.1886
4.8569e-15 0.2576
4.4601e-15 0.2199
5.0094e-15 0.3103
2.2588e-15 0.2702
4.0977e-15 0.2639
5.1730e-15 0.2460
3.6922e-15 0.2121
4.5830e-15 0.2020
6.9847e-15 0.1941
6.7770e-15 0.2612
2.5759e-15 0.2971
1.9183e-15 0.2985
2.3691e-15 0.2927
2.9171e-15 0.4002
3.2990e-15 0.2887
3.1060e-15 0.2938
3.5997e-15 0.2303
5.4479e-15 0.2431
3.2903e-15 0.2998
2.4934e-15 0.2078
1.4621e-15 0.3300
1.3738e-15 0.3577
1.6852e-15 0.2809
2.0184e-15 0.3168
1.8409e-15 0.3146
3.2415e-15 0.2784
2.8967e-15 0.2083
2.6450e-15 0.3153
1.6238e-15 0.3955
1.0609e-15 0.2958
