     9      9     20
d_kernel   u_kernel

0.0000e+00 1.0000
2.1596e-16 0.4721
2.4898e-16 0.3725
1.6562e-16 0.4956
4.1987e-16 0.3458
3.1611e-16 0.4741
4.8186e-16 0.4441
3.4969e-16 0.4454
3.4455e-16 0.3769
0.0000e+00 1.0000
0.0000e+00 1.0000
1.1525e-16 0.4891
4.3447e-16 0.2824
3.9541e-16 0.3493
7.1431e-16 0.2858
1.0986e-15 0.3596
1.3234e-15 0.3647
9.8841e-16 0.3690
0.0000e+00 1.0000
4.0465e-16 0.3791
8.3437e-16 0.3929
3.2300e-16 0.3611
9.5939e-16 0.3428
8.9654e-16 0.2839
7.7214e-16 0.3025
2.0727e-15 0.4564
1.5655e-15 0.3828
0.0000e+00 1.0000
2.8930e-16 0.4795
4.9661e-16 0.4800
1.1752e-15 0.4660
1.3664e-15 0.4264
1.9285e-15 0.2897
5.4533e-15 0.2209
1.8406e-14 0.1492
4.4072e-15 0.2266
0.0000e+00 1.0000
1.8549e-16 0.4323
6.6644e-16 0.4903
1.0425e-15 0.3320
1.0608e-15 0.3507
9.2014e-14 0.0713
2.3420e-12 0.0172
4.9641e-12 0.0123
2.2862e-12 0.0176
2.8112e-16 0.4860
3.6930e-16 0.3771
8.1404e-16 0.3324
1.6536e-15 0.2714
8.4479e-15 0.2119
2.2559e-12 0.0175
1.6652e-11 0.0071
3.3333e-11 0.0048
1.6539e-11 0.0072
0.0000e+00 1.0000
7.3360e-16 0.3375
8.0297e-16 0.3291
1.5227e-15 0.2667
1.6396e-14 0.1541
4.8376e-12 0.0124
3.3247e-11 0.0048
1.3239e-09 0.0002
3.3969e-11 0.0047
5.2459e-16 0.3712
4.1381e-16 0.4549
5.3598e-16 0.4198
7.2443e-16 0.3113
3.7924e-15 0.2330
2.2059e-12 0.0177
1.6369e-11 0.0072
3.3288e-11 0.0048
1.6665e-11 0.0071
0.0000e+00 1.0000
3.0579e-16 0.4775
4.4989e-16 0.3372
1.1749e-15 0.3076
2.0264e-15 0.1856
1.0548e-13 0.0690
2.3034e-12 0.0174
4.9043e-12 0.0123
2.2851e-12 0.0175
0.0000e+00 1.0000
2.0817e-16 0.4664
0.0000e+00 1.0000
0.0000e+00 1.0000
4.3749e-16 0.3499
9.7792e-16 0.3773
9.8224e-16 0.4041
5.5470e-16 0.2606
8.0218e-16 0.2722
0.0000e+00 1.0000
0.0000e+00 1.0000
4.2424e-16 0.4049
1.0498e-15 0.3999
9.1502e-16 0.3028
9.4328e-16 0.2914
1.1733e-15 0.3089
1.7718e-15 0.2983
0.0000e+00 1.0000
5.8275e-16 0.4032
0.0000e+00 1.0000
0.0000e+00 1.0000
7.2452e-16 0.3146
1.7242e-15 0.3458
1.1656e-15 0.4047
1.6735e-15 0.2519
1.4146e-15 0.2779
1.3179e-15 0.2786
2.8165e-16 0.4640
7.4655e-16 0.3908
1.9763e-15 0.3862
1.6349e-15 0.3931
1.8135e-15 0.3366
2.1577e-15 0.3130
5.6483e-15 0.2014
1.5080e-14 0.1503
3.4741e-15 0.2648
0.0000e+00 1.0000
0.0000e+00 1.0000
4.4446e-16 0.3541
1.5618e-15 0.3575
3.7894e-15 0.2920
1.1445e-13 0.0635
3.9368e-12 0.0130
9.5416e-12 0.0087
3.9282e-12 0.0131
2.9727e-16 0.4886
0.0000e+00 1.0000
1.0126e-15 0.2907
1.3985e-15 0.3272
4.5139e-15 0.2257
3.9096e-12 0.0131
4.3685e-11 0.0045
1.1545e-10 0.0025
4.4089e-11 0.0044
0.0000e+00 1.0000
0.0000e+00 1.0000
2.1171e-15 0.3973
2.6639e-15 0.3112
1.2275e-14 0.1544
9.5097e-12 0.0087
1.1495e-10 0.0026
1.1468e-09 0.0004
1.1556e-10 0.0025
3.2048e-16 0.4513
5.4269e-16 0.3253
9.1686e-16 0.2596
1.3126e-15 0.2272
5.5140e-15 0.1928
3.8662e-12 0.0132
4.3477e-11 0.0045
1.1492e-10 0.0026
4.4050e-11 0.0044
3.7809e-16 0.4404
2.7939e-16 0.4327
7.7425e-16 0.2855
1.4762e-15 0.2392
2.2963e-15 0.2911
1.2155e-13 0.0616
3.8694e-12 0.0132
9.5076e-12 0.0088
3.8861e-12 0.0131
0.0000e+00 1.0000
0.0000e+00 1.0000
6.7220e-16 0.4214
2.2710e-16 0.4384
5.4544e-16 0.3147
1.0458e-15 0.3802
1.0618e-15 0.3515
3.6854e-16 0.3713
7.3670e-16 0.4497
0.0000e+00 1.0000
2.2811e-16 0.4823
0.0000e+00 1.0000
5.5258e-16 0.4661
0.0000e+00 1.0000
1.5116e-15 0.2356
1.2656e-15 0.2240
9.2489e-16 0.2515
8.6585e-16 0.2975
0.0000e+00 1.0000
0.0000e+00 1.0000
1.2178e-15 0.4398
1.0033e-15 0.2923
1.0906e-15 0.2777
1.7546e-15 0.3226
2.6958e-15 0.1910
1.4901e-15 0.2780
1.2137e-15 0.2320
0.0000e+00 1.0000
0.0000e+00 1.0000
5.4123e-16 0.3319
2.1179e-15 0.3405
2.5608e-15 0.3691
1.6781e-15 0.2184
5.4820e-15 0.1876
4.4946e-15 0.2082
3.1538e-15 0.2162
0.0000e+00 1.0000
2.4050e-16 0.4041
0.0000e+00 1.0000
1.9145e-15 0.3375
3.1235e-15 0.2494
6.9765e-14 0.0773
4.1908e-12 0.0121
1.1843e-11 0.0075
4.1343e-12 0.0122
0.0000e+00 1.0000
4.8768e-16 0.3485
1.1134e-15 0.2161
2.3031e-15 0.2287
6.3180e-15 0.2263
4.2767e-12 0.0121
7.1509e-11 0.0034
1.8245e-10 0.0020
7.1367e-11 0.0034
0.0000e+00 1.0000
0.0000e+00 1.0000
1.8618e-15 0.3199
2.1279e-15 0.3211
8.4506e-15 0.1633
1.1886e-11 0.0075
1.8184e-10 0.0020
7.4957e-10 0.0007
1.8180e-10 0.0020
3.0355e-16 0.4052
4.3696e-16 0.3913
8.1427e-16 0.3549
2.1976e-15 0.2361
3.8726e-15 0.2277
4.1151e-12 0.0122
7.1624e-11 0.0034
1.8206e-10 0.0020
7.1649e-11 0.0034
4.8938e-16 0.3984
8.9208e-16 0.3310
9.3048e-16 0.3276
2.2541e-15 0.4557
2.2010e-15 0.2235
6.3251e-14 0.0783
4.2270e-12 0.0120
1.1811e-11 0.0076
4.2284e-12 0.0120
0.0000e+00 1.0000
0.0000e+00 1.0000
2.6839e-16 0.4821
0.0000e+00 1.0000
7.4746e-16 0.4391
3.8869e-16 0.3482
7.3442e-16 0.4164
5.4779e-16 0.3708
6.8066e-16 0.3691
0.0000e+00 1.0000
0.0000e+00 1.0000
1.1073e-15 0.4944
0.0000e+00 1.0000
1.3895e-15 0.3876
1.3173e-15 0.2791
7.6916e-16 0.3407
9.0074e-16 0.2736
1.2175e-15 0.2570
0.0000e+00 1.0000
0.0000e+00 1.0000
6.9400e-16 0.4022
2.4552e-15 0.4406
1.8153e-15 0.3794
1.5310e-15 0.2439
2.2386e-15 0.3097
2.2825e-15 0.2271
2.4366e-15 0.2172
6.7151e-16 0.3907
2.1049e-16 0.4104
7.0020e-16 0.3146
1.8912e-15 0.2421
2.9786e-15 0.2744
4.3774e-15 0.3128
4.8469e-15 0.2438
6.1910e-15 0.1751
4.2108e-15 0.2500
4.1730e-16 0.4569
1.1038e-15 0.4919
0.0000e+00 1.0000
1.7020e-15 0.2954
3.3042e-15 0.2345
1.7857e-14 0.1328
2.2557e-12 0.0153
8.0272e-12 0.0086
2.3000e-12 0.0152
3.8666e-16 0.3757
2.6872e-16 0.4595
7.2558e-16 0.2866
1.8029e-15 0.3243
4.9794e-15 0.2961
2.2629e-12 0.0153
6.6712e-11 0.0034
1.6760e-10 0.0021
6.6981e-11 0.0034
7.6990e-16 0.3890
5.2653e-16 0.3387
8.5137e-16 0.3050
2.7669e-15 0.3518
3.9085e-15 0.2021
8.0580e-12 0.0086
1.6779e-10 0.0021
4.5539e-10 0.0010
1.6744e-10 0.0021
1.4070e-15 0.4506
0.0000e+00 1.0000
1.1085e-15 0.3720
1.6083e-15 0.2193
5.0457e-15 0.2852
2.2592e-12 0.0153
6.6950e-11 0.0034
1.6839e-10 0.0021
6.6941e-11 0.0034
3.5603e-16 0.3849
6.1537e-16 0.3512
1.8784e-15 0.3575
2.1833e-15 0.3328
3.7363e-15 0.2388
1.5450e-14 0.1282
2.2452e-12 0.0153
8.0471e-12 0.0086
2.3139e-12 0.0151
0.0000e+00 1.0000
0.0000e+00 1.0000
9.3801e-16 0.4468
0.0000e+00 1.0000
6.2031e-16 0.3194
8.9146e-16 0.3628
1.0289e-15 0.4065
0.0000e+00 1.0000
4.8533e-16 0.3753
1.8711e-16 0.4177
1.0712e-15 0.3271
1.4700e-15 0.3626
0.0000e+00 1.0000
9.4994e-16 0.3346
1.3170e-15 0.4602
1.0516e-15 0.2984
2.3037e-15 0.2880
9.8064e-16 0.2857
3.9885e-16 0.4453
6.3717e-16 0.3388
1.2434e-15 0.2971
1.0394e-15 0.2964
1.6927e-15 0.3321
2.3653e-15 0.2933
2.6740e-15 0.2552
4.0314e-15 0.2550
2.5028e-15 0.2523
0.0000e+00 1.0000
2.3860e-16 0.4037
1.3265e-15 0.2857
1.6062e-15 0.3992
3.1042e-15 0.2596
4.3711e-15 0.2412
6.0069e-15 0.2317
7.7322e-15 0.2178
4.3873e-15 0.2055
4.2469e-16 0.3319
1.6726e-15 0.3459
1.7901e-15 0.3236
2.0413e-15 0.4300
4.0239e-15 0.2191
7.2507e-15 0.1477
4.0653e-13 0.0317
2.0204e-12 0.0153
4.2926e-13 0.0311
6.9511e-16 0.3964
0.0000e+00 1.0000
2.1282e-15 0.3598
3.4215e-15 0.2668
4.9861e-15 0.1918
4.3156e-13 0.0311
3.2195e-11 0.0045
9.4548e-11 0.0027
3.2253e-11 0.0045
2.3827e-16 0.4543
8.4204e-16 0.4344
1.9304e-15 0.3955
1.5479e-15 0.2663
6.8991e-15 0.2316
2.0177e-12 0.0155
9.4568e-11 0.0027
2.5038e-10 0.0016
9.4178e-11 0.0027
3.5131e-16 0.4226
5.4499e-16 0.3417
1.3540e-15 0.4042
2.8068e-15 0.2294
4.4040e-15 0.1774
4.3153e-13 0.0311
3.2164e-11 0.0045
9.4706e-11 0.0027
3.2221e-11 0.0045
4.3119e-16 0.3615
6.8712e-16 0.3619
8.7877e-16 0.2853
1.8383e-15 0.2354
3.1946e-15 0.2442
5.7306e-15 0.1567
4.1009e-13 0.0315
2.0754e-12 0.0152
4.3437e-13 0.0307
0.0000e+00 1.0000
2.8429e-16 0.3552
1.0189e-15 0.3650
6.0258e-16 0.3887
5.4211e-16 0.3178
2.1363e-15 0.4324
1.4330e-15 0.3025
9.9347e-16 0.2957
1.1696e-15 0.3151
4.9512e-16 0.3433
6.2266e-16 0.3215
1.2099e-15 0.3487
8.3420e-16 0.3508
1.4385e-15 0.3918
2.3997e-15 0.3054
2.7170e-15 0.3083
2.8819e-15 0.3182
1.2130e-15 0.3220
0.0000e+00 1.0000
4.5638e-16 0.4991
1.0621e-15 0.3209
1.3303e-15 0.4029
1.8110e-15 0.2265
2.3961e-15 0.2452
2.3386e-15 0.2724
3.7773e-15 0.2121
2.4462e-15 0.2233
4.8606e-16 0.4610
1.0752e-15 0.3104
9.5145e-16 0.4130
1.1912e-15 0.2992
3.0208e-15 0.3058
4.8952e-15 0.2098
5.6804e-15 0.1717
6.1376e-15 0.1827
6.9621e-15 0.1999
7.3357e-16 0.4221
9.7212e-16 0.2794
1.0909e-15 0.2517
1.5706e-15 0.2330
2.6963e-15 0.2163
6.0062e-15 0.1643
2.2417e-14 0.0979
9.8074e-14 0.0564
2.0686e-14 0.1107
0.0000e+00 1.0000
0.0000e+00 1.0000
1.2577e-15 0.2666
3.8950e-15 0.3371
4.4771e-15 0.1972
1.9655e-14 0.1022
5.0869e-12 0.0098
2.1351e-11 0.0051
5.0484e-12 0.0099
3.8790e-16 0.3722
1.0038e-15 0.4111
1.5038e-15 0.3583
2.5235e-15 0.1979
5.3578e-15 0.2131
9.4139e-14 0.0575
2.1487e-11 0.0051
7.6922e-11 0.0028
2.1280e-11 0.0051
5.3511e-16 0.3772
1.1446e-15 0.2999
1.9221e-15 0.3780
1.5167e-15 0.2022
3.8415e-15 0.1657
2.1324e-14 0.1121
5.0090e-12 0.0099
2.1533e-11 0.0051
5.1093e-12 0.0098
5.4814e-16 0.3112
5.4837e-16 0.3014
2.3887e-15 0.4505
2.6292e-15 0.4053
3.1217e-15 0.2248
8.3557e-15 0.1437
1.9295e-14 0.1083
1.0183e-13 0.0549
2.2991e-14 0.0963
1.8323e-16 0.4589
6.0150e-16 0.4247
6.9836e-16 0.4057
4.7253e-16 0.4447
1.5974e-15 0.4465
1.4865e-15 0.2561
1.4681e-15 0.3329
2.1207e-15 0.4437
9.4927e-16 0.3701
3.3369e-16 0.4215
0.0000e+00 1.0000
4.9984e-16 0.3495
5.4606e-16 0.3272
1.6744e-15 0.4575
1.4825e-15 0.4837
1.6566e-15 0.2568
2.4392e-15 0.2420
2.3818e-15 0.2740
0.0000e+00 1.0000
0.0000e+00 1.0000
1.1245e-15 0.4627
0.0000e+00 1.0000
2.1038e-15 0.2346
2.6047e-15 0.2503
2.0053e-15 0.2564
2.3635e-15 0.2258
2.8097e-15 0.2569
9.0926e-16 0.4008
7.5955e-16 0.3901
8.9333e-16 0.3259
1.8360e-15 0.2589
2.0329e-15 0.2093
3.6232e-15 0.2110
6.7797e-15 0.2140
6.6442e-15 0.2595
4.4585e-15 0.2028
0.0000e+00 1.0000
1.0079e-15 0.4253
9.6399e-16 0.3270
2.0290e-15 0.2637
4.6287e-15 0.2771
6.4747e-15 0.1734
1.2913e-14 0.1321
1.7792e-14 0.1252
1.3873e-14 0.1374
1.7804e-16 0.4032
8.8323e-16 0.3170
2.1394e-15 0.4701
1.4364e-15 0.2557
4.2960e-15 0.1746
1.0711e-14 0.1354
1.0596e-13 0.0518
6.5588e-13 0.0231
1.0022e-13 0.0532
1.1008e-15 0.4202
5.6243e-16 0.2935
1.7421e-15 0.2036
3.0105e-15 0.3728
7.3240e-15 0.2025
1.6768e-14 0.1279
6.5814e-13 0.0232
4.1847e-12 0.0100
6.6174e-13 0.0232
7.1692e-16 0.3618
0.0000e+00 1.0000
1.1090e-15 0.2748
1.8781e-15 0.2146
5.2113e-15 0.1975
1.0296e-14 0.1169
1.0833e-13 0.0521
6.7842e-13 0.0229
9.9227e-14 0.0552
7.5418e-16 0.4684
6.3102e-16 0.3004
1.2408e-15 0.2628
2.1126e-15 0.2258
3.3200e-15 0.2240
8.8482e-15 0.1991
1.2289e-14 0.1278
1.5610e-14 0.1324
1.1500e-14 0.1105
0.0000e+00 1.0000
0.0000e+00 1.0000
3.7989e-16 0.3851
1.1509e-15 0.4316
7.1419e-16 0.4020
8.1745e-16 0.4515
1.0579e-15 0.2711
1.9509e-15 0.3140
1.0306e-15 0.3435
0.0000e+00 1.0000
0.0000e+00 1.0000
8.3437e-16 0.3797
1.1674e-15 0.3347
1.7712e-15 0.2694
2.3855e-15 0.2983
6.7647e-16 0.2835
1.9659e-15 0.2699
1.7763e-15 0.3267
0.0000e+00 1.0000
0.0000e+00 1.0000
1.4915e-15 0.4547
1.4757e-15 0.2865
2.0356e-15 0.2206
3.4412e-15 0.2620
2.6694e-15 0.2366
2.1482e-15 0.2573
3.2422e-15 0.2619
5.9388e-16 0.3723
4.8011e-16 0.3878
1.4094e-15 0.4201
1.2488e-15 0.2328
2.1391e-15 0.2064
3.5663e-15 0.2029
6.3729e-15 0.1812
7.1743e-15 0.1661
5.2101e-15 0.1770
1.0439e-15 0.3951
7.0320e-16 0.3157
8.9244e-16 0.2659
1.5657e-15 0.2462
4.4760e-15 0.2066
9.1241e-15 0.1877
1.2252e-14 0.1205
1.6214e-14 0.1457
8.9104e-15 0.1297
4.4095e-16 0.4580
1.8397e-15 0.4889
1.2510e-15 0.2543
2.2662e-15 0.2109
3.8370e-15 0.1804
1.1688e-14 0.1367
2.5695e-14 0.1036
3.7467e-14 0.0843
2.5475e-14 0.0901
7.5974e-16 0.4390
1.2000e-15 0.2606
2.0202e-15 0.4943
3.4236e-15 0.2435
7.3025e-15 0.1675
1.4309e-14 0.1238
3.6015e-14 0.0775
6.6701e-14 0.0612
3.6430e-14 0.0847
6.6386e-16 0.3213
4.0585e-16 0.3185
1.6381e-15 0.2388
2.1767e-15 0.2049
4.8589e-15 0.1767
9.3257e-15 0.1542
2.3651e-14 0.0914
4.1777e-14 0.0787
2.6961e-14 0.0957
3.6466e-16 0.3774
2.6018e-16 0.4785
1.1082e-15 0.2799
2.5232e-15 0.3869
3.1088e-15 0.2816
8.1158e-15 0.2092
1.3575e-14 0.1384
1.3811e-14 0.1284
9.9777e-15 0.1665
4.5548e-16 0.4130
0.0000e+00 1.0000
4.2389e-16 0.4109
1.2726e-15 0.3243
9.5684e-16 0.3158
0.0000e+00 1.0000
1.2424e-15 0.2488
1.2452e-15 0.3606
0.0000e+00 1.0000
0.0000e+00 1.0000
0.0000e+00 1.0000
1.0445e-15 0.4579
1.0179e-15 0.2833
1.2570e-15 0.2522
1.7588e-15 0.2912
1.2506e-15 0.2399
1.5539e-15 0.2230
1.6169e-15 0.2537
0.0000e+00 1.0000
7.1601e-16 0.3948
0.0000e+00 1.0000
8.3981e-16 0.3032
3.1834e-15 0.2416
2.2328e-15 0.2202
3.5138e-15 0.2464
3.7379e-15 0.2481
3.1836e-15 0.2216
2.6138e-16 0.4417
1.0241e-15 0.4581
1.3518e-15 0.3780
1.5252e-15 0.2733
2.4364e-15 0.2836
3.4311e-15 0.2110
4.8153e-15 0.1552
7.9876e-15 0.1878
4.5628e-15 0.1828
1.3003e-15 0.4293
0.0000e+00 1.0000
1.6037e-15 0.2611
2.3594e-15 0.2276
3.6875e-15 0.3318
6.3991e-15 0.1546
1.2504e-14 0.1300
1.5866e-14 0.1367
9.7002e-15 0.1280
0.0000e+00 1.0000
1.5085e-15 0.3419
1.3893e-15 0.2857
1.5560e-15 0.2969
4.1827e-15 0.1787
9.8091e-15 0.1509
2.2306e-14 0.1008
2.8407e-14 0.0838
2.4717e-14 0.1034
1.0804e-15 0.3007
1.6138e-15 0.3552
1.5695e-15 0.2483
2.1406e-15 0.2134
6.0297e-15 0.2117
1.1696e-14 0.1177
3.1464e-14 0.0936
5.2327e-14 0.0776
3.2299e-14 0.0947
0.0000e+00 1.0000
5.8216e-16 0.2991
1.3615e-15 0.2482
2.5910e-15 0.3445
5.4403e-15 0.2199
1.1495e-14 0.1477
1.9801e-14 0.1021
3.7453e-14 0.0899
2.4684e-14 0.0976
1.2340e-16 0.4825
4.1952e-16 0.3433
7.7561e-16 0.2838
2.2259e-15 0.2791
5.1491e-15 0.3325
6.7712e-15 0.2005
8.9638e-15 0.1223
1.0857e-14 0.1299
1.0498e-14 0.2263
0.0000e+00 1.0000
0.0000e+00 1.0000
7.9062e-16 0.3367
1.2344e-15 0.2772
1.0719e-15 0.3210
7.4457e-16 0.3425
7.8276e-16 0.3021
1.1738e-15 0.3272
6.7849e-16 0.3705
6.4379e-16 0.4610
0.0000e+00 1.0000
1.0524e-15 0.3557
8.5529e-16 0.3318
1.6915e-15 0.3112
1.9977e-15 0.2488
2.4014e-15 0.3975
2.3804e-15 0.3092
2.0874e-15 0.3413
0.0000e+00 1.0000
1.3676e-15 0.4886
1.1016e-15 0.2884
9.8080e-16 0.2529
1.4495e-15 0.3140
2.6562e-15 0.2361
2.6139e-15 0.1964
2.9221e-15 0.2360
2.1389e-15 0.2573
5.0908e-16 0.3805
8.7298e-16 0.2539
7.4427e-16 0.3330
1.2507e-15 0.2397
4.8471e-15 0.3972
4.3632e-15 0.2046
5.6557e-15 0.1791
5.7068e-15 0.1903
4.2379e-15 0.1947
3.9592e-16 0.4923
6.0964e-16 0.3589
1.4307e-15 0.3316
1.1534e-15 0.2939
4.1366e-15 0.2602
5.4346e-15 0.1925
1.0701e-14 0.1466
1.2173e-14 0.1402
9.4626e-15 0.1627
6.4675e-16 0.3516
1.1420e-15 0.2463
7.5919e-16 0.3744
2.4594e-15 0.2629
5.0703e-15 0.1894
1.0661e-14 0.1926
1.8190e-14 0.1151
2.8570e-14 0.1050
1.9717e-14 0.1203
9.0242e-16 0.3623
1.1462e-15 0.3361
2.1507e-15 0.3117
3.7872e-15 0.2796
4.5875e-15 0.2330
1.0420e-14 0.1479
2.2066e-14 0.0928
3.7903e-14 0.0867
2.6684e-14 0.0939
3.6483e-16 0.4777
6.3070e-16 0.2751
1.2779e-15 0.2601
2.5593e-15 0.2554
4.6281e-15 0.2032
8.6015e-15 0.1341
1.7646e-14 0.1160
3.3408e-14 0.1068
2.2320e-14 0.1223
3.2069e-16 0.4041
9.2317e-16 0.2919
1.1812e-15 0.2590
2.7673e-15 0.2801
6.7144e-15 0.2303
7.4825e-15 0.1945
8.8977e-15 0.1542
1.2159e-14 0.1479
1.0418e-14 0.1774
0.0000e+00 1.0000
0.0000e+00 1.0000
7.4968e-16 0.2980
1.4603e-15 0.2805
2.5699e-16 0.4529
1.4264e-15 0.3798
5.7575e-16 0.4755
8.3651e-16 0.2923
1.0024e-15 0.4814
2.2933e-16 0.4590
6.0133e-16 0.4893
5.9348e-16 0.3085
1.2842e-15 0.3306
3.2389e-15 0.3289
2.3644e-15 0.2715
2.6074e-15 0.3029
1.5075e-15 0.2128
1.7060e-15 0.2961
1.8995e-16 0.4043
7.0958e-16 0.2818
6.2309e-16 0.3595
6.5754e-16 0.2743
1.8112e-15 0.4064
2.4455e-15 0.2281
3.2160e-15 0.2119
3.7639e-15 0.2219
3.1232e-15 0.2745
8.6864e-16 0.3896
1.3720e-15 0.3705
7.5522e-16 0.3155
1.7349e-15 0.2774
3.5393e-15 0.2727
4.5603e-15 0.2422
4.9497e-15 0.2256
6.1662e-15 0.1880
3.3513e-15 0.1939
0.0000e+00 1.0000
7.7811e-16 0.2576
7.7189e-16 0.3348
1.8949e-15 0.3352
3.2833e-15 0.2468
6.6137e-15 0.2047
1.0835e-14 0.1472
9.8217e-15 0.1496
9.3382e-15 0.1547
5.8968e-16 0.3100
1.6302e-15 0.4341
8.0146e-16 0.2688
1.9224e-15 0.2723
4.1894e-15 0.1822
1.0325e-14 0.1539
1.8151e-14 0.1266
2.2852e-14 0.1178
1.5797e-14 0.1604
0.0000e+00 1.0000
0.0000e+00 1.0000
3.0413e-15 0.2840
3.9540e-15 0.2094
5.0785e-15 0.1805
1.1999e-14 0.1742
2.4831e-14 0.1207
3.2210e-14 0.0915
2.2457e-14 0.1049
5.6151e-16 0.4353
6.8312e-16 0.3377
1.1068e-15 0.2765
2.5691e-15 0.3158
3.5051e-15 0.2186
8.7373e-15 0.1500
1.7685e-14 0.1383
2.8443e-14 0.1022
1.6060e-14 0.1198
6.7605e-16 0.3268
7.5870e-16 0.2775
1.2676e-15 0.3351
3.7421e-15 0.2435
3.0688e-15 0.1792
7.7363e-15 0.1955
6.8925e-15 0.1568
1.3603e-14 0.1514
9.1578e-15 0.1498
0.0000e+00 1.0000
4.4701e-16 0.3220
6.7418e-16 0.3774
1.6087e-15 0.3542
9.2081e-16 0.3701
2.6634e-15 0.3554
1.0119e-15 0.2888
1.4618e-15 0.2904
1.0160e-15 0.2824
0.0000e+00 1.0000
4.9218e-16 0.4137
6.7507e-16 0.3680
7.5061e-16 0.2756
1.3380e-15 0.4228
2.3782e-15 0.3568
2.2821e-15 0.3460
2.9995e-15 0.2860
1.9507e-15 0.3112
0.0000e+00 1.0000
7.7060e-16 0.3162
1.2383e-15 0.3699
1.1021e-15 0.2797
1.1743e-15 0.2363
2.3973e-15 0.2552
2.2051e-15 0.2641
3.9063e-15 0.2367
2.9643e-15 0.3373
7.0082e-16 0.2505
9.1511e-16 0.3494
6.0858e-16 0.2955
3.6701e-15 0.3874
2.2638e-15 0.2739
3.3788e-15 0.1968
4.6906e-15 0.2578
5.9584e-15 0.1850
2.6498e-15 0.1897
5.2022e-16 0.4308
4.8948e-16 0.2967
9.4195e-16 0.2689
2.4759e-15 0.2895
3.0188e-15 0.3391
4.8920e-15 0.1838
1.0371e-14 0.1666
1.0181e-14 0.1425
7.7795e-15 0.1455
9.0204e-16 0.3566
0.0000e+00 1.0000
1.2335e-15 0.2491
1.6708e-15 0.2243
3.9772e-15 0.2586
9.4154e-15 0.1778
1.6852e-14 0.1411
1.5877e-14 0.1151
1.2478e-14 0.1467
1.0021e-15 0.3243
9.5078e-16 0.2398
2.0271e-15 0.2499
3.3109e-15 0.2337
5.9546e-15 0.2501
1.3439e-14 0.1707
1.8508e-14 0.1188
2.4748e-14 0.1035
1.8712e-14 0.1365
4.2658e-16 0.4015
8.2218e-16 0.3136
1.3678e-15 0.2872
1.4500e-15 0.2100
3.5240e-15 0.1875
6.2969e-15 0.1595
1.4137e-14 0.1496
1.9742e-14 0.1024
1.7598e-14 0.1447
2.6475e-16 0.3351
1.2407e-15 0.3019
1.7337e-15 0.3786
2.5597e-15 0.2531
4.0838e-15 0.2092
7.0204e-15 0.2129
5.4999e-15 0.1494
1.0388e-14 0.1761
9.9906e-15 0.1564
4.7131e-16 0.4162
2.5114e-16 0.4106
4.2877e-16 0.4738
1.5250e-15 0.3865
1.5743e-15 0.4179
1.0079e-15 0.2936
1.1456e-15 0.2905
1.6540e-15 0.4293
1.9748e-15 0.3731
0.0000e+00 1.0000
7.2647e-16 0.3790
4.3942e-16 0.2829
9.2985e-16 0.2804
1.4843e-15 0.3105
2.0533e-15 0.3073
1.8217e-15 0.2883
1.4732e-15 0.3363
1.6769e-15 0.3007
2.9810e-16 0.4042
1.5691e-16 0.4384
0.0000e+00 1.0000
2.1689e-15 0.3741
2.9814e-15 0.3219
2.2127e-15 0.2241
3.7057e-15 0.2561
2.8426e-15 0.2266
1.8089e-15 0.2429
8.8901e-16 0.4622
5.7317e-16 0.2994
1.8538e-15 0.4789
2.1460e-15 0.3334
2.1794e-15 0.2470
3.4219e-15 0.2174
4.1846e-15 0.2044
5.5002e-15 0.2766
3.6533e-15 0.1972
3.5022e-16 0.4086
9.5075e-16 0.3951
1.7803e-15 0.3373
2.1131e-15 0.2654
2.4679e-15 0.2860
8.3473e-15 0.2027
7.6063e-15 0.2554
1.2294e-14 0.1802
8.6915e-15 0.1690
1.3965e-15 0.4432
7.6634e-16 0.2998
1.5873e-15 0.2859
1.4636e-15 0.3074
3.3184e-15 0.1801
8.0518e-15 0.2085
1.4193e-14 0.1486
1.5559e-14 0.1488
1.4128e-14 0.1592
1.1994e-15 0.4087
6.4344e-16 0.2666
3.0821e-15 0.3144
5.5353e-15 0.2715
5.3356e-15 0.2065
1.0362e-14 0.1697
1.6207e-14 0.1421
2.2972e-14 0.1151
1.6531e-14 0.1304
6.1360e-16 0.3787
9.9125e-16 0.2873
1.7145e-15 0.2778
2.5215e-15 0.2598
3.4893e-15 0.1678
8.3617e-15 0.1887
1.2446e-14 0.1386
2.3079e-14 0.1136
1.3604e-14 0.1437
9.5580e-16 0.3870
1.3549e-15 0.3156
1.5183e-15 0.3198
3.8476e-15 0.3198
3.4312e-15 0.2646
4.4326e-15 0.2007
6.1835e-15 0.1663
9.3017e-15 0.1728
8.8255e-15 0.1540
0.0000e+00 1.0000
1.4047e-16 0.4721
5.7813e-16 0.4713
3.1088e-16 0.4128
9.3946e-16 0.3252
1.3259e-15 0.3545
1.1004e-15 0.3488
1.3751e-15 0.4585
2.2939e-15 0.4486
2.0957e-16 0.4691
0.0000e+00 1.0000
5.9451e-16 0.4077
8.6458e-16 0.2505
1.6517e-15 0.4403
1.4224e-15 0.2557
1.7391e-15 0.2611
2.3169e-15 0.2956
9.4955e-16 0.4451
5.6092e-16 0.4783
4.6737e-16 0.3713
1.9153e-15 0.4309
1.2823e-15 0.2983
1.4990e-15 0.2477
2.3136e-15 0.2777
2.3308e-15 0.2263
2.7223e-15 0.2651
3.2113e-15 0.2779
5.0887e-16 0.3684
4.8788e-16 0.3945
1.5962e-15 0.2763
1.0482e-15 0.3040
1.9833e-15 0.2847
2.9102e-15 0.2459
4.7923e-15 0.1788
4.3237e-15 0.2377
4.1593e-15 0.2377
2.7047e-16 0.3649
6.4106e-16 0.2987
7.3450e-16 0.3450
1.7391e-15 0.2042
3.5616e-15 0.2388
4.8597e-15 0.2496
5.6713e-15 0.1733
7.9932e-15 0.1847
7.1822e-15 0.1946
9.2605e-16 0.3265
4.5547e-16 0.2961
1.0446e-15 0.2944
2.4163e-15 0.3058
4.4689e-15 0.2625
6.4879e-15 0.2133
1.0833e-14 0.1572
1.2707e-14 0.1542
1.1801e-14 0.1573
1.3519e-15 0.4334
1.8979e-15 0.4684
2.0205e-15 0.3328
2.6355e-15 0.2301
4.4763e-15 0.2297
9.2730e-15 0.1595
1.3702e-14 0.1256
1.9208e-14 0.1379
1.7501e-14 0.1386
6.5737e-16 0.3431
1.9339e-15 0.3667
1.2831e-15 0.3424
1.2493e-15 0.2065
4.0078e-15 0.2084
7.1431e-15 0.2071
1.0330e-14 0.1378
1.6452e-14 0.1226
1.4863e-14 0.1508
1.8013e-15 0.3976
8.9515e-16 0.3091
1.7788e-15 0.3471
2.5575e-15 0.4235
5.2638e-15 0.2851
3.7193e-15 0.2435
6.0493e-15 0.1961
9.2263e-15 0.1934
9.0913e-15 0.1773
2.7378e-16 0.3831
1.6126e-16 0.4268
3.3171e-16 0.3860
4.3725e-16 0.3871
1.6141e-15 0.4372
1.4071e-15 0.3611
1.9308e-15 0.3070
1.2525e-15 0.3703
7.3935e-16 0.2993
2.6466e-16 0.4198
6.6628e-16 0.4519
5.1165e-16 0.3891
8.5743e-16 0.3075
1.5933e-15 0.2882
1.3711e-15 0.2210
1.2325e-15 0.3031
2.5480e-15 0.3569
1.6640e-15 0.3322
3.0863e-16 0.3492
4.6757e-16 0.4161
2.4828e-15 0.3377
2.1424e-15 0.3107
8.1333e-16 0.2381
1.6086e-15 0.2553
1.7251e-15 0.3351
3.1340e-15 0.2687
2.4778e-15 0.2148
4.2180e-16 0.4426
0.0000e+00 1.0000
1.6551e-15 0.4691
1.5860e-15 0.4424
2.1616e-15 0.2711
3.2572e-15 0.2651
6.3151e-15 0.2341
5.9317e-15 0.2203
4.6334e-15 0.2370
4.2651e-16 0.3436
1.0703e-15 0.3302
1.5826e-15 0.3992
1.2903e-15 0.2804
4.1055e-15 0.2546
5.1721e-15 0.1979
6.1073e-15 0.2057
8.6650e-15 0.1813
6.2572e-15 0.1634
5.1460e-16 0.3720
7.4236e-16 0.3884
1.8149e-15 0.4033
1.9904e-15 0.2162
4.0499e-15 0.2195
3.9839e-15 0.2429
1.0805e-14 0.1686
1.0680e-14 0.1660
8.4664e-15 0.1633
0.0000e+00 1.0000
1.0076e-15 0.3616
1.9707e-15 0.2798
4.3623e-15 0.2700
3.6332e-15 0.2442
7.9173e-15 0.1934
1.3110e-14 0.1363
1.5760e-14 0.1393
1.4707e-14 0.1445
5.9669e-16 0.2876
8.5331e-16 0.3092
3.0305e-15 0.3558
1.9446e-15 0.2695
3.9147e-15 0.2306
4.7927e-15 0.1991
8.8362e-15 0.1482
1.2857e-14 0.1422
1.1925e-14 0.1585
6.6193e-16 0.3754
1.0854e-15 0.4574
5.4540e-16 0.2710
1.0416e-15 0.2481
2.8327e-15 0.2847
3.3761e-15 0.2019
8.6372e-15 0.2047
8.1011e-15 0.1709
8.6031e-15 0.1741
1.3186e-16 0.4544
0.0000e+00 1.0000
3.2707e-16 0.3913
6.7007e-16 0.2651
1.4840e-15 0.3018
2.1080e-15 0.3476
1.3314e-15 0.3546
1.0311e-15 0.4022
0.0000e+00 1.0000
4.1358e-16 0.4593
0.0000e+00 1.0000
6.6082e-16 0.3603
0.0000e+00 1.0000
1.1425e-15 0.3462
1.4139e-15 0.3992
1.3106e-15 0.2976
1.9746e-15 0.3010
2.3869e-15 0.2549
4.6340e-16 0.3871
1.7872e-16 0.3373
2.6506e-15 0.3653
1.0196e-15 0.3603
1.8669e-15 0.4059
3.0571e-15 0.2801
2.3805e-15 0.2641
3.1964e-15 0.2772
2.0648e-15 0.2523
5.4581e-16 0.4022
8.1122e-16 0.3287
1.7850e-15 0.4207
1.9867e-15 0.3893
2.2730e-15 0.2651
3.6915e-15 0.2950
6.0778e-15 0.2089
4.5905e-15 0.2557
3.7498e-15 0.1819
3.7249e-16 0.3145
9.4180e-16 0.4582
1.3531e-15 0.2586
6.2505e-16 0.2496
3.7440e-15 0.2514
6.6618e-15 0.2544
5.9298e-15 0.2875
8.6597e-15 0.1691
6.4754e-15 0.2073
5.0242e-16 0.4335
1.1750e-15 0.3278
1.0179e-15 0.2579
2.1618e-15 0.2440
4.6243e-15 0.2526
7.5942e-15 0.2432
7.5081e-15 0.1590
9.1940e-15 0.1855
1.2065e-14 0.1827
2.6518e-16 0.4862
0.0000e+00 1.0000
2.3966e-15 0.2987
4.3527e-15 0.2790
4.7146e-15 0.2874
6.1518e-15 0.2000
1.0685e-14 0.1841
1.4672e-14 0.1636
1.2063e-14 0.1501
0.0000e+00 1.0000
2.7305e-15 0.4278
1.4047e-15 0.3076
1.9259e-15 0.2491
2.8424e-15 0.2649
7.4512e-15 0.2033
8.7203e-15 0.1788
1.0429e-14 0.1821
9.6836e-15 0.1822
4.5617e-16 0.3219
1.6305e-15 0.3241
1.2471e-15 0.4224
1.1149e-15 0.4209
4.9470e-15 0.2797
4.0322e-15 0.2935
6.8037e-15 0.1643
8.3439e-15 0.1638
8.5779e-15 0.1920
4.5698e-16 0.4607
0.0000e+00 1.0000
4.2060e-16 0.4035
1.6111e-15 0.4233
7.3668e-16 0.3344
1.4397e-15 0.3047
1.3491e-15 0.3196
1.1920e-15 0.3201
0.0000e+00 1.0000
2.8757e-16 0.4271
1.2128e-15 0.4585
1.0330e-15 0.4235
1.6254e-15 0.3597
1.2001e-15 0.2806
1.2343e-15 0.2810
1.2405e-15 0.3325
2.2960e-15 0.3873
1.6846e-15 0.2378
4.5066e-16 0.3980
0.0000e+00 1.0000
1.4353e-15 0.4332
8.9345e-16 0.2543
1.4660e-15 0.3596
3.2899e-15 0.3543
2.5441e-15 0.4269
6.0658e-15 0.3253
1.0323e-15 0.2560
3.8477e-16 0.3735
3.7852e-16 0.3315
8.0973e-16 0.4727
2.4442e-15 0.4171
3.0221e-15 0.3186
2.9781e-15 0.2442
4.6216e-15 0.2136
4.8370e-15 0.2423
4.9530e-15 0.2300
2.9172e-16 0.3381
7.2056e-16 0.3845
1.3633e-15 0.3381
7.1817e-16 0.2281
3.0965e-15 0.3349
3.5798e-15 0.2150
4.6726e-15 0.2281
6.4946e-15 0.2052
6.1672e-15 0.2319
5.2317e-16 0.3585
0.0000e+00 1.0000
1.1451e-15 0.2890
2.4867e-15 0.3573
3.3508e-15 0.1995
6.3960e-15 0.1922
9.1803e-15 0.1829
8.9201e-15 0.1828
9.0931e-15 0.1934
9.4129e-16 0.3885
1.9032e-15 0.3864
1.8362e-15 0.3202
4.8700e-15 0.3655
4.2603e-15 0.2945
5.4080e-15 0.1805
1.1877e-14 0.1925
1.6346e-14 0.1654
1.1191e-14 0.1763
1.1334e-15 0.4079
6.2402e-16 0.3769
1.4163e-15 0.2900
1.8964e-15 0.3965
4.6272e-15 0.2408
7.4902e-15 0.2139
6.3316e-15 0.2204
9.9954e-15 0.1482
1.1011e-14 0.1620
5.5848e-16 0.4394
4.5100e-16 0.3299
6.5162e-16 0.3253
9.4986e-16 0.3216
2.3544e-15 0.3438
2.8587e-15 0.2199
6.6049e-15 0.2056
9.0653e-15 0.2055
7.0683e-15 0.2249
4.0086e-16 0.3739
0.0000e+00 1.0000
0.0000e+00 1.0000
6.0186e-16 0.4478
7.4423e-16 0.4059
4.0893e-16 0.3630
1.5455e-15 0.3588
1.1719e-15 0.3040
1.4753e-15 0.3660
5.6030e-16 0.4054
0.0000e+00 1.0000
7.4889e-16 0.3791
6.8273e-16 0.3671
1.8502e-15 0.3761
2.3197e-15 0.4892
1.5352e-15 0.2917
2.0386e-15 0.3795
1.2452e-15 0.2470
4.4115e-16 0.4281
1.3297e-15 0.4091
1.5718e-15 0.4199
1.2362e-15 0.3911
1.4202e-15 0.2991
1.9566e-15 0.2975
3.2640e-15 0.3161
1.4757e-15 0.3240
2.7814e-15 0.3141
3.4557e-16 0.3486
1.0064e-15 0.4297
1.0981e-15 0.4060
1.3410e-15 0.3069
2.8175e-15 0.2825
2.1613e-15 0.2633
3.8776e-15 0.2095
3.4813e-15 0.2144
3.9653e-15 0.2678
5.5738e-16 0.3336
0.0000e+00 1.0000
7.9424e-16 0.2998
1.4363e-15 0.2867
3.8666e-15 0.3805
5.0592e-15 0.2476
6.5446e-15 0.2332
6.5110e-15 0.2282
6.9059e-15 0.2258
5.7284e-16 0.4653
8.5425e-16 0.4201
2.3435e-15 0.3410
3.5841e-15 0.2571
3.8028e-15 0.2699
7.7066e-15 0.2117
6.9333e-15 0.1777
1.1922e-14 0.1785
5.8407e-15 0.1661
1.3106e-15 0.3173
1.4697e-15 0.2947
1.4626e-15 0.3357
2.5446e-15 0.2723
4.5773e-15 0.2696
8.7406e-15 0.2225
8.8196e-15 0.1751
1.3942e-14 0.1658
1.3016e-14 0.1633
0.0000e+00 1.0000
1.1129e-15 0.3837
1.4908e-15 0.3663
1.1223e-15 0.2701
4.5776e-15 0.2542
6.0770e-15 0.1967
5.9656e-15 0.2998
1.0764e-14 0.1667
8.5656e-15 0.2032
9.7589e-16 0.4248
5.1239e-16 0.3310
9.1423e-16 0.3197
1.8647e-15 0.3368
1.8398e-15 0.2547
3.2240e-15 0.3013
7.1946e-15 0.1845
8.5921e-15 0.1802
7.2036e-15 0.2489
0.0000e+00 1.0000
0.0000e+00 1.0000
0.0000e+00 1.0000
7.4391e-16 0.3726
6.3932e-16 0.3698
4.7151e-16 0.3760
1.3718e-15 0.3884
4.3009e-16 0.3802
9.1039e-16 0.3261
7.0782e-16 0.4853
0.0000e+00 1.0000
1.2375e-15 0.4356
9.6053e-16 0.3102
1.8015e-15 0.3337
1.0728e-15 0.3625
0.0000e+00 1.0000
1.3842e-15 0.3785
1.0509e-15 0.3017
4.7183e-16 0.4679
0.0000e+00 1.0000
1.7070e-15 0.4300
1.4646e-15 0.3487
2.1925e-15 0.3474
1.6235e-15 0.3302
2.5722e-15 0.2817
2.3175e-15 0.2390
2.4348e-15 0.2678
6.3777e-16 0.4434
9.8519e-16 0.3118
1.0471e-15 0.2812
0.0000e+00 1.0000
3.2068e-15 0.3323
1.8862e-15 0.2883
4.0736e-15 0.3115
4.4233e-15 0.2380
3.9154e-15 0.2406
0.0000e+00 1.0000
6.7394e-16 0.3913
4.6143e-16 0.2927
1.0765e-15 0.2665
3.2167e-15 0.3240
3.9255e-15 0.2017
4.0372e-15 0.2380
4.7727e-15 0.2189
3.8798e-15 0.2679
6.8478e-16 0.4482
9.7017e-16 0.3308
1.7142e-15 0.2835
1.7050e-15 0.3067
3.8745e-15 0.2355
5.0552e-15 0.2556
5.7210e-15 0.2069
7.7221e-15 0.2380
5.8111e-15 0.2013
9.9966e-16 0.3841
1.3898e-15 0.3729
2.6274e-15 0.3307
3.5710e-15 0.3583
4.4739e-15 0.3083
4.6909e-15 0.2339
9.3087e-15 0.2004
1.0092e-14 0.1664
9.2862e-15 0.1718
0.0000e+00 1.0000
6.0014e-16 0.4903
1.1709e-15 0.3029
2.7662e-15 0.2545
5.5329e-15 0.2424
5.6354e-15 0.2431
5.7042e-15 0.2164
9.0185e-15 0.1898
1.0781e-14 0.1548
3.4728e-16 0.4474
4.0136e-16 0.3283
1.1887e-15 0.2888
2.1181e-15 0.3741
2.7489e-15 0.2582
3.5825e-15 0.2286
4.7741e-15 0.2508
8.9349e-15 0.1860
8.4714e-15 0.2567
0.0000e+00 1.0000
0.0000e+00 1.0000
0.0000e+00 1.0000
6.0961e-16 0.3144
7.3726e-16 0.2572
6.4776e-16 0.4163
1.2922e-15 0.4337
0.0000e+00 1.0000
1.2692e-15 0.2899
0.0000e+00 1.0000
1.2838e-16 0.4756
8.5029e-16 0.4729
0.0000e+00 1.0000
1.5558e-15 0.3219
2.2558e-15 0.3461
8.5477e-16 0.3647
1.7713e-15 0.4953
1.1853e-15 0.2977
0.0000e+00 1.0000
7.9949e-16 0.4527
2.1291e-15 0.4612
0.0000e+00 1.0000
2.1683e-15 0.4062
1.8396e-15 0.3124
2.9786e-15 0.2334
3.8392e-15 0.3150
2.6549e-15 0.2707
8.3253e-16 0.4840
3.4829e-16 0.3080
1.0210e-15 0.3778
1.5114e-15 0.2694
3.0571e-15 0.3280
2.7597e-15 0.3616
2.8039e-15 0.2545
2.1811e-15 0.2517
3.5577e-15 0.2551
3.0671e-16 0.3591
8.7515e-16 0.3689
7.6099e-16 0.2932
2.9062e-15 0.3434
1.9621e-15 0.3197
6.4919e-15 0.2684
5.2264e-15 0.2537
4.3855e-15 0.2077
5.6564e-15 0.2647
7.0528e-16 0.4226
1.2508e-15 0.3913
8.1873e-16 0.3013
2.3382e-15 0.3246
2.7690e-15 0.2453
5.4482e-15 0.2430
6.8250e-15 0.2613
7.3778e-15 0.1931
7.1426e-15 0.2206
1.2237e-15 0.4329
1.3215e-15 0.3999
1.0084e-15 0.3260
3.6347e-15 0.4039
5.0255e-15 0.2960
4.7586e-15 0.2163
8.8124e-15 0.1832
8.5815e-15 0.1782
8.8703e-15 0.1862
0.0000e+00 1.0000
4.2373e-16 0.3544
1.0233e-15 0.3478
3.2769e-15 0.2723
4.1931e-15 0.2244
5.1600e-15 0.2132
4.6086e-15 0.2484
6.5423e-15 0.2172
7.0653e-15 0.1874
0.0000e+00 1.0000
1.0114e-15 0.3159
8.1753e-16 0.3981
1.5856e-15 0.3005
3.5788e-15 0.3092
4.1500e-15 0.2702
4.5567e-15 0.2102
8.4594e-15 0.1756
6.1010e-15 0.2551
