     9      9     20
d_kernel   u_kernel

0.0000e+00 1.0000
2.3737e-16 0.3842
3.4060e-16 0.4539
0.0000e+00 1.0000
1.1505e-15 0.4030
0.0000e+00 1.0000
3.0816e-16 0.3571
8.4779e-16 0.3122
6.4767e-16 0.3391
3.8094e-16 0.4349
4.6881e-16 0.4416
5.7966e-16 0.4731
3.6981e-16 0.4746
5.4432e-16 0.3173
8.2141e-16 0.2831
5.7775e-16 0.3628
1.0050e-15 0.3128
1.5481e-15 0.3580
0.0000e+00 1.0000
0.0000e+00 1.0000
0.0000e+00 1.0000
1.1186e-15 0.2910
7.0166e-16 0.3561
8.7762e-16 0.2853
1.2537e-15 0.2466
1.4137e-15 0.3336
2.7925e-15 0.3563
4.9082e-16 0.3689
8.5575e-16 0.2908
8.9670e-16 0.3624
5.2097e-16 0.3948
8.5005e-16 0.3068
1.0935e-14 0.1929
1.4788e-13 0.0652
3.2160e-13 0.0452
1.4608e-13 0.0645
4.3654e-16 0.4975
7.2628e-16 0.3409
1.0708e-15 0.3970
1.7223e-15 0.2934
1.3612e-14 0.1872
6.1097e-13 0.0343
3.0337e-12 0.0163
4.4330e-12 0.0135
2.9104e-12 0.0165
1.1782e-16 0.4863
3.6897e-16 0.3564
6.2891e-16 0.3603
1.6856e-15 0.2809
1.4148e-13 0.0654
2.9489e-12 0.0165
8.3245e-12 0.0099
1.6289e-11 0.0067
8.3220e-12 0.0099
3.4889e-16 0.4191
3.3092e-16 0.3169
1.0199e-15 0.3167
9.5517e-16 0.2484
2.9224e-13 0.0469
4.4742e-12 0.0135
1.6542e-11 0.0066
1.2809e-09 0.0002
1.6339e-11 0.0067
1.6430e-16 0.4378
3.5397e-16 0.3279
9.5271e-16 0.3826
9.2043e-16 0.3613
1.6127e-13 0.0613
3.0349e-12 0.0161
8.3073e-12 0.0099
1.6015e-11 0.0067
8.4428e-12 0.0098
0.0000e+00 1.0000
0.0000e+00 1.0000
9.7477e-16 0.3508
1.1122e-15 0.3312
6.7502e-15 0.2234
6.0138e-13 0.0344
3.0422e-12 0.0163
4.3852e-12 0.0136
2.8894e-12 0.0167
3.5539e-16 0.3925
5.2515e-16 0.3665
5.4300e-16 0.4828
1.3740e-16 0.4629
9.0169e-16 0.3689
4.9136e-16 0.4173
7.7426e-16 0.2959
2.1692e-15 0.3268
5.3285e-16 0.3711
0.0000e+00 1.0000
4.0406e-16 0.3963
6.6799e-16 0.4029
3.6430e-16 0.4743
7.7475e-16 0.3748
1.2574e-15 0.2773
1.2557e-15 0.2772
1.8366e-15 0.3155
1.1249e-15 0.2828
3.3506e-16 0.3354
0.0000e+00 1.0000
2.6923e-16 0.3909
1.0690e-15 0.3347
1.0440e-15 0.3474
1.7261e-15 0.2482
1.3993e-15 0.2339
2.8453e-15 0.2844
1.8840e-15 0.2458
2.8998e-16 0.4267
8.0344e-16 0.3313
1.1986e-15 0.4844
1.0665e-15 0.4780
2.1986e-15 0.2561
1.3235e-14 0.1739
1.7799e-13 0.0562
4.7335e-13 0.0361
2.1040e-13 0.0526
5.9993e-16 0.4161
3.7638e-16 0.3221
9.7985e-16 0.3080
2.5780e-15 0.3674
9.4149e-15 0.1971
1.0227e-12 0.0260
6.1880e-12 0.0115
9.8065e-12 0.0092
6.1882e-12 0.0115
1.7131e-16 0.4436
4.2761e-16 0.4484
3.1466e-16 0.3526
1.4417e-15 0.2549
2.0161e-13 0.0532
6.2376e-12 0.0115
2.5279e-11 0.0058
6.7731e-11 0.0032
2.5345e-11 0.0058
2.9914e-16 0.4806
9.4263e-16 0.3149
8.5690e-16 0.3108
1.5676e-15 0.2628
4.5365e-13 0.0361
1.0049e-11 0.0091
6.8147e-11 0.0032
1.1999e-09 0.0003
6.8002e-11 0.0032
0.0000e+00 1.0000
0.0000e+00 1.0000
1.0595e-15 0.2426
3.2304e-15 0.3781
2.0481e-13 0.0519
6.2941e-12 0.0114
2.5581e-11 0.0058
6.8184e-11 0.0032
2.5567e-11 0.0057
4.1447e-16 0.3749
4.6578e-16 0.3937
2.5396e-15 0.2853
3.3679e-15 0.3532
1.5586e-14 0.1676
1.0429e-12 0.0256
6.1594e-12 0.0115
9.8899e-12 0.0091
6.2210e-12 0.0115
1.6160e-16 0.4012
7.0632e-16 0.4338
7.8075e-16 0.4983
8.6764e-16 0.4717
4.0809e-16 0.3076
6.3057e-16 0.3576
0.0000e+00 1.0000
7.0163e-16 0.3449
5.0802e-16 0.4645
0.0000e+00 1.0000
0.0000e+00 1.0000
4.8068e-16 0.3644
8.7830e-16 0.4788
6.1487e-16 0.3806
1.5395e-15 0.2541
1.6680e-15 0.4010
1.5155e-15 0.3252
9.0828e-16 0.3174
4.4837e-16 0.3566
5.5362e-16 0.3988
3.6626e-16 0.3222
1.4334e-15 0.3234
1.1168e-15 0.3088
1.5648e-15 0.2360
2.3054e-15 0.2379
3.2976e-15 0.2381
3.2445e-15 0.3717
8.0113e-16 0.3811
1.2113e-15 0.4542
0.0000e+00 1.0000
1.1206e-15 0.3685
2.8511e-15 0.2840
7.9156e-15 0.1944
2.0185e-13 0.0515
5.3115e-13 0.0329
1.9551e-13 0.0518
6.4090e-16 0.4148
1.0154e-15 0.2542
7.2430e-16 0.3303
2.4022e-15 0.2751
9.9337e-15 0.1941
1.3312e-12 0.0223
1.0332e-11 0.0088
1.7859e-11 0.0068
1.0341e-11 0.0088
0.0000e+00 1.0000
4.7728e-16 0.4018
5.3299e-16 0.2843
1.3215e-15 0.2362
2.0453e-13 0.0500
1.0240e-11 0.0089
5.7501e-11 0.0038
1.4586e-10 0.0022
5.7357e-11 0.0038
0.0000e+00 1.0000
3.4319e-16 0.4039
8.7951e-16 0.2528
1.6042e-15 0.1886
5.3747e-13 0.0325
1.7911e-11 0.0068
1.4597e-10 0.0022
8.6813e-10 0.0005
1.4558e-10 0.0022
5.9324e-16 0.3123
1.4302e-15 0.4846
1.8925e-15 0.4315
2.2621e-15 0.4039
2.1588e-13 0.0494
1.0409e-11 0.0088
5.7637e-11 0.0038
1.4586e-10 0.0022
5.7363e-11 0.0038
0.0000e+00 1.0000
9.3517e-16 0.3198
1.5813e-15 0.3520
2.9318e-15 0.3776
1.2257e-14 0.1838
1.3552e-12 0.0221
1.0234e-11 0.0089
1.8153e-11 0.0068
1.0414e-11 0.0088
0.0000e+00 1.0000
6.3760e-16 0.3586
3.4602e-16 0.4095
0.0000e+00 1.0000
1.4006e-15 0.4467
5.4164e-16 0.3443
8.8141e-16 0.2698
1.4618e-15 0.4723
5.2190e-16 0.3395
0.0000e+00 1.0000
4.7519e-16 0.3131
6.3597e-16 0.4098
5.6055e-16 0.3227
0.0000e+00 1.0000
9.0164e-16 0.3107
5.5769e-16 0.2709
1.2488e-15 0.3732
6.7974e-16 0.3347
1.0293e-15 0.4920
0.0000e+00 1.0000
5.7926e-16 0.4026
5.1738e-16 0.3783
1.0423e-15 0.2798
9.5395e-16 0.2864
1.5937e-15 0.2355
1.7213e-15 0.2019
1.6228e-15 0.2342
6.9574e-16 0.3831
6.2876e-16 0.2997
1.0000e-15 0.3607
1.8184e-15 0.3623
1.0860e-15 0.2458
6.4683e-15 0.2232
1.3475e-13 0.0589
3.9723e-13 0.0364
1.3055e-13 0.0608
4.3783e-16 0.4085
1.6100e-15 0.3809
1.7744e-15 0.2738
1.6407e-15 0.2318
6.2134e-15 0.2267
1.1503e-12 0.0228
1.2409e-11 0.0078
2.3630e-11 0.0058
1.2402e-11 0.0078
6.9595e-16 0.4794
1.2089e-15 0.4589
1.3443e-15 0.3025
2.3816e-15 0.2526
1.2641e-13 0.0614
1.2245e-11 0.0079
8.2619e-11 0.0031
1.7764e-10 0.0020
8.2275e-11 0.0031
0.0000e+00 1.0000
7.3059e-16 0.3939
1.3089e-15 0.3092
2.8723e-15 0.2934
3.8140e-13 0.0373
2.3699e-11 0.0058
1.7743e-10 0.0020
5.4957e-10 0.0008
1.7740e-10 0.0020
9.2736e-16 0.3691
7.5690e-16 0.3358
2.1800e-15 0.2331
2.5226e-15 0.2464
1.2804e-13 0.0595
1.2573e-11 0.0078
8.2612e-11 0.0031
1.7722e-10 0.0020
8.2312e-11 0.0031
1.1409e-15 0.4541
2.1051e-15 0.3863
2.2492e-15 0.3090
4.5862e-15 0.3114
7.0962e-15 0.1749
1.1809e-12 0.0226
1.2327e-11 0.0079
2.3530e-11 0.0058
1.2463e-11 0.0078
0.0000e+00 1.0000
1.9182e-16 0.4872
2.8388e-16 0.3241
5.0682e-16 0.3477
1.2692e-15 0.4649
6.1957e-16 0.3876
1.5110e-15 0.3620
1.1519e-15 0.3720
6.2449e-16 0.2629
4.1721e-16 0.4419
5.5958e-16 0.3152
4.1525e-16 0.3495
6.4660e-16 0.2996
0.0000e+00 1.0000
1.1096e-15 0.3213
9.4297e-16 0.2912
1.5156e-15 0.2359
8.2507e-16 0.2594
2.4350e-16 0.4205
4.0248e-16 0.4766
6.9526e-16 0.4657
5.9987e-16 0.3735
1.0211e-15 0.2588
2.9777e-15 0.3582
2.3469e-15 0.2544
3.5319e-15 0.2866
2.5224e-15 0.2931
8.9440e-16 0.4164
5.8034e-16 0.3335
1.2304e-15 0.3173
1.7217e-15 0.3820
2.4565e-15 0.3659
4.3458e-15 0.1552
3.5187e-14 0.1036
1.3324e-13 0.0569
3.3526e-14 0.1068
5.1940e-16 0.4239
5.0581e-16 0.3680
5.9768e-16 0.4086
2.4028e-15 0.2109
4.3961e-15 0.2044
5.6831e-13 0.0303
9.6568e-12 0.0084
2.0428e-11 0.0060
9.6988e-12 0.0084
1.1648e-15 0.4038
1.6251e-15 0.4991
2.0020e-15 0.3364
2.4146e-15 0.2524
3.7361e-14 0.0968
9.5408e-12 0.0085
8.1081e-11 0.0031
1.5919e-10 0.0021
8.1123e-11 0.0031
0.0000e+00 1.0000
1.4916e-15 0.4129
2.0781e-15 0.3318
1.7149e-15 0.2293
1.4969e-13 0.0553
2.0846e-11 0.0059
1.5899e-10 0.0021
3.4691e-10 0.0012
1.5881e-10 0.0021
8.3344e-16 0.3640
8.5819e-16 0.3076
1.8779e-15 0.2712
2.4962e-15 0.2409
3.5566e-14 0.1033
9.7760e-12 0.0084
8.0865e-11 0.0031
1.5870e-10 0.0021
8.0489e-11 0.0031
1.0623e-15 0.3476
8.8366e-16 0.3435
1.9628e-15 0.3779
2.0556e-15 0.2443
4.5237e-15 0.1951
5.7620e-13 0.0301
9.6159e-12 0.0085
2.0700e-11 0.0059
9.5555e-12 0.0085
0.0000e+00 1.0000
2.9201e-16 0.4490
1.9294e-16 0.3740
9.1039e-16 0.3545
1.0634e-15 0.3783
4.9445e-16 0.3426
8.1845e-16 0.3890
5.0191e-16 0.3204
1.0974e-15 0.4884
0.0000e+00 1.0000
4.5905e-16 0.4673
3.0391e-16 0.4499
9.6056e-16 0.2721
1.1933e-15 0.2540
1.5093e-15 0.2552
1.7770e-15 0.3237
2.3042e-15 0.3164
1.6972e-15 0.3956
1.1110e-15 0.4610
6.4849e-16 0.4279
5.4733e-16 0.3220
0.0000e+00 1.0000
2.3006e-15 0.2486
2.3668e-15 0.2467
2.3673e-15 0.3322
5.2012e-15 0.2380
2.1534e-15 0.2865
3.6048e-16 0.3759
0.0000e+00 1.0000
1.1074e-15 0.3069
9.9763e-16 0.2919
2.6818e-15 0.1906
3.4411e-15 0.1865
1.0838e-14 0.1672
2.2243e-14 0.1149
7.5631e-15 0.1453
7.2844e-16 0.3851
1.3956e-15 0.3450
1.4052e-15 0.4283
1.6439e-15 0.2372
6.5798e-15 0.2108
1.1359e-13 0.0603
4.1273e-12 0.0119
1.0633e-11 0.0078
4.1583e-12 0.0119
1.6257e-15 0.3865
1.9701e-15 0.3515
1.9871e-15 0.2710
3.8442e-15 0.2568
6.7283e-15 0.2018
4.0780e-12 0.0120
5.3144e-11 0.0037
1.0895e-10 0.0026
5.3523e-11 0.0037
4.5791e-16 0.4353
7.3194e-16 0.3633
1.8412e-15 0.3021
3.4988e-15 0.2034
2.0143e-14 0.1248
1.0511e-11 0.0078
1.0852e-10 0.0026
2.1515e-10 0.0017
1.0872e-10 0.0026
8.0477e-16 0.3345
1.2731e-15 0.3674
1.8292e-15 0.2457
2.6219e-15 0.2072
1.0979e-14 0.1568
4.0747e-12 0.0120
5.3547e-11 0.0037
1.0862e-10 0.0026
5.3403e-11 0.0037
6.3662e-16 0.3944
1.0278e-15 0.2947
1.2406e-15 0.3592
2.6781e-15 0.3118
4.6518e-15 0.1655
1.2332e-13 0.0576
4.0941e-12 0.0120
1.0621e-11 0.0078
4.0968e-12 0.0120
1.9018e-16 0.4857
2.2243e-16 0.4955
5.6226e-16 0.4840
5.4803e-16 0.3486
1.0484e-15 0.2598
1.1633e-15 0.3868
9.4375e-16 0.3353
1.8856e-15 0.4167
9.2969e-16 0.4198
0.0000e+00 1.0000
1.9022e-16 0.4526
0.0000e+00 1.0000
1.4585e-15 0.3237
1.0843e-15 0.3151
1.9260e-15 0.2740
1.0427e-15 0.4522
1.4990e-15 0.2616
1.7029e-15 0.2833
4.0119e-16 0.3799
4.8404e-16 0.3592
1.1412e-15 0.3321
8.6410e-16 0.2517
1.7373e-15 0.2333
3.0005e-15 0.3597
2.8341e-15 0.2011
4.1066e-15 0.2071
3.3553e-15 0.2214
5.5019e-16 0.3408
6.9448e-16 0.3094
1.3533e-15 0.2527
2.4579e-15 0.3003
2.9063e-15 0.3113
4.7713e-15 0.1958
6.6108e-15 0.1601
1.1126e-14 0.1778
1.0273e-14 0.1858
9.9579e-16 0.2921
1.5395e-15 0.2832
1.4695e-15 0.2585
2.4107e-15 0.1930
4.4433e-15 0.2049
1.4782e-14 0.1323
6.5079e-13 0.0267
2.2826e-12 0.0150
6.5652e-13 0.0262
3.7311e-16 0.3351
9.6896e-16 0.2775
1.8806e-15 0.2266
2.8342e-15 0.1904
4.2660e-15 0.1742
6.2970e-13 0.0266
1.9179e-11 0.0057
4.6690e-11 0.0038
1.9228e-11 0.0057
1.2871e-15 0.3564
1.5301e-15 0.3958
2.2362e-15 0.2374
3.3065e-15 0.2333
8.3389e-15 0.1996
2.1954e-12 0.0153
4.6197e-11 0.0038
1.0360e-10 0.0025
4.6682e-11 0.0038
1.2093e-15 0.2975
9.4394e-16 0.3082
1.7906e-15 0.3217
4.3349e-15 0.2195
8.1065e-15 0.1842
6.2548e-13 0.0271
1.9286e-11 0.0057
4.6697e-11 0.0038
1.9173e-11 0.0057
2.7536e-16 0.3547
7.0235e-16 0.4061
1.9925e-15 0.2372
2.5285e-15 0.2015
5.9174e-15 0.2049
1.4000e-14 0.1258
6.5454e-13 0.0267
2.2442e-12 0.0151
6.6928e-13 0.0264
3.8167e-16 0.3718
0.0000e+00 1.0000
8.1270e-16 0.4792
8.0359e-16 0.2857
9.1299e-16 0.2865
0.0000e+00 1.0000
5.9999e-16 0.3470
2.3023e-15 0.4548
6.8172e-16 0.3994
3.1717e-16 0.3878
5.6960e-16 0.4757
1.2859e-15 0.3639
9.5466e-16 0.3508
1.6399e-15 0.2707
1.8493e-15 0.2825
1.5301e-15 0.3566
2.8596e-15 0.2983
1.9254e-15 0.2735
3.1978e-16 0.3723
7.1426e-16 0.3652
5.5760e-16 0.2729
1.5622e-15 0.2726
9.5270e-16 0.2670
3.3689e-15 0.3034
2.8139e-15 0.2428
2.7329e-15 0.2759
4.5836e-15 0.2093
2.8469e-16 0.3192
1.1709e-15 0.4138
1.9098e-15 0.2993
2.2477e-15 0.2853
2.8286e-15 0.2335
3.8735e-15 0.1835
5.2176e-15 0.1498
7.2052e-15 0.1626
7.9477e-15 0.1836
7.3653e-16 0.3086
4.6787e-16 0.3247
1.7768e-15 0.3079
1.7549e-15 0.2650
5.8330e-15 0.1738
9.2106e-15 0.1519
3.2577e-14 0.0938
1.1860e-13 0.0549
3.9115e-14 0.0998
8.6763e-16 0.3082
9.0594e-16 0.2893
1.8277e-15 0.3568
2.2994e-15 0.1938
8.0575e-15 0.1893
3.3015e-14 0.0893
2.1926e-12 0.0148
7.3726e-12 0.0085
2.1617e-12 0.0148
4.9328e-16 0.3837
7.8001e-16 0.3003
1.6747e-15 0.2127
4.1896e-15 0.1857
9.0737e-15 0.2043
1.1085e-13 0.0553
7.4764e-12 0.0084
2.2624e-11 0.0051
7.4191e-12 0.0085
1.1999e-15 0.3453
1.3440e-15 0.4817
1.3936e-15 0.2631
4.4687e-15 0.3839
6.2118e-15 0.1625
2.9722e-14 0.0944
2.1946e-12 0.0147
7.4541e-12 0.0085
2.2120e-12 0.0148
9.5447e-16 0.3328
1.4082e-15 0.3795
2.3556e-15 0.3467
3.3115e-15 0.2515
5.3402e-15 0.2425
9.8303e-15 0.1780
3.0601e-14 0.0975
1.2089e-13 0.0532
3.4633e-14 0.0900
6.2996e-16 0.4361
8.5121e-16 0.3861
5.4723e-16 0.3736
1.1662e-15 0.3245
8.7138e-16 0.4054
1.2781e-15 0.3821
6.3165e-16 0.2761
1.9959e-15 0.4762
1.7172e-15 0.3676
3.5963e-16 0.4207
4.4259e-16 0.2978
4.9957e-16 0.3494
7.5982e-16 0.2865
1.2669e-15 0.2692
1.7284e-15 0.3818
1.1575e-15 0.2800
1.2465e-15 0.3089
1.5626e-15 0.2955
1.1850e-15 0.4576
0.0000e+00 1.0000
1.6223e-15 0.3052
1.0016e-15 0.2492
1.6846e-15 0.2723
4.6321e-15 0.2732
4.0183e-15 0.2191
4.1603e-15 0.2566
4.7691e-15 0.2155
6.8695e-16 0.3953
9.0257e-16 0.3439
1.2891e-15 0.2907
1.9720e-15 0.2457
4.0285e-15 0.1907
5.7764e-15 0.2064
7.3269e-15 0.2030
8.4081e-15 0.1669
7.7808e-15 0.1866
5.2377e-16 0.3573
8.7291e-16 0.2487
8.7104e-16 0.3479
2.4449e-15 0.2152
3.6286e-15 0.1944
9.8387e-15 0.1339
1.3500e-14 0.1366
1.9276e-14 0.1061
1.6626e-14 0.1332
4.7805e-16 0.3560
1.7140e-15 0.2641
1.6312e-15 0.2323
3.2108e-15 0.1867
6.0481e-15 0.1585
1.8113e-14 0.1335
5.7645e-14 0.0755
1.7567e-13 0.0428
6.1219e-14 0.0679
8.4010e-16 0.3682
1.1075e-15 0.3119
2.7214e-15 0.2243
2.9405e-15 0.1982
5.7578e-15 0.1330
1.8878e-14 0.1178
1.9882e-13 0.0417
8.8713e-13 0.0211
2.0130e-13 0.0417
1.1836e-15 0.4588
1.1948e-15 0.3938
2.9587e-15 0.3302
3.0858e-15 0.2760
9.9358e-15 0.2062
1.6820e-14 0.1232
6.1143e-14 0.0696
1.9209e-13 0.0418
6.8737e-14 0.0679
1.3056e-15 0.4787
1.0746e-15 0.3150
1.4660e-15 0.2880
2.3671e-15 0.2222
4.2572e-15 0.2093
8.3340e-15 0.1577
1.5740e-14 0.1250
2.6706e-14 0.1092
1.5744e-14 0.1173
3.7085e-16 0.4009
8.0801e-16 0.4202
6.0596e-16 0.4494
6.7715e-16 0.2728
9.4837e-16 0.3557
2.2785e-15 0.4700
7.0094e-16 0.3111
1.4156e-15 0.3251
1.3720e-15 0.3928
1.3868e-16 0.4445
7.0677e-16 0.3577
8.6935e-16 0.2971
7.0692e-16 0.4045
1.6554e-15 0.3524
3.0830e-15 0.3742
2.0083e-15 0.2778
2.2871e-15 0.4333
3.5911e-15 0.3565
5.9397e-16 0.4009
1.2727e-15 0.4480
1.3776e-15 0.2835
1.4362e-15 0.3361
2.6735e-15 0.2617
2.6985e-15 0.3556
3.3706e-15 0.1962
4.0818e-15 0.2440
3.7959e-15 0.2328
4.1806e-16 0.3177
6.7046e-16 0.3684
1.7179e-15 0.2640
2.2669e-15 0.2341
4.5490e-15 0.2107
5.5983e-15 0.1921
6.2573e-15 0.1659
9.5765e-15 0.1710
8.1476e-15 0.2141
4.9550e-16 0.3963
9.8587e-16 0.3599
1.5817e-15 0.3127
2.8053e-15 0.2322
4.7230e-15 0.2048
8.3725e-15 0.1538
1.5937e-14 0.1405
1.9156e-14 0.1095
1.6326e-14 0.1351
1.0913e-15 0.2853
1.1471e-15 0.2288
2.0629e-15 0.4327
4.1593e-15 0.2313
8.8380e-15 0.1981
1.3210e-14 0.1387
3.0136e-14 0.0970
4.0462e-14 0.0816
3.4277e-14 0.0971
1.2197e-15 0.4272
1.3526e-15 0.3530
2.5398e-15 0.3292
4.5158e-15 0.2179
7.8348e-15 0.1952
2.0456e-14 0.1189
4.9119e-14 0.0759
8.0666e-14 0.0642
4.5075e-14 0.0774
0.0000e+00 1.0000
1.9074e-15 0.4221
3.1372e-15 0.3925
2.3622e-15 0.1978
8.5936e-15 0.2160
1.4574e-14 0.1353
3.4575e-14 0.1020
4.5895e-14 0.0799
3.0154e-14 0.0930
4.9957e-16 0.3309
1.0337e-15 0.3232
1.3336e-15 0.3442
3.8517e-15 0.2345
5.6115e-15 0.2309
9.2744e-15 0.1587
1.3822e-14 0.1321
1.8559e-14 0.1063
1.4027e-14 0.1253
4.5627e-16 0.4576
3.5913e-16 0.3602
6.8169e-16 0.3702
4.6887e-16 0.4047
1.0327e-15 0.3963
2.0624e-15 0.3331
8.3052e-16 0.3011
1.4802e-15 0.4184
1.0506e-15 0.2964
0.0000e+00 1.0000
1.5568e-15 0.3576
8.1969e-16 0.3790
5.3932e-16 0.3399
2.5029e-15 0.4669
2.9656e-15 0.2709
1.8216e-15 0.3830
2.9540e-15 0.3781
3.2129e-15 0.2827
8.0362e-16 0.2849
1.5977e-15 0.3732
1.5045e-15 0.3180
2.3686e-15 0.2718
2.4217e-15 0.3442
3.1632e-15 0.2775
3.9117e-15 0.2804
4.5299e-15 0.2089
4.2949e-15 0.2349
3.4352e-16 0.3929
1.2359e-15 0.2948
1.2085e-15 0.3053
2.3883e-15 0.2522
4.6235e-15 0.2384
4.2609e-15 0.2009
7.6866e-15 0.1677
9.8410e-15 0.1766
5.7403e-15 0.1530
8.9591e-16 0.4405
8.2583e-16 0.4004
1.4234e-15 0.2443
2.4205e-15 0.2033
7.4845e-15 0.1970
1.1683e-14 0.1524
1.3018e-14 0.1320
1.6628e-14 0.1368
1.1817e-14 0.1237
9.3821e-16 0.2981
5.6103e-16 0.3323
2.2501e-15 0.2162
4.3599e-15 0.1789
6.2752e-15 0.1953
1.6917e-14 0.1444
2.5134e-14 0.1076
4.1138e-14 0.0925
2.8217e-14 0.0911
6.2055e-16 0.3160
1.9627e-15 0.3859
3.5887e-15 0.3756
3.4988e-15 0.2007
7.5014e-15 0.1738
2.2476e-14 0.1248
4.4786e-14 0.0892
6.0912e-14 0.0749
3.7838e-14 0.0949
2.6692e-16 0.3728
1.1657e-15 0.3258
1.1654e-15 0.2306
3.5985e-15 0.2299
9.9056e-15 0.1649
1.7949e-14 0.1479
3.4441e-14 0.1068
3.9380e-14 0.0857
2.9229e-14 0.1088
1.1207e-15 0.4035
0.0000e+00 1.0000
1.7220e-15 0.2923
3.7588e-15 0.2164
4.1152e-15 0.1705
8.4497e-15 0.1415
1.2640e-14 0.1352
1.7900e-14 0.1251
1.2193e-14 0.1330
0.0000e+00 1.0000
8.0722e-16 0.3819
8.9776e-16 0.3534
5.4293e-16 0.3789
2.6871e-15 0.4363
1.8653e-15 0.4144
1.1692e-15 0.2768
2.1882e-15 0.3928
1.4865e-15 0.3353
2.7722e-16 0.3734
1.3655e-15 0.3293
1.8305e-15 0.3435
1.2657e-15 0.2868
2.7870e-15 0.4297
2.9718e-15 0.3522
1.7344e-15 0.2152
3.8996e-15 0.3525
3.3834e-15 0.3308
7.6963e-16 0.4011
0.0000e+00 1.0000
9.9193e-16 0.3711
2.2844e-15 0.2608
3.1903e-15 0.2519
1.7806e-15 0.2166
3.4820e-15 0.2954
3.3519e-15 0.1778
3.1063e-15 0.3119
9.4427e-16 0.4049
1.2417e-15 0.3095
1.9129e-15 0.3879
2.6662e-15 0.2708
3.1692e-15 0.1869
5.5362e-15 0.2007
6.3725e-15 0.1743
8.0809e-15 0.1775
8.9712e-15 0.2161
4.2222e-16 0.3052
7.9091e-16 0.3312
1.8777e-15 0.2617
2.5877e-15 0.2275
5.5333e-15 0.2153
8.2197e-15 0.1624
1.2483e-14 0.1660
1.5240e-14 0.1441
1.5144e-14 0.1436
8.9433e-16 0.3660
1.7106e-15 0.3053
2.7900e-15 0.2409
3.8261e-15 0.2613
6.3118e-15 0.1697
1.6953e-14 0.1475
2.3999e-14 0.1123
3.1853e-14 0.0901
2.7252e-14 0.0964
1.3066e-15 0.3124
1.5604e-15 0.4142
2.2425e-15 0.3087
2.7576e-15 0.2145
8.6417e-15 0.1854
1.9213e-14 0.1367
3.7237e-14 0.1098
5.0137e-14 0.0839
2.9726e-14 0.0956
1.6852e-15 0.4788
0.0000e+00 1.0000
1.2988e-15 0.2711
5.1719e-15 0.2383
9.2128e-15 0.1751
1.3472e-14 0.1452
2.8769e-14 0.1193
3.1682e-14 0.1062
2.6553e-14 0.1224
9.8988e-16 0.3725
0.0000e+00 1.0000
1.9307e-15 0.2398
2.4688e-15 0.2798
5.0995e-15 0.2263
9.3279e-15 0.1758
1.3248e-14 0.1347
1.6434e-14 0.1327
1.3410e-14 0.1239
0.0000e+00 1.0000
3.1042e-16 0.3419
4.9380e-16 0.3337
0.0000e+00 1.0000
0.0000e+00 1.0000
1.8750e-15 0.4621
1.5034e-15 0.3904
1.5424e-15 0.3809
2.4482e-15 0.3414
0.0000e+00 1.0000
1.3637e-15 0.4907
1.1964e-15 0.4051
2.0660e-15 0.2413
1.2222e-15 0.2822
1.6801e-15 0.3041
2.3307e-15 0.2711
2.2868e-15 0.3227
1.7726e-15 0.4233
6.6772e-16 0.4216
6.5769e-16 0.3019
1.7207e-15 0.3611
2.7204e-15 0.2984
2.3692e-15 0.3122
3.2447e-15 0.2322
3.8106e-15 0.3093
4.6630e-15 0.2179
3.8809e-15 0.2771
7.9187e-16 0.3417
1.8493e-15 0.2961
1.6888e-15 0.3532
2.2861e-15 0.3725
4.1106e-15 0.2137
7.4130e-15 0.2204
9.4496e-15 0.2255
6.9210e-15 0.1790
6.5288e-15 0.2246
3.9490e-16 0.4378
1.0194e-15 0.3233
2.0357e-15 0.3350
3.3115e-15 0.3292
4.7322e-15 0.2159
9.4946e-15 0.2216
1.0552e-14 0.1536
1.8010e-14 0.1406
1.2961e-14 0.1648
1.0173e-15 0.4468
2.1745e-15 0.2666
2.2017e-15 0.2591
3.0644e-15 0.1905
6.5652e-15 0.1879
1.3901e-14 0.1416
2.1614e-14 0.1206
3.2322e-14 0.1136
2.0667e-14 0.1113
1.6606e-15 0.4342
1.8854e-15 0.2914
2.8957e-15 0.4745
3.7486e-15 0.2206
9.8609e-15 0.1710
1.6447e-14 0.1214
3.1453e-14 0.1079
4.0090e-14 0.0873
2.9167e-14 0.0965
1.1830e-15 0.3884
8.5689e-16 0.3228
1.3486e-15 0.2867
3.8948e-15 0.2602
6.1278e-15 0.2253
1.4708e-14 0.1751
2.5250e-14 0.1227
2.6887e-14 0.1113
1.8608e-14 0.1183
5.5395e-16 0.4095
1.2359e-15 0.3351
1.3737e-15 0.3347
2.6091e-15 0.2102
5.7520e-15 0.1917
9.3109e-15 0.1960
1.3613e-14 0.1651
1.8131e-14 0.1417
1.5935e-14 0.1581
8.3382e-16 0.4648
8.3065e-16 0.4410
0.0000e+00 1.0000
8.6226e-16 0.3621
1.2309e-15 0.2959
1.3800e-15 0.2564
1.6032e-15 0.2736
1.6435e-15 0.2783
1.8170e-15 0.3699
8.4129e-16 0.3700
1.3059e-15 0.3333
1.3762e-15 0.3049
1.6092e-15 0.2725
1.1108e-15 0.2759
1.5209e-15 0.2173
2.4504e-15 0.3330
2.8204e-15 0.2312
9.9892e-16 0.2990
9.5755e-16 0.3142
1.0790e-15 0.2993
1.3034e-15 0.3102
1.3724e-15 0.2542
1.9614e-15 0.2740
2.1161e-15 0.2062
4.0404e-15 0.2006
2.3215e-15 0.2358
3.8515e-15 0.2659
1.0451e-15 0.3392
1.4418e-15 0.3162
1.4987e-15 0.4569
3.2093e-15 0.2889
4.0383e-15 0.2610
5.5546e-15 0.1987
7.3260e-15 0.2307
8.3991e-15 0.1981
7.9169e-15 0.2011
7.4226e-16 0.3131
3.4294e-16 0.2508
1.6084e-15 0.2741
3.1318e-15 0.2474
4.8844e-15 0.2751
8.5048e-15 0.2144
1.0147e-14 0.1483
1.5706e-14 0.1485
9.3434e-15 0.1535
1.1492e-15 0.2830
2.9303e-15 0.3070
1.4146e-15 0.2397
4.4129e-15 0.2964
7.1756e-15 0.2146
1.4706e-14 0.1636
2.1527e-14 0.1225
2.6750e-14 0.1045
2.1763e-14 0.1001
1.0020e-15 0.3933
1.9927e-15 0.2487
1.3379e-15 0.2672
4.2617e-15 0.2095
6.6348e-15 0.1773
1.4292e-14 0.1462
2.6672e-14 0.1073
3.7873e-14 0.0902
2.5000e-14 0.1064
0.0000e+00 1.0000
7.7446e-16 0.4874
1.8998e-15 0.2863
5.1645e-15 0.2211
9.0164e-15 0.2169
9.7406e-15 0.1470
2.1968e-14 0.1313
2.6137e-14 0.1082
2.1972e-14 0.1260
9.3591e-16 0.3053
8.5022e-16 0.2698
2.6447e-15 0.2988
3.4566e-15 0.3340
4.5738e-15 0.2128
9.3037e-15 0.2173
1.1215e-14 0.1850
1.2432e-14 0.1399
1.2256e-14 0.1441
1.7412e-15 0.3501
5.7546e-16 0.4409
1.2711e-15 0.3709
1.0553e-15 0.4628
1.7867e-15 0.3446
1.2470e-15 0.3166
1.9561e-15 0.3742
2.2458e-15 0.3868
1.0128e-15 0.3544
4.3863e-16 0.3374
1.0171e-15 0.3534
1.3882e-15 0.3522
1.7897e-15 0.3934
1.1141e-15 0.3372
1.8272e-15 0.2203
1.8700e-15 0.2034
2.3434e-15 0.3093
7.1929e-16 0.3559
8.6034e-16 0.3671
1.7392e-15 0.3183
1.5491e-15 0.3999
1.7374e-15 0.2613
3.0834e-15 0.2322
3.4833e-15 0.2813
4.1501e-15 0.2723
4.5418e-15 0.2999
6.0266e-15 0.2431
9.1446e-16 0.2962
2.4883e-15 0.3203
3.1411e-15 0.3961
4.2636e-15 0.2503
5.3478e-15 0.2533
6.7302e-15 0.2806
5.1246e-15 0.1691
7.8042e-15 0.2065
6.5271e-15 0.1925
7.8331e-16 0.3537
0.0000e+00 1.0000
9.1545e-16 0.2685
2.8023e-15 0.2459
6.0070e-15 0.2073
8.4707e-15 0.1766
8.1966e-15 0.1459
9.9210e-15 0.1592
8.5345e-15 0.1769
1.4063e-15 0.3056
1.2838e-15 0.2435
1.0637e-15 0.2346
3.1644e-15 0.2179
5.3443e-15 0.1922
1.0230e-14 0.1938
1.3358e-14 0.1283
2.4597e-14 0.1144
2.3237e-14 0.1242
1.8691e-15 0.3237
1.2476e-15 0.3066
2.2981e-15 0.3416
3.6404e-15 0.2102
9.6951e-15 0.2348
1.4329e-14 0.1471
2.4952e-14 0.1087
3.4978e-14 0.0979
1.8699e-14 0.1366
6.8200e-16 0.4502
1.1839e-15 0.4738
2.8564e-15 0.3653
4.0244e-15 0.2409
7.5297e-15 0.1907
1.2282e-14 0.1564
1.8052e-14 0.1347
2.5255e-14 0.1136
2.0916e-14 0.1426
5.8725e-16 0.3478
1.0390e-15 0.3750
2.6761e-15 0.2626
4.0720e-15 0.2210
6.3188e-15 0.2821
7.7808e-15 0.2168
1.0654e-14 0.1597
1.1739e-14 0.1354
1.2394e-14 0.1675
8.5345e-16 0.4061
9.2587e-16 0.4405
7.6399e-16 0.4728
1.5726e-15 0.4521
5.6810e-16 0.3162
1.8717e-15 0.2351
1.2964e-15 0.2443
1.7244e-15 0.3231
8.1958e-16 0.2723
7.9102e-16 0.2967
1.0712e-15 0.3161
1.2363e-15 0.4475
1.0355e-15 0.4374
2.2325e-15 0.3413
1.7269e-15 0.2681
2.8986e-15 0.2942
2.9954e-15 0.2766
2.0939e-15 0.2735
8.6315e-16 0.4522
1.4502e-15 0.3249
9.8721e-16 0.3087
2.0393e-15 0.4136
2.8184e-15 0.3271
2.8072e-15 0.2891
3.7911e-15 0.2888
4.1828e-15 0.3257
2.8998e-15 0.2565
1.3017e-15 0.3633
8.8236e-16 0.2867
1.6601e-15 0.2967
3.7291e-15 0.2702
3.4110e-15 0.3076
4.4208e-15 0.2372
6.8792e-15 0.2248
6.3515e-15 0.2062
4.8823e-15 0.2244
0.0000e+00 1.0000
9.3974e-16 0.2935
2.0942e-15 0.3792
1.6853e-15 0.1933
5.8985e-15 0.2177
8.9400e-15 0.2008
8.6291e-15 0.1656
1.2431e-14 0.1582
1.0690e-14 0.2023
1.3667e-15 0.4488
1.2063e-15 0.2588
1.5548e-15 0.2283
3.8375e-15 0.2246
6.5642e-15 0.1639
1.2048e-14 0.1731
1.4015e-14 0.1393
2.0790e-14 0.1171
1.5687e-14 0.1366
1.5479e-15 0.3102
1.5324e-15 0.3172
2.9020e-15 0.3119
5.6784e-15 0.2415
6.7888e-15 0.1873
1.5392e-14 0.1378
1.8949e-14 0.1139
2.6176e-14 0.1155
2.2805e-14 0.1201
8.6799e-16 0.3787
1.8263e-15 0.3669
1.5543e-15 0.3374
4.0760e-15 0.2205
6.7868e-15 0.2483
1.2717e-14 0.1779
1.7554e-14 0.1403
1.7154e-14 0.1279
1.6793e-14 0.1647
4.5125e-16 0.4552
2.6414e-15 0.3949
1.7240e-15 0.2190
2.8369e-15 0.2254
7.1333e-15 0.1969
7.6614e-15 0.2116
1.0371e-14 0.1992
1.2094e-14 0.1689
1.3571e-14 0.1539
6.3177e-16 0.4977
3.8409e-16 0.3355
8.3231e-16 0.3589
1.3753e-15 0.3317
1.0919e-15 0.2869
2.1095e-15 0.3434
1.3541e-15 0.2025
1.8210e-15 0.3714
1.0303e-15 0.3245
1.0370e-15 0.3622
0.0000e+00 1.0000
0.0000e+00 1.0000
6.7929e-16 0.2753
1.8881e-15 0.3739
2.1993e-15 0.2406
2.5071e-15 0.2591
2.8859e-15 0.3498
2.4939e-15 0.3488
1.3435e-15 0.3276
1.2064e-15 0.3806
1.5097e-15 0.4093
2.3734e-15 0.2355
2.0593e-15 0.3092
6.0499e-15 0.3357
2.1316e-15 0.2087
4.0182e-15 0.3110
4.0812e-15 0.2612
6.2926e-16 0.3809
7.7201e-16 0.2636
1.7780e-15 0.3706
2.0736e-15 0.4583
2.3510e-15 0.2678
3.5677e-15 0.2162
5.3866e-15 0.2266
6.7386e-15 0.1858
6.8533e-15 0.2303
5.4940e-16 0.3095
5.4205e-16 0.3248
2.4878e-15 0.3263
2.0083e-15 0.2381
4.4522e-15 0.2169
8.7523e-15 0.2559
5.3195e-15 0.1496
9.4464e-15 0.2156
1.0535e-14 0.1930
1.3834e-15 0.3980
9.4997e-16 0.3293
1.9249e-15 0.2921
4.0148e-15 0.2274
6.4001e-15 0.2599
1.0332e-14 0.1647
1.2904e-14 0.1573
2.0650e-14 0.1229
1.8637e-14 0.1464
9.6745e-16 0.3239
1.3458e-15 0.2427
2.8878e-15 0.2869
4.3178e-15 0.2764
1.0646e-14 0.2109
1.3782e-14 0.1752
1.9092e-14 0.1262
3.3125e-14 0.1253
2.0894e-14 0.1362
2.3414e-15 0.4941
1.2255e-15 0.2581
1.7248e-15 0.2327
5.2713e-15 0.2568
6.3023e-15 0.2090
1.0254e-14 0.1535
1.8654e-14 0.1669
1.9624e-14 0.1301
2.0092e-14 0.1601
8.4644e-16 0.3704
1.9888e-15 0.3195
3.5937e-15 0.4410
2.4683e-15 0.2117
7.2638e-15 0.2081
5.5445e-15 0.1893
1.1076e-14 0.2243
1.1103e-14 0.1668
1.2090e-14 0.1666
0.0000e+00 1.0000
6.8372e-16 0.4721
5.1704e-16 0.4289
1.1599e-15 0.4053
8.7862e-16 0.2542
2.0341e-15 0.4792
1.2120e-15 0.3483
2.2829e-15 0.4585
6.5287e-16 0.2828
0.0000e+00 1.0000
4.5808e-16 0.3179
1.1769e-15 0.2819
1.2270e-15 0.3662
2.0227e-15 0.4161
2.1715e-15 0.2919
2.7088e-15 0.3360
1.5271e-15 0.2510
2.5210e-15 0.3426
8.4646e-16 0.4692
1.7211e-15 0.4090
3.4037e-15 0.3211
2.5299e-15 0.3081
2.3835e-15 0.3168
2.7466e-15 0.3165
3.1650e-15 0.2156
4.1350e-15 0.2500
2.5451e-15 0.2526
9.7572e-16 0.4310
5.0048e-16 0.3396
1.2949e-15 0.3251
2.9775e-15 0.2549
4.2544e-15 0.3234
4.6101e-15 0.2703
5.3201e-15 0.2109
8.9108e-15 0.2387
5.2056e-15 0.2245
4.5368e-16 0.3561
8.4414e-16 0.3907
1.8803e-15 0.3570
2.3042e-15 0.2609
6.4939e-15 0.2626
8.6265e-15 0.2205
7.0958e-15 0.1811
9.7514e-15 0.1776
6.7870e-15 0.1722
6.2305e-16 0.4502
1.3891e-15 0.2936
2.6389e-15 0.3401
4.5786e-15 0.2445
6.2880e-15 0.2138
9.4628e-15 0.2116
1.0143e-14 0.1805
1.8371e-14 0.1403
1.4938e-14 0.1554
1.0289e-15 0.4555
1.2846e-15 0.4260
2.2065e-15 0.3223
2.6515e-15 0.2480
6.9655e-15 0.1856
1.1022e-14 0.1529
1.5499e-14 0.1559
2.3560e-14 0.1227
1.6404e-14 0.1352
1.2141e-15 0.3360
1.3986e-15 0.4623
2.2451e-15 0.2901
3.0982e-15 0.2699
4.1113e-15 0.2012
1.0760e-14 0.1991
1.3256e-14 0.1643
1.5989e-14 0.1345
1.4642e-14 0.1430
4.5390e-16 0.3546
1.7811e-15 0.3552
1.5894e-15 0.2793
3.1007e-15 0.2189
4.8344e-15 0.2450
9.0976e-15 0.2338
9.1294e-15 0.1788
9.6020e-15 0.1781
1.2288e-14 0.1974
9.1556e-16 0.3837
4.4823e-16 0.3718
3.2987e-16 0.4526
4.2332e-16 0.3375
8.5391e-16 0.2855
1.7790e-15 0.3407
1.4318e-15 0.3831
2.3218e-15 0.3595
7.0471e-16 0.3668
0.0000e+00 1.0000
9.2846e-16 0.4285
0.0000e+00 1.0000
1.2320e-15 0.3190
1.3842e-15 0.3154
3.4032e-15 0.3050
2.6666e-15 0.2761
2.3926e-15 0.2660
4.3192e-15 0.3943
9.7823e-16 0.4978
1.1445e-15 0.3922
1.1540e-15 0.3379
1.9682e-15 0.2740
1.5367e-15 0.2559
2.7292e-15 0.2997
4.7409e-15 0.3407
3.4657e-15 0.3087
3.5641e-15 0.2674
5.4496e-16 0.3239
6.9081e-16 0.3726
1.4294e-15 0.3085
1.7388e-15 0.1823
3.5732e-15 0.3345
3.7655e-15 0.2908
3.1875e-15 0.1657
4.8490e-15 0.1907
6.0577e-15 0.2336
3.8010e-16 0.3271
9.9002e-16 0.3560
2.1902e-15 0.3536
4.6695e-15 0.2817
6.7481e-15 0.2797
6.6448e-15 0.1883
6.0786e-15 0.1904
9.9307e-15 0.1940
1.1039e-14 0.1962
9.3331e-16 0.4050
4.7531e-16 0.3980
2.2139e-15 0.2973
4.6953e-15 0.2386
6.3128e-15 0.1982
1.0768e-14 0.1732
1.0386e-14 0.1753
1.6430e-14 0.1401
1.7738e-14 0.1496
0.0000e+00 1.0000
1.3905e-15 0.3488
2.7915e-15 0.3058
5.5123e-15 0.2965
7.7630e-15 0.2098
1.1858e-14 0.1549
1.6842e-14 0.1768
2.4842e-14 0.1333
1.6485e-14 0.1503
1.9618e-15 0.4504
1.7160e-15 0.3115
3.4046e-15 0.3799
5.9742e-15 0.2788
5.3885e-15 0.2093
9.1027e-15 0.2052
1.3953e-14 0.1427
1.8359e-14 0.1430
1.6165e-14 0.1448
7.4127e-16 0.4381
8.2508e-16 0.2535
2.1002e-15 0.2502
3.5999e-15 0.2278
4.0869e-15 0.2130
9.2741e-15 0.3104
5.9202e-15 0.1938
7.0629e-15 0.2061
9.1707e-15 0.1687
8.0636e-16 0.4890
1.3659e-15 0.4371
5.0061e-16 0.3410
0.0000e+00 1.0000
9.7518e-16 0.3749
9.4713e-16 0.2957
1.1635e-15 0.2848
1.6640e-15 0.4121
2.2324e-15 0.3427
0.0000e+00 1.0000
0.0000e+00 1.0000
0.0000e+00 1.0000
7.7020e-16 0.2981
1.3439e-15 0.3180
2.7815e-15 0.3279
1.9177e-15 0.2910
2.7358e-15 0.3677
2.0608e-15 0.3578
6.3492e-16 0.2869
1.2171e-15 0.3655
1.7819e-15 0.4083
1.5033e-15 0.3040
3.1404e-15 0.2958
2.1642e-15 0.2853
3.7038e-15 0.2834
3.8339e-15 0.2598
2.5639e-15 0.2414
6.6805e-16 0.3590
1.0850e-15 0.4389
8.1733e-16 0.2909
2.7649e-15 0.3885
2.4725e-15 0.2854
3.1898e-15 0.2884
4.4280e-15 0.3340
6.3853e-15 0.1972
3.8215e-15 0.2226
2.5548e-16 0.4268
1.0919e-15 0.3356
2.4749e-15 0.3314
2.6658e-15 0.3155
4.7279e-15 0.2301
7.4498e-15 0.3063
8.8131e-15 0.1991
8.3106e-15 0.1833
1.0693e-14 0.1869
5.7534e-16 0.3173
1.3743e-15 0.4229
2.9890e-15 0.3079
5.1292e-15 0.3406
5.0697e-15 0.2583
5.8225e-15 0.1816
7.2879e-15 0.1631
1.6313e-14 0.1552
1.1886e-14 0.1903
1.1738e-15 0.3416
1.1503e-15 0.3837
2.0033e-15 0.3798
4.0613e-15 0.2243
6.7461e-15 0.2200
8.6561e-15 0.1597
1.5192e-14 0.1669
1.9019e-14 0.1486
1.0184e-14 0.1748
1.1402e-15 0.3926
1.5919e-15 0.3290
2.6940e-15 0.3696
2.3847e-15 0.3047
4.5517e-15 0.2290
7.6666e-15 0.1949
1.4389e-14 0.1680
1.4340e-14 0.1874
1.3563e-14 0.1642
6.9355e-16 0.4624
2.3964e-15 0.3297
2.8490e-15 0.3851
3.5544e-15 0.2976
3.6859e-15 0.2335
8.0062e-15 0.2119
7.2714e-15 0.1895
9.1875e-15 0.1722
1.0280e-14 0.1996
