     9      9     20
d_kernel   u_kernel

1.1247e-15 0.3531
1.5337e-15 0.3039
4.8593e-15 0.3350
2.6998e-14 0.1536
3.8389e-14 0.1387
2.5622e-14 0.1708
7.1641e-15 0.2522
1.3300e-15 0.3369
1.5449e-15 0.2701
1.2987e-15 0.2908
1.5971e-14 0.2097
1.1543e-13 0.0806
2.9240e-13 0.0519
3.4778e-13 0.0473
2.9398e-13 0.0520
1.2033e-13 0.0804
1.5024e-14 0.1922
5.2120e-16 0.3656
8.3194e-15 0.2509
1.2298e-13 0.0769
4.8353e-13 0.0402
6.8602e-13 0.0330
7.8032e-13 0.0308
6.9616e-13 0.0330
4.3236e-13 0.0423
1.2375e-13 0.0784
1.2024e-14 0.2540
2.6566e-14 0.1576
2.5445e-13 0.0547
7.1721e-13 0.0333
1.0121e-12 0.0273
1.7457e-12 0.0200
9.9007e-13 0.0275
6.7383e-13 0.0332
2.8374e-13 0.0524
2.7417e-14 0.1582
4.2239e-14 0.1309
3.4607e-13 0.0476
7.7339e-13 0.0315
1.7706e-12 0.0200
1.1571e-09 0.0002
1.7936e-12 0.0198
7.7980e-13 0.0310
3.3922e-13 0.0469
4.4776e-14 0.1237
2.0683e-14 0.1742
2.7429e-13 0.0521
7.1668e-13 0.0324
1.0269e-12 0.0269
1.7287e-12 0.0202
1.0650e-12 0.0269
6.7330e-13 0.0334
2.7217e-13 0.0532
3.0455e-14 0.1541
4.5679e-15 0.3583
1.0874e-13 0.0791
4.4202e-13 0.0424
6.7011e-13 0.0334
8.4104e-13 0.0301
7.1616e-13 0.0328
4.3853e-13 0.0425
1.1071e-13 0.0841
6.8094e-15 0.2481
2.3928e-15 0.4296
1.7976e-14 0.1737
1.2478e-13 0.0800
2.6087e-13 0.0531
3.5382e-13 0.0466
2.7853e-13 0.0545
1.1213e-13 0.0833
1.6872e-14 0.2075
2.0247e-15 0.2523
7.1372e-16 0.3486
1.2489e-15 0.4509
5.0949e-15 0.2415
2.4048e-14 0.1757
3.9811e-14 0.1333
2.5030e-14 0.1567
4.3743e-15 0.2938
1.0284e-15 0.3831
1.7275e-15 0.3535
5.8259e-16 0.2986
1.7013e-15 0.3307
4.4151e-15 0.2828
4.3662e-14 0.1243
6.7439e-14 0.0972
3.9228e-14 0.1247
1.0640e-14 0.2499
1.1075e-15 0.2951
1.1755e-15 0.2538
1.7064e-15 0.2303
2.9202e-14 0.1420
2.1940e-13 0.0582
5.9776e-13 0.0365
7.6039e-13 0.0327
5.6695e-13 0.0370
2.4673e-13 0.0569
3.0327e-14 0.1462
1.1149e-15 0.4305
9.1037e-15 0.2215
2.3384e-13 0.0568
9.8111e-13 0.0290
1.6001e-12 0.0222
1.8142e-12 0.0210
1.5858e-12 0.0226
9.4346e-13 0.0290
2.3772e-13 0.0563
1.1605e-14 0.2261
4.7718e-14 0.1244
5.8821e-13 0.0374
1.5583e-12 0.0227
3.0078e-12 0.0164
7.0633e-12 0.0099
2.9100e-12 0.0165
1.5997e-12 0.0224
5.7146e-13 0.0375
4.2084e-14 0.1290
6.6900e-14 0.0963
7.3738e-13 0.0325
1.7877e-12 0.0210
7.0690e-12 0.0099
1.2389e-09 0.0002
7.0331e-12 0.0100
1.8319e-12 0.0208
7.5913e-13 0.0323
8.0005e-14 0.0947
4.4639e-14 0.1198
5.7139e-13 0.0371
1.5630e-12 0.0226
2.8878e-12 0.0166
7.0889e-12 0.0099
2.9703e-12 0.0164
1.6208e-12 0.0224
6.2522e-13 0.0362
5.3725e-14 0.1130
1.1267e-14 0.2331
1.9605e-13 0.0609
9.6907e-13 0.0290
1.5778e-12 0.0228
1.8405e-12 0.0208
1.5798e-12 0.0223
9.3083e-13 0.0291
2.1442e-13 0.0611
1.3277e-14 0.2226
1.8515e-15 0.3704
2.9540e-14 0.1544
2.4232e-13 0.0556
6.3995e-13 0.0355
7.6873e-13 0.0323
5.6714e-13 0.0377
2.2091e-13 0.0574
2.8255e-14 0.1560
1.4074e-15 0.2496
0.0000e+00 1.0000
1.5392e-15 0.3096
1.1828e-14 0.2057
5.3606e-14 0.1168
7.7672e-14 0.0909
5.0914e-14 0.1167
1.0026e-14 0.2356
0.0000e+00 1.0000
8.5428e-16 0.3042
1.4237e-15 0.2497
2.4473e-15 0.4380
1.2679e-14 0.1895
5.5867e-14 0.1080
1.1510e-13 0.0758
7.3015e-14 0.0943
1.1900e-14 0.1868
7.7044e-16 0.3192
1.8908e-15 0.4544
1.2315e-15 0.1932
4.7643e-14 0.1164
3.6394e-13 0.0455
1.0570e-12 0.0274
1.4037e-12 0.0239
1.0941e-12 0.0270
3.8107e-13 0.0444
3.5744e-14 0.1275
1.5664e-15 0.2292
1.5087e-14 0.1820
4.1139e-13 0.0435
1.8934e-12 0.0210
3.4420e-12 0.0154
4.0884e-12 0.0140
3.4606e-12 0.0154
1.8607e-12 0.0210
3.9663e-13 0.0438
1.1648e-14 0.2230
7.3090e-14 0.0948
1.1070e-12 0.0271
3.3794e-12 0.0157
8.4315e-12 0.0097
2.7656e-11 0.0048
8.3810e-12 0.0097
3.4700e-12 0.0154
1.1024e-12 0.0272
7.1529e-14 0.1019
1.1009e-13 0.0781
1.4238e-12 0.0240
4.0706e-12 0.0141
2.8113e-11 0.0048
1.2331e-09 0.0003
2.8094e-11 0.0048
4.1349e-12 0.0140
1.5091e-12 0.0235
1.1028e-13 0.0786
7.4041e-14 0.0952
1.0749e-12 0.0273
3.4484e-12 0.0155
8.4500e-12 0.0097
2.8065e-11 0.0048
8.6800e-12 0.0096
3.4322e-12 0.0154
1.1208e-12 0.0267
7.2196e-14 0.0939
1.3544e-14 0.1872
3.7878e-13 0.0442
1.8366e-12 0.0211
3.5053e-12 0.0154
4.2129e-12 0.0139
3.4124e-12 0.0155
1.9154e-12 0.0210
3.7772e-13 0.0446
1.1489e-14 0.2085
2.9990e-15 0.2627
4.7081e-14 0.1179
3.9374e-13 0.0440
1.0912e-12 0.0268
1.4495e-12 0.0236
1.1163e-12 0.0270
3.9802e-13 0.0436
4.0968e-14 0.1263
1.4484e-15 0.3081
1.3432e-15 0.3437
1.7732e-15 0.2649
1.8562e-14 0.1802
8.0702e-14 0.0957
1.0703e-13 0.0785
6.2418e-14 0.1054
1.4993e-14 0.2047
2.9190e-15 0.3139
8.7791e-16 0.3652
1.1232e-15 0.2441
1.2009e-15 0.2884
1.4906e-14 0.1832
8.1559e-14 0.0831
1.3626e-13 0.0670
8.1637e-14 0.0866
1.4420e-14 0.1765
8.3116e-16 0.2286
1.1468e-15 0.2909
2.4638e-15 0.2751
4.5525e-14 0.1135
5.8158e-13 0.0360
1.8355e-12 0.0210
2.4883e-12 0.0182
1.7974e-12 0.0212
5.7221e-13 0.0357
5.0711e-14 0.1079
1.8990e-15 0.2406
1.6317e-14 0.1816
5.8530e-13 0.0363
3.4484e-12 0.0157
7.2270e-12 0.0108
9.1748e-12 0.0095
7.0993e-12 0.0109
3.3797e-12 0.0158
6.1203e-13 0.0352
1.4501e-14 0.1945
8.0863e-14 0.0876
1.8332e-12 0.0211
7.2518e-12 0.0108
2.4262e-11 0.0057
8.3630e-11 0.0027
2.4122e-11 0.0057
7.2156e-12 0.0108
1.8225e-12 0.0210
7.8374e-14 0.0923
1.5158e-13 0.0667
2.4939e-12 0.0181
9.3165e-12 0.0095
8.4022e-11 0.0027
1.0388e-09 0.0004
8.3975e-11 0.0027
9.2942e-12 0.0095
2.4905e-12 0.0182
1.3996e-13 0.0686
7.3339e-14 0.0894
1.8365e-12 0.0210
7.0602e-12 0.0109
2.3994e-11 0.0057
8.3689e-11 0.0027
2.4342e-11 0.0057
7.2521e-12 0.0109
1.8240e-12 0.0209
7.8571e-14 0.0885
1.9513e-14 0.1618
5.9250e-13 0.0360
3.2659e-12 0.0160
7.2215e-12 0.0108
9.1932e-12 0.0095
7.3280e-12 0.0108
3.3692e-12 0.0157
5.8872e-13 0.0356
1.5317e-14 0.1798
1.2560e-15 0.2527
4.8968e-14 0.1135
5.6927e-13 0.0361
1.8667e-12 0.0211
2.4395e-12 0.0183
1.8366e-12 0.0210
6.0874e-13 0.0350
4.6053e-14 0.1082
1.8011e-15 0.2486
1.0970e-15 0.2890
1.7877e-15 0.2585
2.0789e-14 0.1755
8.7437e-14 0.0847
1.4772e-13 0.0685
7.5330e-14 0.0891
1.3878e-14 0.1793
3.5620e-15 0.3273
2.0588e-15 0.2799
1.6333e-15 0.4687
2.0514e-15 0.2205
1.8848e-14 0.1538
7.3577e-14 0.0878
1.4496e-13 0.0634
8.1063e-14 0.0859
1.4276e-14 0.1867
1.5474e-15 0.2440
2.0958e-15 0.3936
1.7857e-15 0.2432
4.9511e-14 0.1099
7.2571e-13 0.0320
2.6151e-12 0.0174
3.6995e-12 0.0148
2.6067e-12 0.0175
7.6154e-13 0.0311
5.5220e-14 0.1051
1.6106e-15 0.4002
9.5574e-15 0.1961
7.2272e-13 0.0316
5.3100e-12 0.0126
1.3259e-11 0.0080
1.8020e-11 0.0068
1.3280e-11 0.0080
5.3163e-12 0.0126
7.7224e-13 0.0316
1.1485e-14 0.1924
9.1127e-14 0.0800
2.6514e-12 0.0174
1.3323e-11 0.0080
5.1221e-11 0.0038
1.4087e-10 0.0021
5.1183e-11 0.0038
1.3132e-11 0.0081
2.5997e-12 0.0176
6.8640e-14 0.0902
1.4683e-13 0.0654
3.8948e-12 0.0146
1.8141e-11 0.0068
1.4052e-10 0.0021
7.3608e-10 0.0006
1.4099e-10 0.0021
1.8284e-11 0.0068
3.7756e-12 0.0147
1.5627e-13 0.0642
8.3320e-14 0.0839
2.6285e-12 0.0174
1.3213e-11 0.0080
5.0919e-11 0.0039
1.4056e-10 0.0021
5.1432e-11 0.0038
1.3366e-11 0.0080
2.6469e-12 0.0174
7.5520e-14 0.0878
1.5593e-14 0.1891
7.1821e-13 0.0318
5.2886e-12 0.0126
1.3062e-11 0.0081
1.8245e-11 0.0068
1.3215e-11 0.0080
5.3769e-12 0.0126
7.4830e-13 0.0313
1.6546e-14 0.1692
2.8728e-15 0.2958
4.1709e-14 0.1120
7.4425e-13 0.0320
2.6022e-12 0.0175
3.7957e-12 0.0147
2.5830e-12 0.0177
7.5156e-13 0.0310
5.3633e-14 0.0991
3.3899e-15 0.3375
1.7598e-15 0.2824
2.5891e-15 0.2364
1.3970e-14 0.1757
9.1447e-14 0.0796
1.3926e-13 0.0697
8.5742e-14 0.0850
9.9354e-15 0.2273
2.5711e-15 0.2685
1.7351e-15 0.3090
9.2728e-16 0.2660
1.6483e-15 0.2302
1.2628e-14 0.1745
6.4029e-14 0.0909
1.2036e-13 0.0703
6.6755e-14 0.0871
1.1733e-14 0.1974
1.6892e-15 0.3382
1.8490e-15 0.4116
2.3562e-15 0.2075
3.6723e-14 0.1229
7.7977e-13 0.0299
3.2424e-12 0.0156
4.7949e-12 0.0130
3.1381e-12 0.0158
7.3726e-13 0.0307
3.2975e-14 0.1200
2.4679e-15 0.3314
7.6593e-15 0.1948
7.5088e-13 0.0302
7.1247e-12 0.0108
2.0523e-11 0.0065
2.8662e-11 0.0054
1.9996e-11 0.0065
7.2188e-12 0.0108
7.5093e-13 0.0303
7.3691e-15 0.1914
7.0196e-14 0.0890
3.1401e-12 0.0157
2.0284e-11 0.0065
7.5452e-11 0.0031
1.6101e-10 0.0019
7.5862e-11 0.0031
2.0237e-11 0.0065
3.1603e-12 0.0157
6.3311e-14 0.0957
1.2524e-13 0.0689
4.8853e-12 0.0128
2.8940e-11 0.0054
1.6137e-10 0.0019
4.8705e-10 0.0009
1.6163e-10 0.0019
2.9064e-11 0.0054
4.8541e-12 0.0129
1.1959e-13 0.0690
6.5312e-14 0.0897
3.1794e-12 0.0156
2.0202e-11 0.0065
7.5139e-11 0.0031
1.6171e-10 0.0019
7.5928e-11 0.0031
2.0675e-11 0.0064
3.1850e-12 0.0155
6.8248e-14 0.0907
8.8200e-15 0.2254
7.7320e-13 0.0297
7.1085e-12 0.0109
2.0179e-11 0.0065
2.8925e-11 0.0054
2.0259e-11 0.0065
7.1151e-12 0.0108
7.5808e-13 0.0301
8.1490e-15 0.2156
1.6983e-15 0.2096
4.2613e-14 0.1132
7.2647e-13 0.0308
3.2432e-12 0.0155
4.8866e-12 0.0128
3.2818e-12 0.0154
7.7946e-13 0.0297
3.5916e-14 0.1137
1.8102e-15 0.3227
2.3573e-15 0.2230
2.2784e-15 0.2412
8.6217e-15 0.2065
5.8236e-14 0.0912
1.2692e-13 0.0688
6.5838e-14 0.0898
1.0611e-14 0.1830
3.1869e-15 0.2883
2.4120e-15 0.3157
1.4960e-15 0.2228
2.5774e-15 0.2056
4.9347e-15 0.2263
3.0531e-14 0.1183
7.3864e-14 0.0848
3.8221e-14 0.1079
6.8949e-15 0.2223
2.9141e-15 0.2531
4.6143e-15 0.3106
4.5775e-15 0.4611
2.1997e-14 0.1452
5.9108e-13 0.0332
3.0133e-12 0.0157
4.8562e-12 0.0126
3.0322e-12 0.0157
6.0352e-13 0.0327
1.7621e-14 0.1639
2.0945e-15 0.2533
4.7710e-15 0.2277
5.7840e-13 0.0334
7.6263e-12 0.0103
2.4692e-11 0.0058
3.6005e-11 0.0048
2.4575e-11 0.0058
7.6470e-12 0.0103
5.6216e-13 0.0338
3.8145e-15 0.2360
3.5283e-14 0.1126
2.9492e-12 0.0158
2.4760e-11 0.0058
8.5873e-11 0.0029
1.5207e-10 0.0020
8.5563e-11 0.0029
2.4746e-11 0.0058
2.9799e-12 0.0156
3.4230e-14 0.1135
7.3937e-14 0.0850
4.8930e-12 0.0125
3.6077e-11 0.0047
1.5167e-10 0.0020
3.2255e-10 0.0012
1.5216e-10 0.0020
3.6043e-11 0.0047
4.7242e-12 0.0127
7.2652e-14 0.0831
2.9708e-14 0.1195
3.0093e-12 0.0156
2.4706e-11 0.0058
8.5742e-11 0.0029
1.5212e-10 0.0020
8.5940e-11 0.0029
2.4743e-11 0.0058
3.0276e-12 0.0156
3.2519e-14 0.1240
6.0749e-15 0.1982
6.2051e-13 0.0324
7.6431e-12 0.0103
2.4765e-11 0.0058
3.6041e-11 0.0047
2.4610e-11 0.0058
7.5897e-12 0.0103
6.1158e-13 0.0324
1.0574e-14 0.2147
2.4120e-15 0.2088
2.1405e-14 0.1394
5.8231e-13 0.0333
3.0626e-12 0.0155
4.8086e-12 0.0125
3.0326e-12 0.0156
5.8447e-13 0.0331
1.8666e-14 0.1587
3.1202e-15 0.3179
1.4199e-15 0.2307
1.8845e-15 0.2461
6.7224e-15 0.2218
3.1996e-14 0.1218
5.7777e-14 0.0913
3.8290e-14 0.1146
8.7010e-15 0.2204
3.6362e-15 0.3005
2.8918e-15 0.3964
2.9766e-15 0.3653
3.8894e-15 0.2597
5.2294e-15 0.2836
1.2066e-14 0.1804
2.5710e-14 0.1376
1.3660e-14 0.1661
6.3602e-15 0.3656
3.1754e-15 0.2378
2.5891e-15 0.4022
4.3129e-15 0.2055
8.4791e-15 0.1841
3.2795e-13 0.0424
2.0433e-12 0.0182
3.5047e-12 0.0141
2.0822e-12 0.0180
2.9319e-13 0.0439
7.8467e-15 0.2122
3.2864e-15 0.2418
3.2620e-15 0.2754
2.8810e-13 0.0436
6.1216e-12 0.0110
2.3580e-11 0.0058
3.5189e-11 0.0047
2.3549e-11 0.0058
6.0241e-12 0.0111
2.7117e-13 0.0452
4.9922e-15 0.2299
1.2406e-14 0.1755
1.9752e-12 0.0182
2.3699e-11 0.0058
8.0525e-11 0.0030
1.2805e-10 0.0023
8.0889e-11 0.0030
2.3591e-11 0.0058
2.1318e-12 0.0179
1.6497e-14 0.1478
2.7311e-14 0.1253
3.6350e-12 0.0139
3.5326e-11 0.0047
1.2778e-10 0.0023
2.2025e-10 0.0016
1.2854e-10 0.0023
3.5614e-11 0.0047
3.6289e-12 0.0139
2.5293e-14 0.1212
1.0754e-14 0.1765
2.1236e-12 0.0179
2.3379e-11 0.0058
8.0698e-11 0.0030
1.2849e-10 0.0023
8.0904e-11 0.0030
2.3832e-11 0.0058
2.0642e-12 0.0181
1.2650e-14 0.1759
3.9852e-15 0.3931
2.9483e-13 0.0434
6.1525e-12 0.0110
2.3401e-11 0.0058
3.5495e-11 0.0047
2.3635e-11 0.0058
6.1535e-12 0.0111
3.0455e-13 0.0429
5.5452e-15 0.2544
2.4074e-15 0.2526
7.2617e-15 0.1839
3.1188e-13 0.0436
2.0651e-12 0.0181
3.6512e-12 0.0139
2.0221e-12 0.0183
3.1090e-13 0.0426
6.2537e-15 0.2242
2.2686e-15 0.2325
1.1458e-15 0.2311
2.4203e-15 0.2859
3.4877e-15 0.2191
1.6926e-14 0.1669
2.4961e-14 0.1289
1.5905e-14 0.1556
3.2521e-15 0.2292
3.3734e-15 0.3276
3.4385e-15 0.4935
1.3521e-15 0.2366
2.4923e-15 0.2293
5.9352e-15 0.2095
5.0163e-15 0.1862
6.8307e-15 0.1749
5.5772e-15 0.1787
3.2533e-15 0.2086
2.6141e-15 0.2364
1.5999e-15 0.2898
5.7160e-15 0.2344
8.7287e-15 0.2120
1.0173e-13 0.0697
8.9075e-13 0.0259
1.7501e-12 0.0190
8.9439e-13 0.0258
8.1620e-14 0.0746
4.7058e-15 0.3011
3.7964e-15 0.2330
4.2647e-15 0.2239
9.6658e-14 0.0696
3.3543e-12 0.0142
1.6796e-11 0.0067
2.6629e-11 0.0053
1.6941e-11 0.0067
3.3298e-12 0.0143
9.4563e-14 0.0729
4.5589e-15 0.1991
5.4434e-15 0.2067
9.3888e-13 0.0251
1.7000e-11 0.0067
6.3285e-11 0.0034
9.7255e-11 0.0027
6.3529e-11 0.0034
1.6725e-11 0.0067
9.4600e-13 0.0251
7.4783e-15 0.1851
8.1414e-15 0.2061
1.8347e-12 0.0186
2.6606e-11 0.0053
9.7305e-11 0.0027
1.5168e-10 0.0020
9.7496e-11 0.0027
2.6899e-11 0.0053
1.8129e-12 0.0185
8.1731e-15 0.1564
5.9473e-15 0.1631
9.1469e-13 0.0255
1.6720e-11 0.0067
6.3529e-11 0.0034
9.8044e-11 0.0027
6.3730e-11 0.0034
1.6877e-11 0.0067
9.0160e-13 0.0257
6.4383e-15 0.1729
1.6363e-15 0.1899
7.7892e-14 0.0805
3.3799e-12 0.0142
1.6847e-11 0.0067
2.6817e-11 0.0053
1.6841e-11 0.0067
3.3239e-12 0.0143
9.2726e-14 0.0711
4.8740e-15 0.3156
3.1052e-15 0.3279
6.4915e-15 0.2560
8.0708e-14 0.0765
9.1164e-13 0.0255
1.7721e-12 0.0188
8.9728e-13 0.0258
9.1653e-14 0.0720
4.5585e-15 0.1611
1.6317e-15 0.1849
2.6349e-15 0.2367
3.1259e-15 0.2528
3.5135e-15 0.2599
4.5081e-15 0.1799
1.0587e-14 0.2183
5.4122e-15 0.2267
4.0494e-15 0.1917
2.6571e-15 0.2450
2.2134e-15 0.2784
1.7092e-15 0.2859
4.9785e-15 0.2957
5.4471e-15 0.2507
5.0562e-15 0.1938
9.0299e-15 0.2148
7.0246e-15 0.2780
4.2802e-15 0.2273
2.8185e-15 0.2471
2.4764e-15 0.2970
5.6004e-15 0.2755
6.7505e-15 0.2624
1.5119e-14 0.1355
1.9713e-13 0.0505
4.7699e-13 0.0337
2.0914e-13 0.0484
1.4721e-14 0.1451
5.9133e-15 0.2586
5.1251e-15 0.2389
5.1053e-15 0.2873
2.1811e-14 0.1380
1.0355e-12 0.0235
7.8722e-12 0.0093
1.4141e-11 0.0070
8.0207e-12 0.0092
1.0361e-12 0.0236
1.7080e-14 0.1333
5.6845e-15 0.2322
5.4206e-15 0.1781
2.1420e-13 0.0482
8.0831e-12 0.0092
3.8740e-11 0.0043
6.1622e-11 0.0034
3.8902e-11 0.0043
7.9079e-12 0.0093
2.1810e-13 0.0475
6.4557e-15 0.2814
4.0327e-15 0.1786
4.5688e-13 0.0342
1.4020e-11 0.0071
6.1301e-11 0.0034
9.6085e-11 0.0026
6.1492e-11 0.0034
1.3998e-11 0.0071
4.7144e-13 0.0333
7.7447e-15 0.1768
6.7906e-15 0.1634
2.1430e-13 0.0487
7.7892e-12 0.0094
3.8646e-11 0.0043
6.1672e-11 0.0034
3.8600e-11 0.0043
7.9600e-12 0.0093
2.1625e-13 0.0479
6.1833e-15 0.2650
5.6120e-15 0.3032
1.7089e-14 0.1533
1.0721e-12 0.0233
7.9909e-12 0.0092
1.4034e-11 0.0071
7.9494e-12 0.0093
1.0870e-12 0.0232
1.8143e-14 0.1571
4.5539e-15 0.2195
4.6286e-15 0.2827
5.6959e-15 0.2806
1.3484e-14 0.1499
2.0821e-13 0.0489
4.7114e-13 0.0333
2.0759e-13 0.0482
1.9763e-14 0.1300
6.6913e-15 0.1678
2.4717e-15 0.3387
2.0390e-15 0.2308
2.1200e-15 0.1957
4.7277e-15 0.2564
7.4377e-15 0.2353
8.6193e-15 0.1843
3.6994e-15 0.1740
5.6345e-15 0.2673
2.8083e-15 0.2491
3.2387e-15 0.3134
2.4778e-15 0.4421
3.3831e-15 0.2333
6.1827e-15 0.2662
6.1920e-15 0.1601
6.7550e-15 0.1992
7.6272e-15 0.1869
5.7269e-15 0.2332
2.6521e-15 0.2210
1.5721e-15 0.3406
4.2847e-15 0.2431
6.4840e-15 0.2635
8.9659e-15 0.1900
2.5874e-14 0.1103
6.2694e-14 0.0836
2.7130e-14 0.1088
9.3755e-15 0.2007
5.7767e-15 0.2076
4.0620e-15 0.3367
3.9588e-15 0.2311
9.9181e-15 0.1846
1.5795e-13 0.0541
1.9198e-12 0.0173
4.1323e-12 0.0121
1.9492e-12 0.0172
1.5525e-13 0.0562
6.8620e-15 0.1592
5.0107e-15 0.2482
4.7863e-15 0.1784
2.3802e-14 0.1177
1.8811e-12 0.0175
1.4970e-11 0.0067
2.6977e-11 0.0050
1.5240e-11 0.0066
1.9402e-12 0.0173
2.2274e-14 0.1175
5.9776e-15 0.1804
6.7058e-15 0.1994
5.4462e-14 0.0845
4.1365e-12 0.0122
2.6836e-11 0.0050
4.6248e-11 0.0039
2.6983e-11 0.0050
4.0986e-12 0.0122
5.2423e-14 0.0829
7.4230e-15 0.2066
7.4389e-15 0.2011
2.4194e-14 0.1148
1.9100e-12 0.0173
1.4991e-11 0.0067
2.7115e-11 0.0050
1.5045e-11 0.0067
1.8747e-12 0.0174
2.8842e-14 0.1132
6.5440e-15 0.2081
4.1103e-15 0.1993
1.2195e-14 0.1807
1.5743e-13 0.0540
1.9715e-12 0.0170
4.0031e-12 0.0123
1.9541e-12 0.0172
1.4879e-13 0.0543
7.1164e-15 0.1914
4.2740e-15 0.2129
3.5710e-15 0.2296
5.6847e-15 0.1829
8.0004e-15 0.2094
2.7671e-14 0.1107
6.4318e-14 0.0844
2.4296e-14 0.1149
8.4868e-15 0.1370
7.1866e-15 0.1826
2.0159e-15 0.2608
2.3308e-15 0.2305
2.1439e-15 0.2191
4.8373e-15 0.2318
9.5048e-15 0.2311
8.6522e-15 0.2055
5.2694e-15 0.1742
5.8157e-15 0.2606
4.5890e-15 0.2628
2.2880e-15 0.2496
2.8210e-15 0.2480
3.8221e-15 0.2449
4.1510e-15 0.1723
5.0511e-15 0.2738
7.6310e-15 0.2110
4.6493e-15 0.1752
6.3963e-15 0.2203
3.8573e-15 0.2962
2.8042e-15 0.3745
7.1403e-15 0.2953
6.8673e-15 0.2549
1.1457e-14 0.1663
1.0986e-14 0.1251
1.4881e-14 0.1376
1.8627e-14 0.1656
8.9879e-15 0.1620
5.2165e-15 0.1549
3.9967e-15 0.2503
3.2610e-15 0.2584
1.0233e-14 0.1637
1.6360e-14 0.1194
1.6692e-13 0.0514
4.7232e-13 0.0317
1.8719e-13 0.0491
1.6241e-14 0.1157
8.6858e-15 0.1983
4.3875e-15 0.2416
6.9388e-15 0.2533
9.5366e-15 0.1558
1.7824e-13 0.0501
2.5838e-12 0.0146
5.7586e-12 0.0101
2.6108e-12 0.0146
1.8590e-13 0.0487
1.2464e-14 0.1507
4.2158e-15 0.1762
8.1723e-15 0.1952
1.3912e-14 0.1357
4.2426e-13 0.0332
5.7545e-12 0.0101
1.1940e-11 0.0072
5.6341e-12 0.0102
4.3240e-13 0.0331
1.2094e-14 0.1314
8.6373e-15 0.2737
6.8163e-15 0.2004
1.2846e-14 0.1464
1.7862e-13 0.0497
2.5573e-12 0.0147
5.8484e-12 0.0101
2.6432e-12 0.0145
1.6905e-13 0.0502
9.5639e-15 0.1748
7.3146e-15 0.2084
4.9029e-15 0.2334
1.0357e-14 0.1621
1.6021e-14 0.1421
1.9976e-13 0.0473
4.4151e-13 0.0327
1.9233e-13 0.0487
1.5904e-14 0.1313
8.6570e-15 0.2399
5.1491e-15 0.2302
4.2368e-15 0.3050
5.8319e-15 0.1830
9.4158e-15 0.1626
1.4012e-14 0.1372
2.0733e-14 0.1384
1.0812e-14 0.1441
1.0100e-14 0.1872
6.0202e-15 0.2134
2.5290e-15 0.2293
2.3941e-15 0.2895
4.3601e-15 0.2679
4.3863e-15 0.1807
7.6128e-15 0.1670
6.6730e-15 0.2056
7.2887e-15 0.2090
3.5234e-15 0.2386
5.8152e-15 0.2464
2.8978e-15 0.2610
3.9923e-15 0.3359
3.4072e-15 0.3140
5.5861e-15 0.2711
6.8635e-15 0.2246
5.3543e-15 0.1776
8.8873e-15 0.2122
7.9243e-15 0.2386
3.7383e-15 0.2494
2.5193e-15 0.2274
5.2146e-15 0.2707
8.3864e-15 0.1741
1.3764e-14 0.1804
1.2773e-14 0.1679
1.8382e-14 0.1563
1.3951e-14 0.1622
9.6976e-15 0.1557
4.9791e-15 0.1854
3.6013e-15 0.1852
4.3117e-15 0.2398
1.0461e-14 0.1845
1.9531e-14 0.1412
3.2326e-14 0.1021
3.9773e-14 0.0892
3.3769e-14 0.1124
1.6278e-14 0.1229
9.8506e-15 0.1973
5.2166e-15 0.2762
4.4801e-15 0.2210
1.3235e-14 0.2194
2.7870e-14 0.1087
1.5390e-13 0.0516
3.6909e-13 0.0340
1.5786e-13 0.0513
2.3168e-14 0.1086
1.3825e-14 0.1731
4.0032e-15 0.2018
7.2282e-15 0.1393
1.1726e-14 0.1606
3.8042e-14 0.0881
3.8557e-13 0.0343
9.5395e-13 0.0221
3.6642e-13 0.0343
3.8783e-14 0.0926
1.3807e-14 0.1421
1.1197e-14 0.2350
7.9665e-15 0.2202
1.1128e-14 0.1494
3.0899e-14 0.1119
1.3419e-13 0.0526
3.8322e-13 0.0335
1.5213e-13 0.0522
2.5664e-14 0.1093
1.2129e-14 0.1495
5.9624e-15 0.1709
5.9983e-15 0.2209
8.9636e-15 0.1745
1.6364e-14 0.1437
2.8382e-14 0.1096
3.7729e-14 0.0925
2.2280e-14 0.1168
1.3947e-14 0.1483
9.4239e-15 0.1847
6.7258e-15 0.2313
3.6580e-15 0.1935
8.3349e-15 0.2298
1.0990e-14 0.1789
1.4196e-14 0.1701
1.7380e-14 0.1428
1.1049e-14 0.1550
1.0838e-14 0.1855
6.3063e-15 0.2369
4.0000e-15 0.2646
2.1732e-15 0.2218
2.9225e-15 0.2043
5.1451e-15 0.1858
1.1769e-14 0.2294
8.3012e-15 0.2124
6.7023e-15 0.1769
4.5841e-15 0.1791
3.4000e-15 0.3095
3.0181e-15 0.2364
4.1268e-15 0.3293
3.7163e-15 0.2943
4.7456e-15 0.2194
7.5218e-15 0.2066
8.5543e-15 0.1853
7.6138e-15 0.1862
8.0220e-15 0.2353
5.8451e-15 0.2684
2.4732e-15 0.2051
4.2837e-15 0.2638
6.8904e-15 0.2290
7.7500e-15 0.1758
1.2016e-14 0.1609
1.4589e-14 0.1717
1.2044e-14 0.1774
9.2265e-15 0.1713
6.4628e-15 0.2239
3.3946e-15 0.2899
6.1695e-15 0.2576
1.0545e-14 0.1752
1.7512e-14 0.1562
2.6544e-14 0.1199
3.3627e-14 0.1220
2.7996e-14 0.1144
1.9668e-14 0.1482
8.4923e-15 0.2100
4.8381e-15 0.2289
4.8334e-15 0.2265
1.5552e-14 0.1813
2.7415e-14 0.1299
4.9513e-14 0.0828
6.8103e-14 0.0767
5.1204e-14 0.0814
2.5897e-14 0.1192
1.1041e-14 0.1535
3.8832e-15 0.1793
5.3876e-15 0.2102
1.3014e-14 0.1435
3.3766e-14 0.1058
7.5060e-14 0.0738
1.1941e-13 0.0605
7.6485e-14 0.0751
3.2106e-14 0.1150
1.2475e-14 0.1270
5.9829e-15 0.1798
6.6038e-15 0.2150
1.0458e-14 0.1669
2.3021e-14 0.1158
4.3444e-14 0.0886
7.1847e-14 0.0695
4.6085e-14 0.0926
2.4486e-14 0.1204
1.2105e-14 0.1818
7.1803e-15 0.1755
5.4325e-15 0.1945
7.4148e-15 0.1568
1.4685e-14 0.1734
2.2210e-14 0.1234
2.7677e-14 0.1073
2.2522e-14 0.1162
1.2753e-14 0.1710
9.6798e-15 0.2274
2.9251e-15 0.1820
3.2651e-15 0.2124
6.8495e-15 0.2366
1.0883e-14 0.1591
1.0849e-14 0.1628
1.7702e-14 0.1433
1.4090e-14 0.1866
7.6989e-15 0.1458
8.6705e-15 0.2648
3.3685e-15 0.2676
2.8263e-15 0.2343
4.1436e-15 0.2270
5.8501e-15 0.2206
9.4001e-15 0.1739
9.3289e-15 0.2241
7.3212e-15 0.2155
7.4836e-15 0.2204
4.0051e-15 0.2062
2.1175e-15 0.2539
4.4187e-15 0.3076
5.3857e-15 0.2582
4.2718e-15 0.2405
7.4392e-15 0.2194
9.5031e-15 0.1977
7.1134e-15 0.1899
6.3878e-15 0.2176
3.6267e-15 0.2433
2.7913e-15 0.2199
5.0628e-15 0.2288
4.6652e-15 0.2181
9.1281e-15 0.2287
1.0767e-14 0.1603
1.0793e-14 0.1578
1.0882e-14 0.1541
9.7214e-15 0.1849
4.8202e-15 0.2065
4.0303e-15 0.3505
5.3333e-15 0.2451
8.1937e-15 0.1899
1.4724e-14 0.1720
2.2718e-14 0.1232
3.1022e-14 0.1062
2.4668e-14 0.1252
1.7929e-14 0.1403
9.8740e-15 0.2027
4.1387e-15 0.2481
5.4865e-15 0.2354
1.0244e-14 0.1685
2.4984e-14 0.1213
4.6831e-14 0.0936
5.0244e-14 0.0815
5.1361e-14 0.0926
2.1067e-14 0.1270
1.1512e-14 0.1548
6.0304e-15 0.2282
5.4495e-15 0.1748
1.1300e-14 0.1500
2.8793e-14 0.1070
6.5282e-14 0.0868
9.2922e-14 0.0692
6.3297e-14 0.0848
3.2748e-14 0.1162
1.1223e-14 0.1411
7.0829e-15 0.1917
5.7353e-15 0.2359
1.2261e-14 0.1802
2.7371e-14 0.1228
4.0493e-14 0.0965
6.0443e-14 0.0756
3.7061e-14 0.0886
2.5552e-14 0.1268
1.3030e-14 0.1558
6.2230e-15 0.2501
6.4230e-15 0.1914
9.9533e-15 0.2010
1.4627e-14 0.1339
2.3882e-14 0.1312
2.6191e-14 0.1128
2.1321e-14 0.1312
1.4089e-14 0.1784
9.1321e-15 0.2027
4.6362e-15 0.2592
4.5056e-15 0.3362
5.1067e-15 0.2462
9.2606e-15 0.2216
1.0052e-14 0.1399
1.6977e-14 0.1789
1.3015e-14 0.1644
1.0168e-14 0.2141
5.0901e-15 0.1844
3.7824e-15 0.2619
3.1919e-15 0.4000
4.0612e-15 0.2564
9.1300e-15 0.2783
7.7145e-15 0.2012
1.0056e-14 0.1957
7.6026e-15 0.2364
6.3562e-15 0.1930
4.4783e-15 0.2305
3.3919e-15 0.2754
2.9386e-15 0.3110
5.7896e-15 0.2706
4.7974e-15 0.1870
4.8390e-15 0.1891
6.8787e-15 0.1979
6.7187e-15 0.1847
4.8789e-15 0.2851
5.4235e-15 0.2257
3.4747e-15 0.2031
3.8307e-15 0.2280
5.6831e-15 0.2046
9.9444e-15 0.1922
9.1557e-15 0.1836
1.5725e-14 0.1586
1.3903e-14 0.1827
9.8734e-15 0.2171
5.6674e-15 0.2221
3.1236e-15 0.3749
5.3047e-15 0.2169
1.0712e-14 0.2019
1.5666e-14 0.1448
2.5353e-14 0.1467
2.5631e-14 0.1088
2.3694e-14 0.1200
1.6651e-14 0.1387
9.3534e-15 0.1648
6.3523e-15 0.2365
4.2267e-15 0.2240
1.4436e-14 0.1549
2.4181e-14 0.1249
4.2254e-14 0.0941
4.8712e-14 0.0821
4.4879e-14 0.0965
2.0777e-14 0.1329
1.1227e-14 0.1570
6.6349e-15 0.2107
8.4542e-15 0.2223
1.2479e-14 0.1546
3.5224e-14 0.1072
4.8700e-14 0.0917
8.8503e-14 0.0745
5.4827e-14 0.0899
2.7317e-14 0.1153
1.3210e-14 0.1577
6.4947e-15 0.2036
5.0351e-15 0.1909
1.3449e-14 0.1861
2.5179e-14 0.1207
3.5942e-14 0.0998
5.6914e-14 0.0835
3.8278e-14 0.0981
2.3000e-14 0.1346
1.3348e-14 0.1924
5.2374e-15 0.2401
5.3814e-15 0.2340
6.1008e-15 0.1923
1.4214e-14 0.1573
1.6706e-14 0.1314
2.2000e-14 0.1050
1.6365e-14 0.1417
1.4560e-14 0.1342
1.0574e-14 0.1788
4.4975e-15 0.2377
3.6207e-15 0.2106
5.0610e-15 0.2244
8.4748e-15 0.1779
1.1253e-14 0.1713
1.5784e-14 0.1562
9.3494e-15 0.1663
5.2575e-15 0.2095
4.4657e-15 0.2102
3.9544e-15 0.2416
3.0770e-15 0.2996
4.4525e-15 0.1973
4.8834e-15 0.2269
9.4522e-15 0.1848
9.9064e-15 0.1719
1.0094e-14 0.2185
5.6233e-15 0.2474
4.2038e-15 0.2887
2.4627e-15 0.2795
2.5550e-15 0.2266
5.1247e-15 0.2711
5.7068e-15 0.2505
4.6799e-15 0.1795
9.6115e-15 0.1667
4.9197e-15 0.1785
4.5863e-15 0.2215
6.7130e-15 0.2349
2.0703e-15 0.3416
5.1108e-15 0.2078
8.5650e-15 0.2453
8.3217e-15 0.1853
7.8419e-15 0.1722
1.6019e-14 0.1695
1.3783e-14 0.1784
7.4940e-15 0.1998
7.6947e-15 0.1750
2.5669e-15 0.2469
4.6003e-15 0.2484
5.7420e-15 0.1985
1.4610e-14 0.1524
1.8828e-14 0.1333
3.0154e-14 0.1225
2.3084e-14 0.1284
1.6146e-14 0.1523
1.1286e-14 0.1966
5.6353e-15 0.1839
7.1100e-15 0.2110
1.0147e-14 0.1445
2.5107e-14 0.1263
3.9275e-14 0.1072
4.6424e-14 0.0923
4.4735e-14 0.1012
1.9398e-14 0.1370
1.1918e-14 0.1800
7.4353e-15 0.2006
9.3835e-15 0.2150
1.0689e-14 0.1425
2.7329e-14 0.1332
3.9089e-14 0.0956
6.7173e-14 0.0795
4.8020e-14 0.0923
2.5253e-14 0.1306
1.3563e-14 0.1553
7.3954e-15 0.1630
6.4107e-15 0.1770
1.4320e-14 0.1553
2.3648e-14 0.1248
3.5551e-14 0.1070
5.2763e-14 0.0898
3.2873e-14 0.1159
2.0604e-14 0.1352
1.2521e-14 0.1633
4.1915e-15 0.2143
5.4864e-15 0.1932
1.1072e-14 0.1914
1.4888e-14 0.1411
2.0017e-14 0.1455
2.3146e-14 0.1149
1.5409e-14 0.1464
1.7615e-14 0.1729
1.0482e-14 0.1405
5.5599e-15 0.2750
4.3132e-15 0.2831
4.6899e-15 0.1954
9.4305e-15 0.1910
8.8276e-15 0.2136
1.1745e-14 0.1810
1.1009e-14 0.1945
8.5665e-15 0.2033
4.1681e-15 0.2360
4.3037e-15 0.2731
3.7966e-15 0.3269
7.5563e-15 0.2658
6.2972e-15 0.2470
7.8196e-15 0.1832
8.0150e-15 0.1747
6.5769e-15 0.1962
3.9328e-15 0.2322
4.8142e-15 0.2730
3.2072e-15 0.2336
2.5424e-15 0.2296
5.1812e-15 0.2301
4.5487e-15 0.1644
5.9313e-15 0.2204
1.0526e-14 0.2035
4.4022e-15 0.1874
5.4493e-15 0.2734
4.2637e-15 0.2201
1.9166e-15 0.3244
3.9906e-15 0.2957
6.5240e-15 0.2456
5.9561e-15 0.1827
1.1912e-14 0.2013
1.5363e-14 0.1780
1.6692e-14 0.1882
9.5503e-15 0.1786
8.8030e-15 0.1975
2.6681e-15 0.2466
7.0893e-15 0.2757
7.8978e-15 0.1785
1.5817e-14 0.1370
2.0695e-14 0.1533
2.4000e-14 0.1341
2.5772e-14 0.1270
1.6981e-14 0.1446
1.1231e-14 0.1556
7.2724e-15 0.2233
4.9394e-15 0.1726
1.2882e-14 0.1666
2.5191e-14 0.1303
3.1627e-14 0.1050
4.2102e-14 0.1015
3.9538e-14 0.1038
1.8938e-14 0.1420
8.4340e-15 0.2175
6.1788e-15 0.1664
8.3259e-15 0.1856
9.7921e-15 0.1540
2.6659e-14 0.1137
4.2704e-14 0.0973
6.0131e-14 0.0877
4.3205e-14 0.0985
2.6919e-14 0.1136
1.1371e-14 0.1592
5.2966e-15 0.1919
5.4935e-15 0.2409
1.2783e-14 0.1508
2.4806e-14 0.1433
3.1556e-14 0.1085
4.0601e-14 0.0979
3.5427e-14 0.1196
1.9597e-14 0.1365
1.2706e-14 0.1601
7.9153e-15 0.2941
6.1793e-15 0.2491
1.0936e-14 0.2200
1.3959e-14 0.1592
1.8822e-14 0.1592
2.5079e-14 0.1268
1.5503e-14 0.1195
1.2654e-14 0.1639
1.3326e-14 0.1661
4.3502e-15 0.2488
3.8098e-15 0.2424
5.9599e-15 0.1955
1.2629e-14 0.2100
8.8947e-15 0.1983
1.2776e-14 0.1789
1.0024e-14 0.1644
7.9732e-15 0.1660
4.0990e-15 0.1767
6.2638e-15 0.2541
2.6701e-15 0.3758
4.3168e-15 0.2522
4.9982e-15 0.2194
5.9307e-15 0.2441
9.8538e-15 0.2192
6.4064e-15 0.2210
5.2040e-15 0.2206
3.1741e-15 0.3163
3.2974e-15 0.3494
3.1432e-15 0.2768
4.9111e-15 0.2451
6.5027e-15 0.2687
5.4719e-15 0.2318
6.2183e-15 0.2492
6.9599e-15 0.2391
5.2066e-15 0.2551
5.1500e-15 0.2719
4.2592e-15 0.2955
5.5222e-15 0.2499
8.0886e-15 0.2250
7.4930e-15 0.2605
1.1022e-14 0.1803
1.5557e-14 0.1739
1.1813e-14 0.2047
7.6747e-15 0.1921
6.0991e-15 0.1850
3.9419e-15 0.2661
6.0443e-15 0.2632
7.2879e-15 0.2014
1.6061e-14 0.1510
2.0037e-14 0.1432
2.0932e-14 0.1349
2.2688e-14 0.1363
1.3848e-14 0.1426
1.0976e-14 0.1902
8.2872e-15 0.2614
4.5513e-15 0.1927
1.1306e-14 0.1769
2.1947e-14 0.1380
3.3440e-14 0.1151
4.3293e-14 0.1040
3.6594e-14 0.1094
1.6047e-14 0.1477
9.1231e-15 0.1683
8.2165e-15 0.1968
8.1381e-15 0.2250
1.3710e-14 0.1808
1.8783e-14 0.1221
4.0863e-14 0.1147
4.7857e-14 0.0864
3.7656e-14 0.1029
1.9301e-14 0.1379
1.4654e-14 0.1840
6.4803e-15 0.2103
8.2635e-15 0.2221
1.2802e-14 0.1529
2.3919e-14 0.1388
3.0174e-14 0.1172
3.6882e-14 0.0983
2.8148e-14 0.1250
1.5156e-14 0.1305
1.1906e-14 0.1971
7.1403e-15 0.2314
4.8926e-15 0.2292
1.1496e-14 0.2072
1.0388e-14 0.1697
2.2905e-14 0.1479
2.6946e-14 0.1159
1.7941e-14 0.1542
1.3318e-14 0.2020
9.7900e-15 0.1826
5.5523e-15 0.2281
3.9476e-15 0.2069
5.4887e-15 0.2155
1.1649e-14 0.1764
9.9827e-15 0.1781
1.1713e-14 0.2041
6.6359e-15 0.1716
8.4725e-15 0.1848
4.3869e-15 0.2697
7.5702e-15 0.2728
3.7752e-15 0.3455
4.6536e-15 0.2775
5.9794e-15 0.2191
7.1243e-15 0.2166
8.8581e-15 0.1975
6.3983e-15 0.2389
3.3559e-15 0.2428
2.5785e-15 0.3312
2.7126e-15 0.2753
4.6564e-15 0.2562
3.8433e-15 0.2095
3.5374e-15 0.2231
3.3966e-15 0.1781
6.8276e-15 0.2325
6.1654e-15 0.2149
4.6482e-15 0.2086
3.4406e-15 0.2158
4.6627e-15 0.2172
3.8536e-15 0.2362
5.9983e-15 0.2197
7.1542e-15 0.2273
1.3350e-14 0.1626
1.0869e-14 0.1702
1.5414e-14 0.1951
8.8069e-15 0.2242
7.6662e-15 0.2347
5.5740e-15 0.2323
5.2825e-15 0.1890
9.8349e-15 0.1657
1.3092e-14 0.1812
1.9577e-14 0.1489
2.2795e-14 0.1389
1.9282e-14 0.1341
1.4038e-14 0.1416
9.1755e-15 0.2010
3.3970e-15 0.2412
7.8979e-15 0.2410
1.1474e-14 0.1645
2.2640e-14 0.1376
2.8845e-14 0.1204
2.8490e-14 0.1080
3.2264e-14 0.1130
1.2070e-14 0.1526
8.4499e-15 0.1868
6.4585e-15 0.2175
5.7205e-15 0.2185
1.1774e-14 0.1581
1.8994e-14 0.1314
3.1152e-14 0.1112
4.6247e-14 0.0971
3.7202e-14 0.1069
2.0853e-14 0.1232
1.1663e-14 0.1663
9.0588e-15 0.2211
6.3190e-15 0.2041
1.0352e-14 0.1604
2.1504e-14 0.1482
2.0107e-14 0.1228
4.2119e-14 0.1020
2.8358e-14 0.1153
1.7837e-14 0.1386
1.1678e-14 0.1892
8.6536e-15 0.1978
6.2780e-15 0.2282
8.3884e-15 0.2072
9.6711e-15 0.1844
1.6613e-14 0.1372
1.8696e-14 0.1426
1.3118e-14 0.1429
9.3023e-15 0.1551
8.3733e-15 0.1965
4.8096e-15 0.1977
3.5365e-15 0.2421
6.9186e-15 0.2190
1.0501e-14 0.1788
7.0989e-15 0.2152
1.2535e-14 0.1871
6.6281e-15 0.1784
9.9214e-15 0.2027
5.7797e-15 0.2937
3.2700e-15 0.2243
2.8958e-15 0.2848
4.4400e-15 0.2137
5.2964e-15 0.2298
5.5870e-15 0.2479
1.0032e-14 0.2366
8.1395e-15 0.2068
5.6303e-15 0.2511
3.0234e-15 0.2283
2.5014e-15 0.3276
2.6581e-15 0.3316
4.2520e-15 0.2635
4.1040e-15 0.2322
4.5829e-15 0.2922
9.9218e-15 0.1887
4.3043e-15 0.2236
5.6959e-15 0.2366
3.5765e-15 0.2621
3.9090e-15 0.2553
3.4153e-15 0.2987
5.8337e-15 0.2423
9.0688e-15 0.2062
1.1832e-14 0.1739
1.0211e-14 0.1649
6.8907e-15 0.1779
8.2966e-15 0.2543
6.2652e-15 0.2208
2.8969e-15 0.2158
5.8516e-15 0.2091
8.8611e-15 0.1900
1.0849e-14 0.1468
1.4113e-14 0.1552
2.3022e-14 0.1380
1.8959e-14 0.1399
1.3912e-14 0.1398
6.1021e-15 0.1784
7.0489e-15 0.2438
8.2413e-15 0.2146
1.2720e-14 0.1829
2.0180e-14 0.1312
2.4635e-14 0.1346
3.1796e-14 0.1135
2.6396e-14 0.1156
1.5425e-14 0.1563
8.8841e-15 0.1864
4.4418e-15 0.1778
6.4756e-15 0.2679
1.4699e-14 0.1529
1.7842e-14 0.1492
3.2425e-14 0.1145
4.3524e-14 0.1002
3.0515e-14 0.1164
2.2089e-14 0.1358
1.3861e-14 0.1848
6.6553e-15 0.2396
7.0024e-15 0.1896
1.1657e-14 0.1908
1.5966e-14 0.1673
1.8524e-14 0.1241
3.3696e-14 0.1076
2.5493e-14 0.1251
2.2548e-14 0.1622
9.3819e-15 0.1816
5.2672e-15 0.1876
6.0006e-15 0.2451
1.0604e-14 0.1769
1.1276e-14 0.1592
1.6338e-14 0.1315
2.0727e-14 0.1497
1.9022e-14 0.1451
1.0620e-14 0.1763
7.4555e-15 0.2169
7.3630e-15 0.2045
2.9535e-15 0.2858
5.4998e-15 0.2135
5.8876e-15 0.1657
7.8113e-15 0.1987
1.3342e-14 0.1741
6.6480e-15 0.1633
7.5539e-15 0.1962
5.0988e-15 0.2554
7.2385e-15 0.2432
3.9456e-15 0.2130
3.6197e-15 0.2444
6.9925e-15 0.2288
4.5778e-15 0.2298
6.3147e-15 0.2283
5.1425e-15 0.1953
5.1250e-15 0.2997
3.7118e-15 0.2418
3.2747e-15 0.2943
