     9      9     20
d_kernel   u_kernel

0.0000e+00 1.0000
3.7521e-16 0.3649
3.7994e-16 0.3834
2.2560e-16 0.4663
0.0000e+00 1.0000
6.7410e-16 0.3608
1.2528e-15 0.4402
6.7809e-16 0.3443
6.5531e-16 0.3008
3.1513e-16 0.3827
3.8984e-16 0.3703
5.7205e-16 0.3352
5.3043e-16 0.3552
0.0000e+00 1.0000
8.8674e-16 0.3289
1.3382e-15 0.2606
1.0586e-15 0.3234
1.0073e-15 0.4011
3.0375e-16 0.4326
4.5938e-16 0.3910
6.1011e-16 0.3180
8.9855e-16 0.2773
1.8673e-15 0.3043
4.8023e-15 0.3587
1.9298e-14 0.1609
2.9848e-14 0.1378
1.5973e-14 0.1916
0.0000e+00 1.0000
7.6056e-16 0.3052
4.7346e-16 0.3446
1.1634e-15 0.2519
1.1316e-14 0.2228
1.6642e-13 0.0686
5.9004e-13 0.0370
7.5348e-13 0.0318
5.2672e-13 0.0385
4.0770e-16 0.3886
4.7624e-16 0.3438
9.3977e-16 0.3117
4.5155e-15 0.3641
1.6358e-13 0.0659
1.0041e-12 0.0282
1.9717e-12 0.0201
2.4499e-12 0.0181
2.0168e-12 0.0200
1.6856e-15 0.4502
1.0189e-15 0.4730
1.4942e-15 0.3204
2.6721e-14 0.1442
5.5172e-13 0.0379
2.0403e-12 0.0198
3.6845e-12 0.0148
8.4348e-12 0.0092
3.7124e-12 0.0146
7.0893e-16 0.3973
1.4237e-15 0.4526
8.2248e-16 0.2522
3.5566e-14 0.1313
6.8379e-13 0.0334
2.3790e-12 0.0184
8.3275e-12 0.0092
1.2473e-09 0.0002
8.3229e-12 0.0092
7.3120e-16 0.4370
9.9274e-16 0.3805
9.0400e-16 0.2795
1.9267e-14 0.1759
5.0660e-13 0.0384
1.9824e-12 0.0202
3.6493e-12 0.0148
8.3192e-12 0.0092
3.6934e-12 0.0148
1.1021e-15 0.3486
1.0486e-15 0.3955
6.6864e-16 0.3056
2.7923e-15 0.2845
1.6031e-13 0.0688
9.8416e-13 0.0284
2.0062e-12 0.0199
2.3118e-12 0.0185
2.0153e-12 0.0200
5.9111e-17 0.4918
2.1508e-16 0.4692
5.8530e-16 0.3222
3.2329e-16 0.3693
7.3099e-16 0.3455
8.6971e-16 0.2816
1.0678e-15 0.2894
7.8513e-16 0.3346
7.6552e-16 0.3049
2.5409e-16 0.4286
0.0000e+00 1.0000
4.6721e-16 0.2846
5.6070e-16 0.2887
6.6803e-16 0.3888
1.5295e-15 0.3980
1.4905e-15 0.2918
5.7105e-16 0.3334
1.5395e-15 0.3527
0.0000e+00 1.0000
5.9591e-16 0.2976
9.2099e-16 0.4277
1.1954e-15 0.2543
1.2631e-15 0.2321
4.9849e-15 0.3650
2.5202e-14 0.1387
4.1421e-14 0.1179
2.1306e-14 0.1559
1.5476e-15 0.3875
0.0000e+00 1.0000
2.1770e-15 0.4717
9.5812e-16 0.2719
1.3928e-14 0.1806
2.6167e-13 0.0522
9.4481e-13 0.0290
1.4201e-12 0.0238
9.8801e-13 0.0281
8.9348e-16 0.4776
9.9996e-16 0.2856
2.1469e-15 0.4677
5.9186e-15 0.2536
2.6326e-13 0.0520
1.8680e-12 0.0208
4.4049e-12 0.0137
5.5649e-12 0.0122
4.3366e-12 0.0138
0.0000e+00 1.0000
0.0000e+00 1.0000
2.5045e-15 0.3579
3.1256e-14 0.1298
9.2945e-13 0.0287
4.4736e-12 0.0137
1.1080e-11 0.0085
3.4717e-11 0.0043
1.1319e-11 0.0085
9.4642e-16 0.3857
7.1032e-16 0.3396
2.5697e-15 0.4379
5.0252e-14 0.1095
1.3892e-12 0.0241
5.3746e-12 0.0124
3.4935e-11 0.0043
1.2299e-09 0.0003
3.4653e-11 0.0043
3.0526e-16 0.4434
9.6748e-16 0.3413
9.9682e-16 0.2572
2.1800e-14 0.1533
9.2898e-13 0.0290
4.3576e-12 0.0138
1.1210e-11 0.0085
3.4840e-11 0.0043
1.1225e-11 0.0085
8.2658e-16 0.2879
7.5834e-16 0.3805
1.2890e-15 0.2346
3.3100e-15 0.2883
2.5994e-13 0.0526
1.9033e-12 0.0208
4.4766e-12 0.0137
5.4712e-12 0.0123
4.3569e-12 0.0138
5.6070e-16 0.4251
8.3046e-16 0.4776
8.0016e-16 0.3405
5.3399e-16 0.3581
0.0000e+00 1.0000
1.3267e-15 0.2807
5.7102e-16 0.2827
0.0000e+00 1.0000
9.2472e-16 0.3648
0.0000e+00 1.0000
1.7578e-16 0.3947
3.9699e-16 0.3435
0.0000e+00 1.0000
1.2482e-15 0.2666
1.5621e-15 0.2647
1.3736e-15 0.2910
1.5082e-15 0.4356
2.0264e-15 0.3990
6.8190e-16 0.4929
1.7259e-16 0.4920
1.4544e-15 0.4814
1.6669e-15 0.3646
1.8002e-15 0.4607
5.9034e-15 0.2457
2.8008e-14 0.1409
5.7444e-14 0.1010
2.1765e-14 0.1440
0.0000e+00 1.0000
3.7332e-16 0.3401
1.0002e-15 0.3862
2.0067e-15 0.2894
1.6729e-14 0.1802
3.5264e-13 0.0446
1.5285e-12 0.0228
2.2437e-12 0.0187
1.4961e-12 0.0225
6.3390e-16 0.2728
8.4382e-16 0.3570
1.6043e-15 0.2962
4.3622e-15 0.2526
3.5804e-13 0.0441
3.3298e-12 0.0157
8.9426e-12 0.0098
1.1876e-11 0.0084
8.7932e-12 0.0099
6.3696e-16 0.3996
0.0000e+00 1.0000
1.7687e-15 0.3605
2.4425e-14 0.1370
1.4535e-12 0.0228
8.8284e-12 0.0099
3.0995e-11 0.0051
9.8157e-11 0.0025
3.0963e-11 0.0051
4.8517e-16 0.2887
1.0116e-15 0.3162
2.4141e-15 0.3176
5.4426e-14 0.0968
2.2312e-12 0.0187
1.1898e-11 0.0084
9.8036e-11 0.0025
1.0008e-09 0.0004
9.7809e-11 0.0025
1.2212e-15 0.3774
7.3781e-16 0.3590
1.2815e-15 0.2500
2.7057e-14 0.1424
1.4911e-12 0.0229
8.7665e-12 0.0098
3.1003e-11 0.0051
9.7741e-11 0.0025
3.0663e-11 0.0051
4.1626e-16 0.3246
1.2043e-15 0.2171
1.2212e-15 0.2863
3.2082e-15 0.2815
3.1665e-13 0.0461
3.3468e-12 0.0158
8.9162e-12 0.0098
1.1806e-11 0.0084
8.8247e-12 0.0098
3.0580e-16 0.3479
0.0000e+00 1.0000
3.4293e-16 0.4387
6.9828e-16 0.3643
5.9904e-16 0.2658
1.5523e-15 0.3562
8.1951e-16 0.3667
1.0047e-15 0.3677
8.1314e-16 0.2877
0.0000e+00 1.0000
5.0353e-16 0.3134
3.5282e-16 0.4321
7.4587e-16 0.3292
1.2617e-15 0.3227
1.1281e-15 0.3113
1.3917e-15 0.3622
1.5436e-15 0.4241
1.5566e-15 0.4824
6.1236e-16 0.3101
1.2515e-15 0.4633
7.2905e-16 0.3407
1.0740e-15 0.2928
2.6161e-15 0.3607
4.1984e-15 0.2403
1.5198e-14 0.1798
4.3096e-14 0.1057
2.1389e-14 0.1455
6.4260e-16 0.3017
6.8169e-16 0.2602
1.5554e-15 0.3329
1.4176e-15 0.2508
6.9673e-15 0.2158
3.5321e-13 0.0424
1.9729e-12 0.0195
3.1286e-12 0.0157
1.9953e-12 0.0195
0.0000e+00 1.0000
1.1013e-15 0.2940
9.0211e-16 0.2429
3.2765e-15 0.2594
3.5478e-13 0.0421
4.9198e-12 0.0130
1.5399e-11 0.0075
2.1905e-11 0.0062
1.5312e-11 0.0075
3.7715e-16 0.3751
8.8086e-16 0.3137
1.3633e-15 0.3555
2.2850e-14 0.1481
1.9104e-12 0.0197
1.5102e-11 0.0075
6.0195e-11 0.0036
1.5208e-10 0.0020
6.0317e-11 0.0036
1.0336e-15 0.3282
1.4455e-15 0.3403
1.7592e-15 0.2279
4.1730e-14 0.1092
3.1254e-12 0.0158
2.1839e-11 0.0062
1.5237e-10 0.0020
6.8653e-10 0.0006
1.5154e-10 0.0020
1.0453e-15 0.2586
1.8030e-15 0.3600
2.1277e-15 0.2644
2.0165e-14 0.1420
1.9483e-12 0.0198
1.5173e-11 0.0075
6.0242e-11 0.0036
1.5154e-10 0.0020
5.9854e-11 0.0036
0.0000e+00 1.0000
2.4411e-15 0.3690
2.9489e-15 0.2821
5.0144e-15 0.2315
3.5744e-13 0.0424
4.8174e-12 0.0130
1.5031e-11 0.0076
2.1964e-11 0.0062
1.5231e-11 0.0075
5.9270e-16 0.4537
7.0546e-16 0.3556
0.0000e+00 1.0000
1.5169e-15 0.4475
9.8398e-16 0.3251
1.3673e-15 0.3702
2.3956e-15 0.3450
2.1260e-15 0.2622
7.8364e-16 0.2783
3.7669e-16 0.3850
1.0498e-15 0.3984
1.0991e-15 0.4237
1.1473e-15 0.2988
1.1107e-15 0.2577
1.4912e-15 0.2642
2.3535e-15 0.3301
2.8876e-15 0.2921
2.4146e-15 0.2734
4.2285e-16 0.3441
5.6125e-16 0.4784
6.8662e-16 0.3053
1.1036e-15 0.2502
2.7282e-15 0.3141
2.0055e-15 0.2588
1.2233e-14 0.1825
2.7999e-14 0.1281
1.3646e-14 0.1729
5.8349e-16 0.2991
6.3738e-16 0.3110
0.0000e+00 1.0000
3.6038e-15 0.4394
4.6268e-15 0.2096
2.8468e-13 0.0466
1.9167e-12 0.0191
3.4550e-12 0.0146
2.0003e-12 0.0187
8.1032e-16 0.3112
1.2096e-15 0.3890
2.2859e-15 0.2634
3.7491e-15 0.2375
2.8572e-13 0.0450
5.5307e-12 0.0119
2.0892e-11 0.0064
3.1354e-11 0.0051
2.0785e-11 0.0064
5.0189e-16 0.3670
1.1702e-15 0.3793
2.1839e-15 0.2373
1.2149e-14 0.1725
2.0587e-12 0.0186
2.0900e-11 0.0063
8.2223e-11 0.0030
1.6494e-10 0.0019
8.1947e-11 0.0030
1.5478e-15 0.4321
1.5514e-15 0.3901
2.1408e-15 0.2610
2.4125e-14 0.1300
3.4968e-12 0.0146
3.1268e-11 0.0051
1.6531e-10 0.0019
4.4618e-10 0.0009
1.6418e-10 0.0019
7.1648e-16 0.3050
1.1333e-15 0.3210
1.0645e-15 0.2384
1.6028e-14 0.1662
1.9964e-12 0.0188
2.0844e-11 0.0064
8.2297e-11 0.0030
1.6426e-10 0.0019
8.1667e-11 0.0030
0.0000e+00 1.0000
1.3308e-15 0.3577
3.0699e-15 0.3714
3.7653e-15 0.2687
3.2103e-13 0.0438
5.6611e-12 0.0118
2.0742e-11 0.0064
3.1298e-11 0.0051
2.0802e-11 0.0064
6.5980e-16 0.4663
0.0000e+00 1.0000
6.1618e-16 0.4993
1.3174e-15 0.3510
6.4569e-16 0.3371
1.0534e-15 0.3175
6.9871e-16 0.3429
1.1691e-15 0.3464
1.8205e-15 0.4012
6.5094e-16 0.4276
7.9260e-16 0.2951
1.4722e-15 0.4614
2.3575e-15 0.4609
1.7511e-15 0.2740
1.6166e-15 0.2975
2.9992e-15 0.3156
2.6068e-15 0.2912
4.3955e-15 0.2856
0.0000e+00 1.0000
3.1772e-16 0.3853
0.0000e+00 1.0000
2.2103e-15 0.4593
3.2770e-15 0.4486
2.3938e-15 0.2340
6.0133e-15 0.1993
7.7978e-15 0.1995
5.9034e-15 0.2094
8.5278e-16 0.4154
1.6250e-15 0.4660
1.6332e-15 0.3701
3.5584e-15 0.3336
5.8929e-15 0.2262
1.6022e-13 0.0580
1.4903e-12 0.0209
2.6854e-12 0.0159
1.4652e-12 0.0211
9.2813e-16 0.3061
1.1832e-15 0.3078
1.6059e-15 0.3571
2.3244e-15 0.2082
1.6323e-13 0.0575
4.8552e-12 0.0123
2.1964e-11 0.0061
3.4213e-11 0.0049
2.1982e-11 0.0061
1.2312e-15 0.4829
1.0282e-15 0.2979
2.3275e-15 0.3051
4.8062e-15 0.2366
1.5074e-12 0.0209
2.2230e-11 0.0060
8.6331e-11 0.0029
1.4852e-10 0.0021
8.6559e-11 0.0029
6.1742e-16 0.3889
1.2746e-15 0.2831
1.7758e-15 0.1918
1.0007e-14 0.1808
2.7291e-12 0.0157
3.4687e-11 0.0048
1.4931e-10 0.0021
2.9438e-10 0.0013
1.4874e-10 0.0021
1.1373e-15 0.3110
1.6315e-15 0.2433
1.8827e-15 0.2479
6.4399e-15 0.2271
1.4950e-12 0.0209
2.2137e-11 0.0061
8.6503e-11 0.0029
1.4852e-10 0.0021
8.5586e-11 0.0030
1.2092e-15 0.3998
2.1751e-15 0.4245
4.9354e-15 0.3477
3.6111e-15 0.2825
1.7003e-13 0.0547
5.0065e-12 0.0122
2.1882e-11 0.0061
3.4399e-11 0.0048
2.1983e-11 0.0061
3.1443e-16 0.3916
5.2057e-16 0.3584
0.0000e+00 1.0000
2.0158e-15 0.4871
2.1132e-15 0.3650
2.3718e-15 0.3599
2.4008e-15 0.4275
1.8995e-15 0.3748
1.4403e-15 0.3178
0.0000e+00 1.0000
7.9797e-16 0.3477
7.0611e-16 0.4011
1.3340e-15 0.4932
1.9177e-15 0.3016
4.0084e-15 0.3237
2.9285e-15 0.2436
2.7642e-15 0.3717
3.2932e-15 0.4274
0.0000e+00 1.0000
0.0000e+00 1.0000
0.0000e+00 1.0000
3.0055e-15 0.4021
2.7011e-15 0.3720
4.5316e-15 0.2791
5.7952e-15 0.2319
6.8222e-15 0.2350
5.5387e-15 0.2714
1.1954e-15 0.3187
2.0206e-15 0.3402
0.0000e+00 1.0000
2.9573e-15 0.2952
5.0192e-15 0.2315
4.6588e-14 0.0953
6.7312e-13 0.0293
1.4590e-12 0.0204
6.8416e-13 0.0290
9.2244e-16 0.3271
1.5985e-15 0.2621
1.5165e-15 0.2089
4.2482e-15 0.3589
5.3849e-14 0.0930
2.8391e-12 0.0152
1.7073e-11 0.0067
2.8315e-11 0.0052
1.7043e-11 0.0067
7.6620e-16 0.3328
1.3540e-15 0.2940
1.7709e-15 0.2086
4.9109e-15 0.2143
6.3632e-13 0.0302
1.7232e-11 0.0066
7.3876e-11 0.0032
1.1836e-10 0.0024
7.3385e-11 0.0032
1.3624e-15 0.2845
1.9921e-15 0.2691
2.3068e-15 0.2535
5.3578e-15 0.2040
1.4157e-12 0.0208
2.8383e-11 0.0052
1.1833e-10 0.0024
1.9855e-10 0.0017
1.1832e-10 0.0024
1.2896e-15 0.3102
2.0197e-15 0.2563
2.0033e-15 0.2952
4.3898e-15 0.2013
6.7940e-13 0.0293
1.6985e-11 0.0067
7.3470e-11 0.0032
1.1839e-10 0.0024
7.3422e-11 0.0032
8.3902e-16 0.4165
1.7065e-15 0.3433
2.9179e-15 0.2800
3.2589e-15 0.1845
5.2689e-14 0.0910
2.9180e-12 0.0150
1.7112e-11 0.0067
2.8448e-11 0.0052
1.7156e-11 0.0066
7.3873e-16 0.4585
0.0000e+00 1.0000
2.2626e-15 0.4747
5.6137e-16 0.3650
1.3280e-15 0.4850
9.9932e-16 0.2573
1.6141e-15 0.3022
1.7478e-15 0.3400
2.8594e-15 0.3398
0.0000e+00 1.0000
1.0511e-15 0.3777
9.9376e-16 0.3038
1.5516e-15 0.3884
1.8245e-15 0.2140
5.1091e-15 0.2790
2.7562e-15 0.4248
5.6429e-15 0.3017
2.1550e-15 0.2186
1.0905e-15 0.2519
2.3390e-15 0.4167
2.0464e-15 0.3816
1.5491e-15 0.2540
3.8901e-15 0.2564
4.5970e-15 0.1864
6.1564e-15 0.1937
4.9854e-15 0.2192
4.2542e-15 0.2257
7.6229e-16 0.2918
8.6794e-16 0.3819
2.2601e-15 0.3419
3.7012e-15 0.2856
5.0376e-15 0.2378
1.4400e-14 0.1607
1.4690e-13 0.0566
3.9346e-13 0.0362
1.5340e-13 0.0553
1.2003e-15 0.4615
1.4737e-15 0.2691
2.8846e-15 0.2337
4.5889e-15 0.2285
1.2083e-14 0.1881
9.8439e-13 0.0240
8.5253e-12 0.0089
1.6160e-11 0.0066
8.6120e-12 0.0089
1.1825e-15 0.4483
2.3209e-15 0.3663
3.4142e-15 0.2475
5.9278e-15 0.2214
1.4126e-13 0.0566
8.7281e-12 0.0088
4.8504e-11 0.0039
7.9391e-11 0.0030
4.8019e-11 0.0039
7.1311e-16 0.2708
1.8475e-15 0.2338
2.2629e-15 0.1841
4.7210e-15 0.1780
3.7634e-13 0.0375
1.5954e-11 0.0066
7.9305e-11 0.0030
1.2902e-10 0.0023
7.9526e-11 0.0030
6.3818e-16 0.2759
2.0674e-15 0.2754
2.4118e-15 0.2728
7.7433e-15 0.2265
1.5374e-13 0.0554
8.5758e-12 0.0089
4.8523e-11 0.0039
7.9117e-11 0.0030
4.8179e-11 0.0039
2.3750e-15 0.4349
1.1042e-15 0.3492
9.6749e-16 0.2505
4.3420e-15 0.2191
1.1757e-14 0.1553
9.8008e-13 0.0242
8.5923e-12 0.0089
1.6133e-11 0.0066
8.5488e-12 0.0089
2.1481e-15 0.4706
9.7477e-16 0.4960
1.5553e-15 0.3782
2.3965e-15 0.3602
1.9557e-15 0.3998
2.8050e-15 0.3082
1.1952e-15 0.3001
2.0978e-15 0.2435
4.2978e-15 0.3828
0.0000e+00 1.0000
2.1755e-15 0.4840
1.5187e-15 0.2898
0.0000e+00 1.0000
2.4138e-15 0.2334
3.3593e-15 0.2594
2.5579e-15 0.2111
3.9527e-15 0.2489
2.9669e-15 0.2113
1.5316e-15 0.4241
1.8665e-15 0.3148
2.7700e-15 0.2902
4.6929e-15 0.4290
4.9325e-15 0.2772
2.9452e-15 0.2024
5.0066e-15 0.1853
5.0146e-15 0.2359
3.6734e-15 0.1735
7.5411e-16 0.2962
1.0283e-15 0.2299
1.4493e-15 0.3049
3.3311e-15 0.2534
5.0417e-15 0.2328
1.0067e-14 0.1937
2.2142e-14 0.1231
4.3899e-14 0.0930
2.2706e-14 0.1188
9.4554e-16 0.4072
2.0762e-15 0.4011
3.3447e-15 0.2620
4.6152e-15 0.1889
6.9771e-15 0.1621
1.2841e-13 0.0579
2.3424e-12 0.0157
5.0605e-12 0.0110
2.2367e-12 0.0161
8.0106e-16 0.3486
1.4461e-15 0.3010
3.9646e-15 0.2172
3.8665e-15 0.2119
1.6894e-14 0.1240
2.2980e-12 0.0158
2.0735e-11 0.0057
3.7791e-11 0.0043
2.0577e-11 0.0057
2.2426e-15 0.2327
1.3896e-15 0.2054
3.2737e-15 0.3112
6.3672e-15 0.2168
3.9763e-14 0.0961
4.9248e-12 0.0112
3.7783e-11 0.0043
6.6310e-11 0.0032
3.7779e-11 0.0043
5.4876e-16 0.3094
1.4321e-15 0.3544
3.5513e-15 0.3082
7.8899e-15 0.2478
2.2214e-14 0.1185
2.2506e-12 0.0160
2.0671e-11 0.0057
3.7778e-11 0.0043
2.0623e-11 0.0057
1.1289e-15 0.4531
1.4524e-15 0.3579
1.3467e-15 0.2213
5.6805e-15 0.3503
6.8897e-15 0.1891
1.4142e-13 0.0547
2.2820e-12 0.0159
5.0430e-12 0.0110
2.2713e-12 0.0160
0.0000e+00 1.0000
1.5174e-15 0.3491
6.2653e-16 0.3365
0.0000e+00 1.0000
1.5522e-15 0.3323
2.7908e-15 0.3390
2.2099e-15 0.2155
2.6277e-15 0.4160
1.9552e-15 0.2306
0.0000e+00 1.0000
2.2641e-15 0.3190
2.0327e-15 0.4094
1.3936e-15 0.3058
1.9947e-15 0.3176
2.4461e-15 0.4656
3.7553e-15 0.2552
3.4017e-15 0.2700
2.8192e-15 0.2794
5.0464e-16 0.3721
1.9301e-15 0.4277
2.2057e-15 0.3503
3.3139e-15 0.2928
2.0082e-15 0.2554
3.5382e-15 0.2365
5.3106e-15 0.2405
4.7430e-15 0.2156
5.7031e-15 0.2704
0.0000e+00 1.0000
1.1575e-15 0.3118
1.4142e-15 0.2506
5.4030e-15 0.3180
4.7888e-15 0.2123
8.7859e-15 0.1892
1.0716e-14 0.1412
1.1447e-14 0.1578
1.4722e-14 0.1834
5.5297e-16 0.3121
1.9972e-15 0.3057
2.5335e-15 0.3939
4.8734e-15 0.2154
6.9536e-15 0.1602
1.5485e-14 0.1275
2.2179e-13 0.0438
5.9370e-13 0.0279
2.1243e-13 0.0455
8.7187e-16 0.2865
2.1680e-15 0.2693
4.3023e-15 0.2405
7.0852e-15 0.2138
7.6327e-15 0.1416
2.1865e-13 0.0437
3.9746e-12 0.0119
8.9962e-12 0.0082
4.0019e-12 0.0119
1.5029e-15 0.2317
1.3990e-15 0.2463
3.4162e-15 0.2425
4.2045e-15 0.2274
1.1305e-14 0.1641
5.8965e-13 0.0282
9.0516e-12 0.0082
1.9449e-11 0.0057
9.1280e-12 0.0081
1.0430e-15 0.2686
1.3333e-15 0.3538
3.4611e-15 0.4694
5.7761e-15 0.2280
1.3829e-14 0.1285
2.1735e-13 0.0447
3.9579e-12 0.0119
9.0521e-12 0.0082
3.9149e-12 0.0120
1.6863e-15 0.4865
1.1920e-15 0.2821
2.5088e-15 0.3043
6.2216e-15 0.2035
5.4808e-15 0.2138
2.0831e-14 0.1187
2.1610e-13 0.0442
5.9450e-13 0.0283
2.1969e-13 0.0446
2.1223e-15 0.4322
1.4264e-15 0.4674
8.1267e-16 0.4051
1.0271e-15 0.3441
1.4883e-15 0.3430
2.1832e-15 0.3204
2.0737e-15 0.2668
1.6806e-15 0.2661
2.3069e-15 0.3315
1.0059e-15 0.2982
0.0000e+00 1.0000
1.9449e-15 0.3186
3.0375e-15 0.3364
1.4091e-15 0.2557
3.0718e-15 0.2749
2.9008e-15 0.2851
2.3100e-15 0.1962
3.2722e-15 0.2810
9.0718e-16 0.3657
1.0770e-15 0.2449
2.5593e-15 0.3714
1.7171e-15 0.2790
2.6180e-15 0.2292
4.5784e-15 0.2477
7.7887e-15 0.2093
6.9274e-15 0.2218
5.0781e-15 0.2191
1.2778e-15 0.3611
7.4495e-16 0.2529
2.1113e-15 0.2471
4.4485e-15 0.3278
6.7653e-15 0.2119
9.3952e-15 0.1892
1.1607e-14 0.1711
1.0142e-14 0.1343
1.0149e-14 0.1681
7.4012e-16 0.2380
3.9242e-15 0.3677
1.7080e-15 0.2102
6.2738e-15 0.2466
6.6223e-15 0.2117
1.3605e-14 0.1556
2.7702e-14 0.1157
3.8624e-14 0.0949
2.5847e-14 0.0985
5.7993e-16 0.4241
1.9968e-15 0.2641
4.0132e-15 0.2094
7.5912e-15 0.2366
9.2096e-15 0.1600
2.5702e-14 0.1013
2.2057e-13 0.0429
6.1830e-13 0.0270
2.1111e-13 0.0429
5.6531e-16 0.4107
0.0000e+00 1.0000
3.1816e-15 0.3349
4.7885e-15 0.2358
1.2514e-14 0.1543
4.5359e-14 0.0902
5.8468e-13 0.0271
1.7008e-12 0.0168
6.1192e-13 0.0270
1.0268e-15 0.4312
1.2633e-15 0.2607
3.6461e-15 0.2554
6.9463e-15 0.1891
1.1518e-14 0.1514
2.3590e-14 0.1038
2.1396e-13 0.0433
6.1849e-13 0.0265
2.1202e-13 0.0431
1.5322e-15 0.2779
2.5700e-15 0.3337
3.5073e-15 0.2763
6.1433e-15 0.2390
7.8740e-15 0.1584
1.8128e-14 0.1447
2.3801e-14 0.1190
3.3241e-14 0.0891
2.4426e-14 0.1232
7.7970e-16 0.4064
1.3766e-15 0.4123
9.5880e-16 0.3790
2.5346e-15 0.3043
8.3607e-16 0.3817
3.2889e-15 0.4046
1.7772e-15 0.4100
1.8732e-15 0.3958
1.3226e-15 0.2637
3.3950e-16 0.4441
1.3039e-15 0.4101
2.2523e-15 0.3613
1.3491e-15 0.2669
2.3344e-15 0.3184
2.9588e-15 0.2646
4.0025e-15 0.3227
3.0264e-15 0.3764
4.0755e-15 0.2486
1.1113e-15 0.3578
2.2041e-15 0.2598
2.6342e-15 0.3528
2.0795e-15 0.2322
3.9838e-15 0.2553
5.9729e-15 0.2114
8.3272e-15 0.2203
8.9317e-15 0.2112
5.7200e-15 0.2306
1.5205e-15 0.3582
1.5523e-15 0.4134
3.2083e-15 0.3752
3.6039e-15 0.2338
5.1183e-15 0.1783
6.9904e-15 0.2131
9.7679e-15 0.1306
1.3088e-14 0.1566
9.7353e-15 0.1372
2.7248e-15 0.3474
1.8205e-15 0.2223
4.5719e-15 0.3773
5.6060e-15 0.2727
6.1946e-15 0.1792
1.1937e-14 0.1434
1.8982e-14 0.1216
2.6524e-14 0.1172
2.8379e-14 0.1181
1.3779e-15 0.3774
2.4084e-15 0.2710
3.5037e-15 0.2560
4.6548e-15 0.2772
1.1410e-14 0.1303
2.4426e-14 0.1278
4.5937e-14 0.0826
6.6664e-14 0.0744
4.6854e-14 0.0868
2.4964e-15 0.4713
2.9658e-15 0.2440
3.3526e-15 0.2539
6.0477e-15 0.1790
9.9370e-15 0.1454
2.7835e-14 0.1118
6.9003e-14 0.0690
1.1573e-13 0.0571
6.9397e-14 0.0736
8.8818e-16 0.2883
2.8559e-15 0.2950
2.2156e-15 0.4014
7.5769e-15 0.1927
1.3502e-14 0.1518
2.2573e-14 0.1168
4.7932e-14 0.0902
6.8550e-14 0.0776
4.3155e-14 0.0929
2.5494e-15 0.3680
2.4978e-15 0.4381
2.8548e-15 0.2813
4.9095e-15 0.2121
8.6506e-15 0.1604
1.3979e-14 0.1539
2.3357e-14 0.1114
2.6371e-14 0.1088
2.4363e-14 0.1165
5.7806e-16 0.3822
1.4651e-15 0.4068
1.4329e-15 0.2679
9.4359e-16 0.4147
2.0678e-15 0.2932
1.2744e-15 0.2366
0.0000e+00 1.0000
3.1357e-15 0.3947
2.5872e-15 0.3116
4.0677e-16 0.2956
2.3492e-15 0.3708
2.2409e-15 0.3238
1.7747e-15 0.3678
3.1421e-15 0.3751
3.1154e-15 0.2511
4.8998e-15 0.3378
2.5854e-15 0.2228
4.0806e-15 0.2524
1.5103e-15 0.3567
2.1734e-15 0.3010
3.2630e-15 0.3061
3.2181e-15 0.2792
5.5541e-15 0.3123
7.2766e-15 0.2759
5.5990e-15 0.1888
7.7769e-15 0.2047
6.1478e-15 0.2744
1.2310e-15 0.2687
1.0956e-15 0.2887
2.5964e-15 0.3075
3.1072e-15 0.2336
3.9545e-15 0.2180
8.4213e-15 0.2060
8.0670e-15 0.1790
1.2784e-14 0.1591
1.4749e-14 0.1954
1.7328e-15 0.3926
2.0120e-15 0.2839
3.2613e-15 0.3014
4.3385e-15 0.1836
6.3404e-15 0.1580
1.6124e-14 0.1655
2.1304e-14 0.1356
2.6970e-14 0.1186
2.5512e-14 0.1176
1.4316e-15 0.3416
1.5755e-15 0.2651
3.6457e-15 0.3439
5.2952e-15 0.1974
1.1825e-14 0.1335
1.9740e-14 0.1192
3.8378e-14 0.1021
5.5012e-14 0.0779
3.8333e-14 0.0953
1.2269e-15 0.3198
1.4082e-15 0.2737
2.5829e-15 0.2045
5.5894e-15 0.2095
1.1141e-14 0.1522
2.3776e-14 0.1195
5.4484e-14 0.0754
8.1937e-14 0.0689
5.1188e-14 0.0831
1.0099e-15 0.3202
3.3870e-15 0.2722
3.7018e-15 0.2950
6.7826e-15 0.1978
1.0943e-14 0.1467
1.6022e-14 0.1207
4.0862e-14 0.0924
5.5638e-14 0.0884
3.3970e-14 0.1040
2.7835e-15 0.4920
3.1322e-15 0.4259
5.3922e-15 0.2598
6.3565e-15 0.2358
9.8032e-15 0.1746
1.2279e-14 0.1587
2.5421e-14 0.1190
2.6502e-14 0.1212
1.9403e-14 0.1166
1.0132e-15 0.3544
7.8076e-16 0.2865
2.3587e-15 0.3611
5.2072e-16 0.2636
2.1796e-15 0.3468
9.7931e-16 0.3284
1.8418e-15 0.4675
1.4906e-15 0.2455
4.2710e-15 0.2702
1.8056e-15 0.3311
2.1000e-15 0.3987
9.5282e-16 0.3511
1.6900e-15 0.2974
2.8895e-15 0.4836
3.3610e-15 0.2600
4.4674e-15 0.2436
2.6816e-15 0.2035
5.5150e-15 0.2444
1.0288e-15 0.2883
3.9576e-15 0.3798
3.4477e-15 0.3798
4.2568e-15 0.3579
4.6871e-15 0.2440
3.9853e-15 0.2075
4.0452e-15 0.2288
8.2380e-15 0.2162
5.9731e-15 0.2968
8.0063e-16 0.2344
1.3329e-15 0.3215
2.1591e-15 0.2708
3.9513e-15 0.2708
4.0044e-15 0.2052
9.4492e-15 0.1869
7.4620e-15 0.1820
1.2468e-14 0.1692
1.5389e-14 0.1663
1.0094e-15 0.4178
3.8696e-15 0.3651
2.9113e-15 0.2676
5.9665e-15 0.1763
7.6517e-15 0.1869
1.1287e-14 0.1364
2.1331e-14 0.1241
2.7461e-14 0.1188
2.3982e-14 0.1303
1.0917e-15 0.2740
1.8073e-15 0.2253
3.9400e-15 0.2578
6.3173e-15 0.1948
1.1769e-14 0.1656
1.9952e-14 0.1379
3.9127e-14 0.1028
5.4666e-14 0.0935
3.4596e-14 0.0909
1.1673e-15 0.3435
2.4541e-15 0.3677
3.7817e-15 0.2184
6.6779e-15 0.2191
9.5161e-15 0.1501
2.6149e-14 0.1217
4.4068e-14 0.0934
7.6486e-14 0.0729
4.6786e-14 0.0869
1.9752e-15 0.3457
1.7561e-15 0.4594
4.0762e-15 0.2119
9.1799e-15 0.2007
9.9615e-15 0.1562
1.7837e-14 0.1327
3.5129e-14 0.0994
4.5817e-14 0.0871
3.2615e-14 0.1073
1.5997e-15 0.3438
2.6147e-15 0.3542
3.5758e-15 0.2998
5.3852e-15 0.2370
1.0423e-14 0.1585
1.3052e-14 0.1511
1.7688e-14 0.1300
2.0863e-14 0.1416
2.0634e-14 0.1353
4.9784e-16 0.3199
0.0000e+00 1.0000
1.5618e-15 0.3485
1.3285e-15 0.3893
2.0619e-15 0.3435
2.1544e-15 0.3520
3.5313e-15 0.3469
2.8414e-15 0.2727
3.9607e-15 0.2639
3.1217e-15 0.3621
1.7040e-15 0.3994
0.0000e+00 1.0000
2.4438e-15 0.2802
1.9500e-15 0.2725
2.6717e-15 0.2340
4.9787e-15 0.2871
3.6340e-15 0.2596
6.0220e-15 0.2989
1.2995e-15 0.4279
3.1225e-15 0.4828
1.9888e-15 0.3625
1.9601e-15 0.2735
3.0156e-15 0.2892
6.0117e-15 0.2422
6.4498e-15 0.2531
6.7807e-15 0.1941
5.1972e-15 0.2046
4.8315e-16 0.3184
2.0825e-15 0.3758
2.7236e-15 0.2486
3.4902e-15 0.3630
3.9784e-15 0.2128
8.3996e-15 0.2714
6.8539e-15 0.1630
1.2202e-14 0.1655
1.1674e-14 0.1637
1.0631e-15 0.4371
1.6249e-15 0.3725
4.1929e-15 0.2921
4.0479e-15 0.1815
7.3337e-15 0.2099
1.4365e-14 0.1697
1.8476e-14 0.1426
1.9238e-14 0.1210
1.7445e-14 0.1285
1.2984e-15 0.3815
2.0488e-15 0.3340
2.4398e-15 0.2626
4.6154e-15 0.2304
1.1493e-14 0.1978
2.3088e-14 0.1286
3.2239e-14 0.1113
4.5052e-14 0.0949
3.4560e-14 0.1164
1.2406e-15 0.3498
1.2690e-15 0.4559
4.4037e-15 0.2360
4.3420e-15 0.2380
1.1129e-14 0.1704
1.9472e-14 0.1111
4.4582e-14 0.0944
6.3049e-14 0.0774
5.0970e-14 0.0908
1.5044e-15 0.3092
1.8571e-15 0.2836
4.3139e-15 0.2712
7.4141e-15 0.1779
8.0239e-15 0.1952
1.6678e-14 0.1291
3.0995e-14 0.1040
4.6557e-14 0.0890
2.8189e-14 0.1067
1.6156e-15 0.3609
3.1436e-15 0.3180
3.3251e-15 0.3162
4.8820e-15 0.2457
9.7200e-15 0.1826
1.1706e-14 0.1888
2.1492e-14 0.1312
2.0918e-14 0.1269
2.1620e-14 0.1403
1.3826e-15 0.3809
1.0577e-15 0.3327
9.6681e-16 0.3048
1.7401e-15 0.4167
2.1221e-15 0.3538
2.0297e-15 0.3000
1.9179e-15 0.2647
2.5844e-15 0.2439
2.1405e-15 0.4173
2.3529e-15 0.3715
1.2664e-15 0.3688
1.5094e-15 0.3626
2.7135e-15 0.3177
3.4019e-15 0.3352
6.1793e-15 0.2596
4.3027e-15 0.3028
2.8627e-15 0.1994
3.4373e-15 0.2917
1.2879e-15 0.3160
1.2334e-15 0.3603
1.7268e-15 0.2714
2.2634e-15 0.2726
2.7524e-15 0.3231
4.7828e-15 0.2627
5.8087e-15 0.1757
6.9726e-15 0.2125
5.3161e-15 0.1839
2.0020e-15 0.3304
4.4507e-15 0.3158
2.7181e-15 0.2607
3.8890e-15 0.2572
7.2007e-15 0.2409
5.9869e-15 0.2405
1.0842e-14 0.2127
1.2880e-14 0.1590
1.2342e-14 0.1512
1.6029e-15 0.3133
1.8023e-15 0.2866
3.6323e-15 0.2829
4.2630e-15 0.2089
7.9159e-15 0.1748
1.1267e-14 0.1695
1.5805e-14 0.1433
2.5198e-14 0.1377
1.7345e-14 0.1277
1.3605e-15 0.3787
2.8480e-15 0.4216
2.6694e-15 0.2594
4.9104e-15 0.2092
1.2262e-14 0.1617
2.2118e-14 0.1430
2.9297e-14 0.1111
4.1607e-14 0.1094
2.9494e-14 0.1189
1.9430e-15 0.3331
2.0671e-15 0.3920
4.5503e-15 0.2751
4.9025e-15 0.2421
1.0481e-14 0.1890
2.2697e-14 0.1399
3.7953e-14 0.1045
5.0327e-14 0.0848
3.9070e-14 0.0994
7.8691e-16 0.2655
2.9746e-15 0.2468
4.8470e-15 0.2879
4.4042e-15 0.2243
7.4346e-15 0.1769
1.5112e-14 0.1183
2.6450e-14 0.1071
4.2079e-14 0.0993
3.2435e-14 0.1246
2.0540e-15 0.4419
3.4121e-15 0.2923
2.6260e-15 0.2720
5.7175e-15 0.2006
7.2216e-15 0.1895
1.1864e-14 0.1660
1.7533e-14 0.1281
2.3124e-14 0.1307
1.4149e-14 0.1512
5.3514e-16 0.3733
1.3484e-15 0.4953
1.7808e-15 0.4884
0.0000e+00 1.0000
1.6592e-15 0.3081
2.8035e-15 0.3836
2.9775e-15 0.3133
3.6442e-15 0.2734
1.9556e-15 0.2974
3.2224e-15 0.4059
1.0990e-15 0.3043
1.5181e-15 0.2996
3.4502e-15 0.4231
3.3743e-15 0.3158
2.6719e-15 0.4275
3.6072e-15 0.2745
3.8424e-15 0.2079
3.6036e-15 0.3863
1.4923e-15 0.3757
1.5152e-15 0.4160
1.8537e-15 0.2795
1.8707e-15 0.2822
3.1321e-15 0.2760
4.4270e-15 0.2562
5.2991e-15 0.2009
6.6597e-15 0.2054
5.4079e-15 0.1880
2.4561e-15 0.3751
2.0979e-15 0.3260
3.2275e-15 0.2764
3.8271e-15 0.2604
2.5771e-15 0.2165
6.9751e-15 0.2142
8.0428e-15 0.2154
1.1055e-14 0.1620
9.8666e-15 0.1722
1.2492e-15 0.2854
2.2599e-15 0.3474
3.7078e-15 0.2156
4.5793e-15 0.2592
8.3651e-15 0.2133
1.2140e-14 0.1670
1.7261e-14 0.1653
2.1335e-14 0.1491
1.9953e-14 0.1479
1.4309e-15 0.2977
2.3942e-15 0.3269
3.1809e-15 0.3264
6.1447e-15 0.2518
9.6357e-15 0.1514
1.8213e-14 0.1257
2.6682e-14 0.1172
3.9152e-14 0.1026
2.9410e-14 0.1211
1.7954e-15 0.2933
3.2255e-15 0.2853
2.6065e-15 0.2157
2.8118e-15 0.1664
8.0442e-15 0.1737
2.5874e-14 0.1328
3.5570e-14 0.1068
4.6239e-14 0.0940
3.4658e-14 0.1089
2.4804e-15 0.4212
2.3867e-15 0.2771
4.3965e-15 0.2813
9.0642e-15 0.2496
8.0246e-15 0.1758
1.7361e-14 0.1365
2.5128e-14 0.1153
3.2208e-14 0.1055
2.0412e-14 0.1255
3.5677e-15 0.4027
2.8649e-15 0.3424
3.0063e-15 0.2406
6.1368e-15 0.2376
7.4620e-15 0.1653
1.0774e-14 0.1650
1.6853e-14 0.1376
2.0339e-14 0.1592
1.2972e-14 0.1393
5.5478e-16 0.3393
5.4225e-16 0.4093
1.3075e-15 0.2915
3.1523e-15 0.3947
1.4015e-15 0.4750
1.0170e-15 0.3529
2.7996e-15 0.3281
2.6733e-15 0.2876
3.0639e-15 0.3172
0.0000e+00 1.0000
0.0000e+00 1.0000
2.3577e-15 0.2981
1.7930e-15 0.4057
3.2603e-15 0.3597
3.4451e-15 0.2601
2.4818e-15 0.1799
4.3626e-15 0.2497
3.3924e-15 0.2380
8.7735e-16 0.3021
1.8193e-15 0.3319
1.2561e-15 0.3366
3.4733e-15 0.3036
3.1355e-15 0.4285
4.4767e-15 0.2314
5.1926e-15 0.2267
5.5295e-15 0.2598
7.1615e-15 0.2808
1.3548e-15 0.2978
3.1871e-15 0.2920
2.6395e-15 0.2330
2.8114e-15 0.2791
6.0271e-15 0.2669
8.1689e-15 0.2165
1.1047e-14 0.2014
9.0045e-15 0.1879
1.0323e-14 0.1632
1.1680e-15 0.3014
3.0559e-15 0.2474
2.2160e-15 0.2185
5.0923e-15 0.1980
8.7239e-15 0.2140
1.1727e-14 0.1827
1.4313e-14 0.1385
2.2676e-14 0.1410
1.6873e-14 0.1512
2.2427e-15 0.4803
2.8762e-15 0.4232
2.5908e-15 0.1992
5.1280e-15 0.1813
9.2311e-15 0.1805
1.7319e-14 0.1378
2.1188e-14 0.1135
3.4713e-14 0.1225
2.5349e-14 0.1115
2.9037e-15 0.4554
3.7273e-15 0.2923
3.8114e-15 0.3556
5.1906e-15 0.1852
8.6506e-15 0.1769
2.1413e-14 0.1471
3.0237e-14 0.1172
4.2070e-14 0.0911
2.9887e-14 0.1143
1.6694e-15 0.2905
2.5807e-15 0.2683
6.2305e-15 0.2246
6.9731e-15 0.1782
7.8416e-15 0.1836
1.2879e-14 0.1318
2.3945e-14 0.1304
3.4420e-14 0.1104
2.1002e-14 0.1279
2.5234e-15 0.3513
2.8547e-15 0.3217
2.7750e-15 0.2072
5.1786e-15 0.2533
5.3900e-15 0.2085
1.3059e-14 0.1608
1.4877e-14 0.1510
1.8231e-14 0.1466
1.1827e-14 0.1550
6.2538e-16 0.4295
2.5458e-16 0.4430
1.6739e-15 0.3605
2.1772e-15 0.3385
2.4933e-15 0.3660
1.5496e-15 0.3793
2.7356e-15 0.3053
1.7454e-15 0.2374
2.4789e-15 0.2976
1.2286e-15 0.4223
9.9626e-16 0.3570
1.2248e-15 0.3931
2.8650e-15 0.4300
2.1002e-15 0.2615
5.4029e-15 0.2818
3.9012e-15 0.2953
3.5508e-15 0.2534
2.7411e-15 0.2029
1.0522e-15 0.2608
1.1116e-15 0.3439
1.4218e-15 0.2316
2.7621e-15 0.3665
2.9498e-15 0.2701
3.1604e-15 0.2729
3.7820e-15 0.2700
6.9225e-15 0.2553
8.2406e-15 0.2083
2.9104e-15 0.3918
2.6751e-15 0.3818
1.6719e-15 0.2650
1.5491e-15 0.2134
4.7547e-15 0.2277
1.0589e-14 0.2146
9.1707e-15 0.2020
1.0230e-14 0.1802
1.2670e-14 0.1848
1.2958e-15 0.2850
1.6927e-15 0.2689
2.6845e-15 0.2675
5.5111e-15 0.2532
6.5549e-15 0.2259
1.3826e-14 0.1902
1.3630e-14 0.1457
1.4847e-14 0.1536
1.8991e-14 0.1544
1.7449e-15 0.2983
1.5938e-15 0.2374
3.7252e-15 0.2265
6.8952e-15 0.2106
8.4889e-15 0.1770
1.6863e-14 0.1419
2.4199e-14 0.1263
2.9394e-14 0.1129
2.6923e-14 0.1386
1.5699e-15 0.3446
2.7376e-15 0.3738
2.5784e-15 0.2677
6.4135e-15 0.2569
7.8644e-15 0.2028
2.0182e-14 0.1451
2.2762e-14 0.1277
3.4762e-14 0.1115
3.4506e-14 0.1220
1.6397e-15 0.2972
4.4494e-15 0.3888
4.6541e-15 0.3349
5.4478e-15 0.2012
8.4922e-15 0.1885
1.2569e-14 0.1536
1.8183e-14 0.1347
3.0115e-14 0.1232
1.5377e-14 0.1355
1.2260e-15 0.2789
3.5343e-15 0.3421
2.9130e-15 0.2209
5.9781e-15 0.2297
6.7851e-15 0.1976
1.3809e-14 0.1681
1.5281e-14 0.1601
1.5389e-14 0.1558
1.5822e-14 0.1605
2.8579e-16 0.3904
6.5522e-16 0.3362
0.0000e+00 1.0000
1.1899e-15 0.3144
3.6713e-15 0.3481
2.4829e-15 0.3067
2.9195e-15 0.4052
3.3359e-15 0.3207
3.5693e-15 0.3368
1.2507e-15 0.3599
1.2887e-15 0.3611
1.7939e-15 0.3568
1.6101e-15 0.3628
1.8656e-15 0.2759
1.9749e-15 0.2718
1.8523e-15 0.2489
4.4234e-15 0.2972
2.3382e-15 0.2178
2.5493e-15 0.3601
2.4229e-15 0.3048
3.1204e-15 0.4745
1.5823e-15 0.2824
3.8745e-15 0.3354
4.8011e-15 0.2903
4.9935e-15 0.2319
6.4359e-15 0.3115
4.1672e-15 0.2101
1.6693e-15 0.3603
1.0394e-15 0.3133
2.2500e-15 0.2358
3.6531e-15 0.2613
5.7512e-15 0.1994
7.7889e-15 0.2180
6.2763e-15 0.2519
8.8964e-15 0.1886
8.2862e-15 0.2115
1.5670e-15 0.3909
3.2066e-15 0.3894
2.4819e-15 0.3224
4.4282e-15 0.2465
9.0866e-15 0.2048
1.2692e-14 0.1840
1.1687e-14 0.1709
1.6433e-14 0.1560
1.3396e-14 0.1667
1.2798e-15 0.2886
9.6870e-16 0.2483
3.1382e-15 0.2874
5.4129e-15 0.2248
8.1867e-15 0.2253
1.5868e-14 0.1598
1.8748e-14 0.1475
3.1770e-14 0.1190
2.3216e-14 0.1358
1.3185e-15 0.3755
1.5077e-15 0.3253
2.2750e-15 0.2268
4.7790e-15 0.2142
1.0753e-14 0.1930
2.0445e-14 0.1367
2.2897e-14 0.1266
3.7356e-14 0.1123
2.3203e-14 0.1255
2.0994e-15 0.2988
3.2352e-15 0.2972
4.2728e-15 0.2583
3.8159e-15 0.2341
6.9869e-15 0.2000
1.0994e-14 0.1637
1.7510e-14 0.1398
2.7603e-14 0.1234
1.9169e-14 0.1521
2.6318e-15 0.3657
2.6293e-15 0.3010
2.8198e-15 0.3310
4.8914e-15 0.2183
8.2113e-15 0.2206
1.2365e-14 0.1723
1.3224e-14 0.1667
1.7230e-14 0.1646
1.3320e-14 0.1470
